[48;2;0;0;0m                              [m
[48;2;0;0;0m    [48;2;1;24;89m[38;2;0;0;0m▀▀[48;2;0;0;0m [48;2;1;24;89m▀▀[48;2;231;231;231m[38;2;1;24;89m▀[48;2;255;255;255m▀▀▀▀▀[48;2;1;24;89m[38;2;0;0;0m▀▀[48;2;0;0;0m [48;2;1;24;89m▀▀[48;2;0;0;0m          [m
[48;2;0;0;0m   [48;2;1;24;89m [38;2;231;231;231m▀[48;2;231;231;231m [48;2;1;24;89m ▀▀▀▀[38;2;255;255;255m▀▀▀▀▀▀[48;2;255;255;255m[38;2;1;24;89m▀ [48;2;1;24;89m [48;2;0;0;0m          [m
[48;2;0;0;0m    [48;2;1;24;89m [38;2;231;231;231m▀▀[48;2;231;231;231m [38;2;255;255;255m▀▀▀▀▀▀▀▀▀[48;2;255;255;255m [48;2;1;24;89m [48;2;0;0;0m[38;2;1;24;89m▀          [m
[48;2;0;0;0m  [48;2;231;231;231m[38;2;0;0;0m▀[48;2;123;140;107m[38;2;231;231;231m▀[48;2;33;57;8m[38;2;123;140;107m▀[38;2;1;24;89m▀[48;2;255;107;247m▀▀▀▀▀▀▀▀▀▀[48;2;33;57;8m▀[48;2;123;140;107m▀[48;2;0;0;0m            [m
[48;2;0;0;0m [48;2;231;231;231m[38;2;0;0;0m▀[48;2;33;57;8m[38;2;231;231;231m▀ [48;2;255;107;247m[38;2;57;90;8m▀  [48;2;57;90;8m [48;2;33;57;8m [48;2;57;90;8m[38;2;255;107;247m▀▀[48;2;33;57;8m [48;2;123;140;107m[38;2;33;57;8m▀▀▀[48;2;33;57;8m   [48;2;231;231;231m [48;2;0;0;0m           [m
[48;2;231;231;231m[38;2;0;0;0m▀[48;2;33;57;8m[38;2;123;140;107m▀ [48;2;255;107;247m[38;2;57;90;8m▀   ▀[38;2;33;57;8m▀ [48;2;57;90;8m [48;2;33;57;8m [48;2;123;140;107m   [48;2;57;90;8m [48;2;33;57;8m  [38;2;123;140;107m▀[48;2;231;231;231m[38;2;0;0;0m▀[48;2;0;0;0m          [m
[48;2;33;57;8m[38;2;57;90;8m▀[48;2;57;90;8m[38;2;33;57;8m▀[48;2;255;107;247m        [48;2;57;90;8m [48;2;33;57;8m[38;2;57;90;8m▀[48;2;123;140;107m   [48;2;57;90;8m [48;2;33;57;8m▀[48;2;255;107;247m[38;2;33;57;8m▀[48;2;33;57;8m [48;2;123;140;107m[38;2;231;231;231m▀[48;2;231;231;231m[38;2;0;0;0m▀[48;2;0;0;0m         [m
[48;2;195;110;0m[38;2;0;0;0m▀[48;2;0;0;0m [48;2;255;107;247m▀        [48;2;33;57;8m [48;2;57;90;8m[38;2;123;140;107m▀[48;2;123;140;107m  [48;2;33;57;8m[38;2;57;90;8m▀[48;2;255;107;247m▀ [48;2;57;90;8m[38;2;33;57;8m▀[48;2;33;57;8m[38;2;57;90;8m▀[48;2;231;231;231m [48;2;0;0;0m         [m
[48;2;195;110;0m [48;2;0;0;0m [38;2;255;107;247m▀[48;2;255;107;247m        [38;2;33;57;8m▀[48;2;33;57;8m [38;2;57;90;8m▀  [48;2;255;107;247m  [48;2;0;0;0m[38;2;33;57;8m▀▀[38;2;231;231;231m▀         [m
[48;2;195;110;0m  [38;2;0;0;0m▀[48;2;0;0;0m [38;2;255;107;247m▀[48;2;57;90;8m▀[48;2;255;107;247m      [38;2;33;57;8m▀▀▀ [48;2;0;0;0m[38;2;255;107;247m▀[48;2;195;110;0m[38;2;0;0;0m▀          [48;2;160;90;0m[38;2;195;110;0m▀▀[m
[48;2;195;110;0m[38;2;0;0;0m▀▀▀▀▀▀▀▀▀▀▀▀▀▀▀▀▀▀▀▀▀▀▀▀▀▀▀[48;2;160;90;0m▀▀[48;2;52;139;228m▀[m
[48;2;0;0;0m[38;2;195;110;0m▀▀▀▀▀▀▀▀▀▀▀▀▀▀▀▀▀▀▀▀▀▀▀[38;2;160;90;0m▀▀▀[38;2;110;65;7m▀▀[38;2;58;142;229m▀[38;2;53;139;228m▀[m
