[48;2;0;0;0m              [48;2;1;24;89m[38;2;0;0;0m▀▀▀▀▀▀[48;2;0;0;0m          [m
[48;2;0;0;0m        [48;2;1;24;89m[38;2;0;0;0m▀[48;2;231;231;231m[38;2;1;24;89m▀▀[48;2;1;24;89m[38;2;0;0;0m▀[48;2;231;231;231m[38;2;1;24;89m▀▀ [38;2;255;255;255m▀[48;2;255;255;255m    [38;2;1;24;89m▀▀[48;2;1;24;89m[38;2;0;0;0m▀[48;2;255;255;255m[38;2;1;24;89m▀[48;2;1;24;89m [48;2;0;0;0m     [m
[48;2;0;0;0m        [38;2;1;24;89m▀[48;2;1;24;89m [48;2;231;231;231m ▀▀[48;2;255;255;255m▀▀▀▀▀▀▀▀▀ [48;2;1;24;89m[38;2;255;255;255m▀ [48;2;0;0;0m     [m
[48;2;0;0;0m         [48;2;231;231;231m[38;2;1;24;89m▀[48;2;1;24;89m  [38;2;231;231;231m▀▀▀▀▀▀▀▀▀▀[38;2;255;255;255m▀[48;2;0;0;0m[38;2;1;24;89m▀      [m
[48;2;0;0;0m       [48;2;231;231;231m[38;2;0;0;0m▀[48;2;33;57;8m[38;2;231;231;231m▀ [48;2;57;90;8m[38;2;33;57;8m▀[48;2;255;107;181m[38;2;57;90;8m▀ [48;2;33;57;8m  [48;2;255;107;181m [48;2;33;57;8m[38;2;255;107;181m▀[38;2;57;90;8m▀▀[48;2;57;90;8m [48;2;33;57;8m▀ [38;2;123;140;107m▀[48;2;231;231;231m[38;2;0;0;0m▀[48;2;0;0;0m      [m
[48;2;0;0;0m      [48;2;231;231;231m[38;2;0;0;0m▀[48;2;33;57;8m[38;2;123;140;107m▀ [48;2;255;107;181m[38;2;57;90;8m▀   [38;2;33;57;8m▀▀ [48;2;33;57;8m [48;2;123;140;107m    [48;2;33;57;8m  [38;2;231;231;231m▀[48;2;231;231;231m[38;2;0;0;0m▀[48;2;0;0;0m     [m
[48;2;0;0;0m     [48;2;231;231;231m[38;2;0;0;0m▀[48;2;33;57;8m[38;2;123;140;107m▀ [48;2;255;107;181m[38;2;57;90;8m▀       [48;2;33;57;8m [48;2;123;140;107m[38;2;74;132;0m▀   [48;2;33;57;8m [48;2;255;107;181m[38;2;57;90;8m▀[48;2;33;57;8m [38;2;231;231;231m▀[48;2;231;231;231m[38;2;0;0;0m▀[48;2;0;0;0m    [m
[48;2;0;0;0m   [48;2;231;231;231m[38;2;0;0;0m▀[48;2;33;57;8m[38;2;231;231;231m▀ [48;2;57;90;8m[38;2;33;57;8m▀[48;2;255;107;181m         [48;2;33;57;8m [48;2;57;90;8m[38;2;123;140;107m▀[48;2;123;140;107m  [48;2;66;123;0m▀[48;2;33;57;8m [48;2;255;107;181m [38;2;33;57;8m▀[48;2;33;57;8m [48;2;123;140;107m[38;2;231;231;231m▀[48;2;0;0;0m    [m
[48;2;195;110;0m[38;2;0;0;0m▀▀▀▀▀[48;2;0;0;0m [48;2;57;90;8m▀[48;2;255;107;181m          [48;2;33;57;8m [38;2;123;140;107m▀▀ [48;2;57;90;8m [48;2;255;107;181m [38;2;57;90;8m▀[48;2;33;57;8m [48;2;123;140;107m [48;2;0;0;0m   [48;2;248;251;254m[38;2;0;0;0m▀[m
[48;2;110;65;7m  [48;2;97;207;203m[38;2;110;65;7m▀[48;2;110;65;7m [48;2;195;110;0m [48;2;0;0;0m [38;2;57;90;8m▀[48;2;57;90;8m [38;2;255;107;181m▀[48;2;255;107;181m        [38;2;33;57;8m▀[48;2;33;57;8m  [48;2;57;90;8m [48;2;255;107;181m [48;2;0;0;0m[38;2;255;107;181m▀[38;2;57;90;8m▀[38;2;33;57;8m▀[38;2;231;231;231m▀ [38;2;242;248;253m▀[38;2;142;190;240m▀[38;2;111;173;236m▀[m
[48;2;195;110;0m[38;2;110;65;7m▀▀▀▀  [38;2;0;0;0m▀[48;2;0;0;0m [38;2;57;90;8m▀[48;2;57;90;8m[38;2;255;107;181m▀▀▀▀[48;2;255;107;181m       [48;2;0;0;0m▀[48;2;195;110;0m[38;2;0;0;0m▀        [m
[48;2;195;110;0m[38;2;0;0;0m▀▀▀▀▀▀▀▀▀▀▀▀▀▀▀▀▀▀▀▀▀▀▀▀▀▀▀▀▀▀[m
[48;2;0;0;0m[38;2;195;110;0m▀▀▀▀▀▀▀▀▀▀▀▀▀▀▀▀▀▀▀▀▀▀▀▀▀▀▀[38;2;160;90;0m▀▀▀[m
