[48;2;0;0;0m                              [m
[48;2;0;0;0m                              [m
[48;2;0;0;0m                 [48;2;114;8;8m[38;2;0;0;0m▀ [48;2;255;0;0m[38;2;114;8;8m▀[38;2;168;4;4m▀[38;2;202;6;6m▀[48;2;202;6;6m [48;2;0;0;0m       [m
[48;2;0;0;0m                [38;2;114;8;8m▀[48;2;114;8;8m [38;2;255;0;0m▀[48;2;255;0;0m   [48;2;202;6;6m [48;2;0;0;0m       [m
[48;2;0;0;0m                  [38;2;114;8;8m▀▀[38;2;168;4;4m▀[48;2;110;65;7m[38;2;202;6;6m▀▀[48;2;0;0;0m       [m
[48;2;0;0;0m                     [48;2;110;65;7m  [48;2;0;0;0m       [m
[48;2;0;0;0m                     [48;2;110;65;7m  [48;2;0;0;0m       [m
[48;2;0;0;0m                    [48;2;195;110;0m[38;2;0;0;0m▀▀▀▀▀▀▀▀[48;2;0;0;0m [48;2;234;243;252m▀[m
[48;2;73;151;231m[38;2;170;206;244m▀[48;2;102;168;235m[38;2;184;215;246m▀[48;2;96;164;234m[38;2;213;231;249m▀[48;2;177;210;245m[38;2;0;0;0m▀[48;2;173;208;244m▀[48;2;168;205;243m▀[48;2;0;0;0m  [48;2;187;216;246m▀[48;2;232;242;252m▀[48;2;0;0;0m          [48;2;195;110;0m [48;2;110;65;7m [48;2;97;207;203m[38;2;110;65;7m▀[48;2;110;65;7m  [48;2;97;207;203m▀[48;2;110;65;7m [48;2;195;110;0m [48;2;0;0;0m [38;2;52;139;228m▀[m
[48;2;0;0;0m[38;2;76;153;231m▀[38;2;81;155;232m▀[38;2;58;142;229m▀[38;2;52;139;228m▀  [48;2;52;139;228m[38;2;0;0;0m▀[38;2;162;202;243m▀[38;2;140;189;240m▀[38;2;113;174;236m▀[38;2;121;179;237m▀[48;2;163;202;243m[38;2;161;201;243m▀[48;2;116;176;237m[38;2;219;235;250m▀[48;2;118;177;237m[38;2;0;0;0m▀[48;2;159;200;242m▀[48;2;188;217;246m▀[48;2;207;228;249m▀[48;2;210;230;249m▀[48;2;184;215;246m▀[48;2;0;0;0m [48;2;195;110;0m [38;2;110;65;7m▀▀▀▀▀▀  [38;2;0;0;0m▀[m
[48;2;110;65;7m[38;2;160;90;0m▀▀[48;2;0;0;0m[38;2;110;65;7m▀ [48;2;52;139;228m[38;2;0;0;0m▀[38;2;96;164;234m▀        [38;2;62;145;229m▀▀[38;2;0;0;0m▀[48;2;0;0;0m  [48;2;110;65;7m▀[48;2;160;90;0m▀▀[48;2;195;110;0m▀▀▀▀▀▀▀▀[m
[48;2;110;65;7m[38;2;0;0;0m▀[48;2;54;140;228m▀[48;2;52;139;228m▀        [48;2;58;142;229m[38;2;52;139;228m▀[48;2;55;141;228m▀[48;2;54;140;228m▀▀▀[48;2;55;141;228m▀[48;2;54;140;228m▀[38;2;0;0;0m▀[48;2;53;139;228m▀[48;2;0;0;0m[38;2;160;90;0m▀▀▀[38;2;195;110;0m▀▀▀▀▀▀▀[m
[48;2;0;0;0m[38;2;60;144;229m▀[38;2;54;140;228m▀[38;2;52;139;228m▀▀▀▀▀▀▀▀▀▀▀▀▀▀▀▀▀▀          [m
