[48;2;255;255;255m[38;2;1;24;89m▀[48;2;1;24;89m[38;2;0;0;0m▀▀[48;2;0;0;0m [48;2;1;24;89m▀▀[48;2;0;0;0m                        [m
[48;2;1;24;89m[38;2;255;255;255m▀▀▀[48;2;255;255;255m[38;2;1;24;89m▀ [48;2;1;24;89m [48;2;0;0;0m                        [m
[48;2;231;231;231m[38;2;255;255;255m▀▀▀[48;2;255;255;255m [48;2;1;24;89m [48;2;0;0;0m[38;2;1;24;89m▀                        [m
[48;2;214;140;255m[38;2;1;24;89m▀▀[48;2;33;57;8m▀▀[48;2;231;231;231m[38;2;0;0;0m▀[48;2;0;0;0m                         [m
[48;2;57;90;8m[38;2;33;57;8m▀[48;2;33;57;8m[38;2;57;90;8m▀  [48;2;57;90;8m[38;2;231;231;231m▀[48;2;0;0;0m                         [m
[48;2;123;140;107m [48;2;33;57;8m [48;2;214;140;255m[38;2;57;90;8m▀[38;2;33;57;8m▀[48;2;57;90;8m▀[48;2;33;57;8m[38;2;231;231;231m▀[48;2;123;140;107m[38;2;0;0;0m▀[48;2;0;0;0m                       [m
[48;2;123;140;107m [48;2;33;57;8m [48;2;214;140;255m   [38;2;33;57;8m▀[48;2;33;57;8m [48;2;123;140;107m[38;2;231;231;231m▀[48;2;0;0;0m                      [m
[48;2;57;90;8m[38;2;123;140;107m▀[38;2;33;57;8m▀[48;2;214;140;255m    [48;2;57;90;8m▀[48;2;33;57;8m [48;2;231;231;231m [48;2;0;0;0m                     [m
[48;2;33;57;8m [48;2;57;90;8m [48;2;214;140;255m    [38;2;57;90;8m▀[48;2;33;57;8m [48;2;123;140;107m [48;2;0;0;0m                 [48;2;111;173;236m[38;2;0;0;0m▀[48;2;52;139;228m[38;2;234;243;252m▀[38;2;229;240;252m▀[38;2;243;248;253m▀[m
[48;2;214;140;255m[38;2;57;90;8m▀      [48;2;33;57;8m [48;2;0;0;0m[38;2;123;140;107m▀[48;2;195;110;0m[38;2;0;0;0m▀▀▀▀▀▀▀▀▀▀▀▀[48;2;160;90;0m▀[48;2;0;0;0m  [48;2;52;139;228m▀[48;2;62;145;229m[38;2;52;139;228m▀▀[48;2;57;142;229m▀[48;2;58;142;229m▀[48;2;53;139;228m▀[m
[48;2;0;0;0m[38;2;214;140;255m▀▀▀▀▀▀▀ [38;2;195;110;0m▀▀▀▀▀▀▀▀▀▀▀[38;2;160;90;0m▀▀ [48;2;58;142;229m[38;2;0;0;0m▀[48;2;63;145;229m[38;2;52;139;228m▀[48;2;57;142;229m[38;2;71;150;231m▀[48;2;58;143;229m[38;2;73;151;231m▀[48;2;58;142;229m[38;2;54;140;228m▀[48;2;55;141;228m [48;2;53;139;228m[38;2;55;141;228m▀[48;2;52;139;228m [m
[48;2;195;110;0m              [48;2;160;90;0m[38;2;195;110;0m▀▀▀[48;2;110;65;7m▀[38;2;160;90;0m▀[48;2;55;141;228m▀[48;2;53;139;228m [48;2;54;140;228m[38;2;52;139;228m▀[48;2;57;142;229m[38;2;53;139;228m▀[38;2;55;141;228m▀[48;2;58;143;229m▀[48;2;53;139;228m[38;2;61;144;229m▀[48;2;54;140;228m[38;2;57;142;229m▀[48;2;57;142;229m[38;2;54;140;228m▀[48;2;52;139;228m  [m
[48;2;0;0;0m                 [38;2;53;139;228m▀[38;2;54;140;228m▀[38;2;55;141;228m▀[38;2;54;140;228m▀[38;2;53;139;228m▀[38;2;52;139;228m▀[38;2;53;139;228m▀▀[38;2;52;139;228m▀[38;2;59;143;229m▀[38;2;54;140;228m▀[38;2;52;139;228m▀[38;2;54;140;228m▀[m
