[48;2;0;0;0m            [48;2;233;232;230m[38;2;0;0;0m▀ [48;2;33;56;8m[38;2;123;139;106m▀      ▀[48;2;233;232;230m[38;2;0;0;0m▀[48;2;0;0;0m            [m
[48;2;0;0;0m          [48;2;233;232;230m[38;2;0;0;0m▀[48;2;123;139;106m[38;2;233;232;230m▀[48;2;33;56;8m [48;2;53;88;6m[38;2;33;56;8m▀[48;2;254;214;140m▀[38;2;53;88;6m▀  ▀ ▀[38;2;33;56;8m▀[48;2;33;56;8m [38;2;123;139;106m▀[48;2;233;232;230m[38;2;0;0;0m▀[48;2;0;0;0m    [48;2;168;168;172m▀[48;2;172;172;177m▀[48;2;170;170;175m▀[48;2;0;0;0m   [m
[48;2;0;0;0m         [48;2;123;139;106m[38;2;233;232;230m▀[48;2;33;56;8m[38;2;53;88;6m▀[48;2;53;88;6m[38;2;33;56;8m▀[48;2;254;214;140m[38;2;53;88;6m▀[48;2;53;88;6m [48;2;33;56;8m [48;2;53;88;6m[38;2;254;214;140m▀[48;2;33;56;8m[38;2;53;88;6m▀[48;2;53;88;6m[38;2;33;56;8m▀[48;2;123;139;106m▀▀[48;2;53;88;6m▀[48;2;33;56;8m[38;2;53;88;6m▀  ▀[48;2;233;232;230m[38;2;0;0;0m▀[48;2;0;0;0m [48;2;173;173;178m▀[48;2;171;171;176m[38;2;173;173;178m▀[48;2;172;172;177m[38;2;171;171;176m▀  [38;2;170;170;175m▀[48;2;0;0;0m  [m
[48;2;0;0;0m        [48;2;233;232;230m [48;2;33;56;8m  [48;2;254;214;140m  [38;2;53;88;6m▀[38;2;33;56;8m▀ [48;2;33;56;8m [48;2;123;139;106m    [48;2;33;56;8m [48;2;254;214;140m▀▀[48;2;53;88;6m▀[48;2;33;56;8m [48;2;123;139;106m[38;2;233;232;230m▀[48;2;183;180;178m[38;2;172;172;177m▀[48;2;171;171;176m▀[48;2;172;172;177m [48;2;166;166;170m▀[48;2;70;70;70m[38;2;166;166;170m▀[48;2;80;80;80m[38;2;74;74;74m▀[48;2;120;127;118m[38;2;119;127;117m▀▀[m
[48;2;0;0;0m       [48;2;233;232;230m[38;2;0;0;0m▀[48;2;33;56;8m[38;2;123;139;106m▀ [48;2;254;214;140m      [48;2;33;56;8m [48;2;123;139;106m  [48;2;53;88;6m▀[48;2;123;139;106m [48;2;33;56;8m [48;2;254;214;140m   [38;2;33;56;8m▀[48;2;33;56;8m [48;2;233;232;230m [48;2;0;0;0m[38;2;183;180;178m▀[38;2;171;171;176m▀[48;2;120;127;118m[38;2;95;97;87m▀[38;2;79;79;79m▀   [m
[48;2;0;0;0m       [48;2;123;139;106m[38;2;233;232;230m▀[48;2;33;56;8m [48;2;53;88;6m [48;2;254;214;140m      [48;2;53;88;6m[38;2;33;56;8m▀[48;2;33;56;8m[38;2;53;88;6m▀[48;2;123;139;106m  [48;2;33;56;8m[38;2;123;139;106m▀[48;2;53;88;6m[38;2;33;56;8m▀[48;2;254;214;140m   [38;2;53;88;6m▀[48;2;33;56;8m [48;2;123;139;106m [48;2;0;0;0m  [48;2;95;97;87m[38;2;160;150;142m▀[38;2;120;127;118m▀[48;2;120;127;118m   [m
[48;2;0;0;0m       [48;2;123;139;106m [48;2;33;56;8m [48;2;53;88;6m[38;2;254;214;140m▀[48;2;254;214;140m      [38;2;53;88;6m▀[48;2;33;56;8m ▀▀ [48;2;254;214;140m▀   ▀[48;2;33;56;8m [48;2;123;139;106m [48;2;168;130;90m[38;2;0;0;0m▀ [38;2;138;129;94m▀[48;2;138;129;94m[38;2;95;97;87m▀[48;2;95;97;87m [38;2;120;127;118m▀[48;2;120;127;118m [m
[48;2;0;0;0m       [48;2;123;139;106m [48;2;33;56;8m [38;2;254;214;140m▀[48;2;254;214;140m       [38;2;53;88;6m▀[38;2;33;56;8m▀[48;2;53;88;6m▀[48;2;254;214;140m     [48;2;254;213;140m[38;2;53;88;6m▀[48;2;142;129;93m[38;2;33;56;8m▀[48;2;168;130;90m[38;2;160;141;122m▀    [38;2;138;129;94m▀[48;2;0;0;0m▀[38;2;120;127;118m▀[m
[48;2;0;0;0m      [48;2;233;232;230m [48;2;33;56;8m  [48;2;53;88;6m [38;2;254;214;140m▀▀[48;2;254;214;140m           [48;2;254;213;140m▀[48;2;164;133;101m[38;2;254;213;140m▀[48;2;168;130;90m[38;2;145;129;93m▀     [48;2;0;0;0m[38;2;159;131;93m▀   [m
[48;2;0;0;0m    [48;2;233;232;230m[38;2;0;0;0m▀[48;2;33;56;8m[38;2;123;139;106m▀ [48;2;53;88;6m[38;2;33;56;8m▀[48;2;254;214;140m[38;2;53;88;6m▀  ▀▀▀▀      [48;2;254;213;140m[38;2;254;214;140m▀[48;2;164;133;101m[38;2;254;213;140m▀[48;2;168;130;90m[38;2;164;133;101m▀   [48;2;159;131;93m[38;2;168;130;90m▀[48;2;37;63;8m[38;2;167;130;92m▀[48;2;233;232;230m[38;2;168;130;90m▀[48;2;0;0;0m     [m
[48;2;0;0;0m  [48;2;233;232;230m[38;2;0;0;0m▀[48;2;33;56;8m[38;2;123;139;106m▀ [48;2;53;88;6m[38;2;33;56;8m▀[48;2;254;214;140m             [48;2;254;213;140m[38;2;254;214;140m▀[48;2;164;133;101m[38;2;254;213;140m▀[48;2;168;130;90m[38;2;164;133;101m▀   [48;2;167;131;94m[38;2;168;130;90m▀[48;2;251;212;143m[38;2;167;131;94m▀[48;2;254;214;140m[38;2;53;88;6m▀[48;2;33;56;8m [38;2;123;139;106m▀[48;2;233;232;230m[38;2;0;0;0m▀[48;2;0;0;0m    [m
[48;2;0;0;0m [48;2;123;139;106m[38;2;233;232;230m▀[48;2;53;88;6m[38;2;123;139;106m▀[48;2;33;56;8m [48;2;53;88;6m [48;2;254;214;140m            [48;2;254;213;140m[38;2;254;214;140m▀[48;2;164;133;101m[38;2;254;213;140m▀[48;2;168;130;90m[38;2;164;133;101m▀   [48;2;167;131;94m[38;2;168;130;90m▀[48;2;249;212;144m[38;2;167;131;94m▀[48;2;254;214;140m[38;2;249;212;144m▀  [38;2;53;88;6m▀[48;2;33;56;8m [48;2;123;139;106m[38;2;233;232;230m▀[48;2;0;0;0m    [m
[48;2;0;0;0m [38;2;233;232;230m▀[38;2;33;56;8m▀▀▀▀▀▀▀▀▀▀▀▀▀▀▀[38;2;138;129;94m▀[38;2;168;130;90m▀▀▀▀[38;2;159;131;93m▀[38;2;37;63;8m▀[38;2;33;56;8m▀▀▀▀▀▀[38;2;123;139;106m▀    [m
