[48;2;0;0;0m         [48;2;231;231;231m[38;2;0;0;0m▀▀[48;2;125;122;109m▀[48;2;33;57;8m▀▀[48;2;54;86;8m▀[48;2;33;57;8m▀▀[48;2;125;122;109m▀[48;2;231;231;231m▀[48;2;0;0;0m                [m
[48;2;0;0;0m       [48;2;231;231;231m[38;2;0;0;0m▀[48;2;33;57;8m[38;2;231;231;231m▀[38;2;125;122;109m▀ [48;2;140;254;140m[38;2;33;57;8m▀[38;2;54;86;8m▀   [38;2;33;57;8m▀▀[48;2;33;57;8m[38;2;54;86;8m▀[48;2;54;86;8m[38;2;231;231;231m▀[48;2;231;231;231m[38;2;0;0;0m▀[48;2;0;0;0m     [48;2;170;170;172m▀[48;2;172;172;174m▀[48;2;170;170;172m▀[48;2;0;0;0m      [m
[48;2;0;0;0m     [48;2;231;231;231m[38;2;0;0;0m▀[48;2;33;57;8m[38;2;231;231;231m▀ [48;2;140;254;140m[38;2;33;57;8m▀[48;2;54;86;8m [48;2;33;57;8m[38;2;54;86;8m▀[48;2;140;254;140m [48;2;54;86;8m[38;2;140;254;140m▀[48;2;33;57;8m[38;2;54;86;8m▀[48;2;54;86;8m[38;2;33;57;8m▀ [48;2;33;57;8m[38;2;54;86;8m▀[38;2;140;254;140m▀  [38;2;125;122;109m▀[48;2;231;231;231m[38;2;0;0;0m▀[48;2;0;0;0m  [48;2;173;173;174m▀[48;2;171;171;173m[38;2;173;173;174m▀[48;2;172;172;174m[38;2;171;171;173m▀  [38;2;170;170;172m▀[48;2;0;0;0m     [m
[48;2;0;0;0m    [48;2;231;231;231m[38;2;0;0;0m▀[48;2;33;57;8m[38;2;125;122;109m▀ [48;2;140;254;140m  [38;2;33;57;8m▀[48;2;54;86;8m▀[48;2;140;254;140m [48;2;33;57;8m [48;2;54;86;8m [48;2;125;122;109m   [48;2;54;86;8m▀▀[48;2;140;254;140m▀[48;2;33;57;8m [38;2;125;122;109m▀[48;2;231;231;231m[38;2;0;0;0m▀[48;2;0;0;0m [48;2;182;182;182m[38;2;172;172;174m▀[48;2;171;171;173m▀[48;2;172;172;174m [48;2;170;170;172m▀[48;2;69;68;67m[38;2;170;170;172m▀[48;2;82;76;71m[38;2;75;71;70m▀[48;2;122;122;122m  [38;2;0;0;0m▀[48;2;0;0;0m  [m
[48;2;0;0;0m    [48;2;125;122;109m[38;2;231;231;231m▀[48;2;33;57;8m [48;2;54;86;8m [48;2;140;254;140m     [48;2;33;57;8m[38;2;54;86;8m▀[48;2;54;86;8m [48;2;125;122;109m   [48;2;54;86;8m[38;2;33;57;8m▀ [48;2;140;254;140m [38;2;54;86;8m▀[48;2;54;86;8m[38;2;33;57;8m▀[48;2;33;57;8m[38;2;54;86;8m▀[48;2;231;231;231m [48;2;0;0;0m [38;2;182;182;182m▀[38;2;171;171;173m▀[48;2;122;122;122m[38;2;96;84;72m▀[38;2;82;76;71m▀     [38;2;0;0;0m▀[m
[48;2;0;0;0m   [48;2;231;231;231m [48;2;33;57;8m[38;2;54;86;8m▀ [48;2;140;254;140m      [48;2;54;86;8m [48;2;33;57;8m▀[48;2;125;122;109m   [48;2;33;57;8m [48;2;140;254;140m▀   [48;2;54;86;8m[38;2;33;57;8m▀[48;2;33;57;8m[38;2;54;86;8m▀[48;2;231;231;231m [48;2;0;0;0m  [48;2;115;98;74m[38;2;122;122;122m▀▀[48;2;122;122;122m      [m
[48;2;0;0;0m   [48;2;231;231;231m [48;2;33;57;8m [38;2;54;86;8m▀[48;2;140;254;140m       [48;2;33;57;8m ▀[38;2;125;122;109m▀  [48;2;140;254;140m    [38;2;54;86;8m▀[48;2;33;57;8m [48;2;125;122;109m[38;2;231;231;231m▀[48;2;155;135;94m[38;2;0;0;0m▀ [38;2;124;107;75m▀[48;2;124;107;75m[38;2;115;98;74m▀[48;2;115;98;74m [38;2;122;122;122m▀[48;2;122;122;122m    [m
[48;2;0;0;0m   [38;2;231;231;231m▀[48;2;125;122;109m[38;2;33;57;8m▀[48;2;33;57;8m [48;2;140;254;140m       [38;2;54;86;8m▀[48;2;54;86;8m[38;2;33;57;8m▀[48;2;33;57;8m [48;2;54;86;8m▀[48;2;140;254;140m     [48;2;54;86;8m [48;2;128;112;77m▀[48;2;155;135;94m[38;2;155;150;99m▀    [38;2;124;107;75m▀[48;2;0;0;0m[38;2;121;104;75m▀[38;2;128;126;116m▀[48;2;122;122;122m   [m
[48;2;0;0;0m    [48;2;231;231;231m[38;2;125;122;109m▀[48;2;33;57;8m [38;2;54;86;8m▀[48;2;54;86;8m[38;2;140;254;140m▀[48;2;140;254;140m            [48;2;139;254;139m▀[48;2;154;161;102m[38;2;139;254;139m▀[48;2;155;135;94m[38;2;128;112;77m▀   [48;2;157;141;96m[38;2;155;135;94m▀[48;2;155;135;94m [48;2;0;0;0m▀    [48;2;122;122;122m  [m
[48;2;0;0;0m   [48;2;231;231;231m[38;2;0;0;0m▀[48;2;125;122;109m [48;2;33;57;8m [48;2;54;86;8m [48;2;140;254;140m[38;2;54;86;8m▀[48;2;54;86;8m   [38;2;140;254;140m▀[48;2;140;254;140m      [48;2;139;254;139m▀[48;2;154;161;102m[38;2;139;254;139m▀[48;2;155;135;94m[38;2;154;161;102m▀   [48;2;157;141;96m[38;2;155;135;94m▀[48;2;141;247;136m▀[48;2;33;57;8m[38;2;41;63;15m▀[38;2;231;231;231m▀[48;2;231;231;231m[38;2;0;0;0m▀[48;2;0;0;0m    [38;2;122;122;122m▀▀[m
[48;2;0;0;0m  [48;2;231;231;231m[38;2;0;0;0m▀[48;2;125;122;109m[38;2;231;231;231m▀[48;2;33;57;8m [48;2;54;86;8m[38;2;33;57;8m▀[48;2;140;254;140m   [38;2;54;86;8m▀▀▀▀   [48;2;139;254;139m[38;2;140;254;140m▀[48;2;154;161;102m[38;2;139;254;139m▀[48;2;155;135;94m[38;2;154;161;102m▀   [48;2;157;141;96m[38;2;155;135;94m▀[48;2;141;248;137m[38;2;157;141;96m▀[48;2;140;254;140m[38;2;141;248;137m▀  [38;2;33;57;8m▀[48;2;33;57;8m [38;2;231;231;231m▀[48;2;231;231;231m[38;2;0;0;0m▀[48;2;0;0;0m    [m
[48;2;0;0;0m  [48;2;231;231;231m [48;2;33;57;8m [48;2;54;86;8m[38;2;33;57;8m▀[48;2;140;254;140m         [48;2;139;254;139m[38;2;140;254;140m▀[48;2;154;161;102m[38;2;139;254;139m▀[48;2;155;135;94m[38;2;154;161;102m▀   [48;2;157;141;96m[38;2;155;135;94m▀[48;2;141;247;136m[38;2;157;141;96m▀[48;2;140;254;140m[38;2;141;247;136m▀     [38;2;54;86;8m▀[38;2;33;57;8m▀[48;2;33;57;8m [38;2;231;231;231m▀[48;2;231;231;231m[38;2;0;0;0m▀[48;2;0;0;0m  [m
[48;2;0;0;0m  [38;2;231;231;231m▀[38;2;33;57;8m▀▀▀▀▀▀▀▀▀▀▀[38;2;128;112;77m▀[38;2;155;135;94m▀▀▀▀▀[38;2;41;63;15m▀[38;2;33;57;8m▀▀▀▀▀▀▀▀▀▀▀▀  [m
