[48;2;0;0;0m        [48;2;218;230;230m[38;2;0;0;0m▀▀▀▀▀▀[48;2;0;0;0m                     [m
[48;2;0;0;0m     [48;2;218;230;230m[38;2;0;0;0m▀▀[48;2;33;57;8m[38;2;218;230;230m▀[38;2;134;130;108m▀▀▀[38;2;57;88;11m▀▀[38;2;218;230;230m▀▀[48;2;218;230;230m[38;2;0;0;0m▀▀[48;2;0;0;0m                  [m
[48;2;0;0;0m   [48;2;218;230;230m[38;2;0;0;0m▀[48;2;134;130;108m[38;2;218;230;230m▀[48;2;33;57;8m[38;2;134;130;108m▀ [48;2;140;255;255m[38;2;33;57;8m▀[38;2;57;88;11m▀    [38;2;33;57;8m▀▀[48;2;57;88;11m▀[48;2;33;57;8m[38;2;134;130;108m▀[48;2;134;130;108m[38;2;218;230;230m▀[48;2;218;230;230m[38;2;0;0;0m▀[48;2;0;0;0m [48;2;173;173;177m▀[48;2;171;171;175m[38;2;168;168;171m▀[48;2;172;172;176m [38;2;170;170;174m▀[48;2;170;170;174m[38;2;0;0;0m▀[48;2;0;0;0m          [m
[48;2;0;0;0m  [48;2;218;230;230m [48;2;33;57;8m[38;2;134;130;108m▀ [48;2;140;255;255m[38;2;57;88;11m▀[48;2;33;57;8m  [48;2;57;88;11m[38;2;140;255;255m▀▀[48;2;33;57;8m [48;2;134;130;108m[38;2;33;57;8m▀[48;2;57;88;11m▀▀[48;2;33;57;8m[38;2;57;88;11m▀   [38;2;218;230;230m▀[48;2;186;186;187m[38;2;173;173;177m▀[48;2;172;172;176m[38;2;171;171;175m▀  [48;2;166;166;169m[38;2;172;172;176m▀[48;2;74;83;55m▀[48;2;119;120;126m[38;2;0;0;0m▀▀[48;2;0;0;0m        [m
[48;2;0;0;0m [48;2;218;230;230m[38;2;0;0;0m▀[48;2;33;57;8m[38;2;134;130;108m▀ [48;2;140;255;255m  [38;2;57;88;11m▀▀ [48;2;33;57;8m [48;2;57;88;11m [48;2;134;130;108m   [48;2;57;88;11m[38;2;33;57;8m▀▀[48;2;140;255;255m▀[38;2;57;88;11m▀[48;2;33;57;8m [38;2;218;230;230m▀[48;2;218;230;230m[38;2;171;171;175m▀[48;2;171;171;175m[38;2;172;172;176m▀[48;2;99;88;77m[38;2;165;165;168m▀[48;2;79;84;59m[38;2;74;83;55m▀[48;2;120;120;126m[38;2;83;85;63m▀   [38;2;0;0;0m▀[48;2;0;0;0m      [m
[48;2;218;230;230m[38;2;0;0;0m▀ [48;2;33;57;8m [48;2;57;88;11m [48;2;140;255;255m     [48;2;33;57;8m[38;2;57;88;11m▀[48;2;57;88;11m [48;2;134;130;108m   [48;2;33;57;8m [48;2;57;88;11m [48;2;140;255;255m  ▀[48;2;33;57;8m [48;2;134;130;108m[38;2;218;230;230m▀[48;2;218;230;230m[38;2;0;0;0m▀[48;2;152;147;142m[38;2;120;121;127m▀[48;2;119;119;122m[38;2;120;120;126m▀[48;2;120;120;126m     [38;2;119;120;126m▀[48;2;0;0;0m     [m
[48;2;218;230;230m [48;2;134;130;108m [48;2;33;57;8m [48;2;57;88;11m[38;2;140;255;255m▀[48;2;140;255;255m     [38;2;57;88;11m▀[48;2;33;57;8m▀[48;2;134;130;108m   [48;2;33;57;8m [48;2;140;255;255m▀   [38;2;33;57;8m▀[48;2;33;57;8m [48;2;155;138;121m[38;2;218;230;230m▀[48;2;117;103;85m[38;2;114;97;79m▀[48;2;114;97;79m[38;2;115;99;80m▀[48;2;115;99;80m[38;2;119;119;122m▀[48;2;119;119;122m[38;2;120;120;126m▀[48;2;120;120;126m    [38;2;119;120;126m▀[48;2;0;0;0m    [m
[48;2;218;230;230m [38;2;134;130;108m▀[48;2;33;57;8m [48;2;57;88;11m[38;2;140;255;255m▀[48;2;140;255;255m      [48;2;33;57;8m [38;2;57;88;11m▀[38;2;134;130;108m▀  [48;2;140;255;255m   [48;2;140;254;254m[38;2;140;255;255m▀[48;2;148;131;100m[38;2;57;88;11m▀[48;2;167;130;91m[38;2;117;103;85m▀  ▀[48;2;117;103;85m[38;2;114;97;79m▀[38;2;115;99;80m▀[48;2;126;127;116m[38;2;120;120;126m▀[48;2;120;120;126m    [48;2;0;0;0m    [m
[48;2;0;0;0m [48;2;218;230;230m [48;2;33;57;8m [38;2;57;88;11m▀[48;2;140;255;255m       [48;2;57;88;11m[38;2;33;57;8m▀[48;2;33;57;8m [48;2;140;255;255m▀  [48;2;140;254;254m[38;2;140;255;255m▀[48;2;153;140;126m[38;2;140;254;254m▀[48;2;167;130;91m[38;2;153;140;126m▀   [48;2;161;130;94m[38;2;167;130;91m▀[48;2;225;225;225m▀[48;2;0;0;0m▀  [38;2;120;120;126m▀[48;2;120;120;126m  [48;2;0;0;0m[38;2;119;120;126m▀    [m
[48;2;0;0;0m [38;2;218;230;230m▀[48;2;134;130;108m[38;2;33;57;8m▀[48;2;33;57;8m [48;2;57;88;11m[38;2;140;255;255m▀[48;2;140;255;255m         [48;2;140;254;254m▀[48;2;153;140;126m[38;2;140;254;254m▀[48;2;167;130;91m[38;2;153;140;126m▀   [48;2;162;132;102m[38;2;167;130;91m▀[48;2;143;254;254m[38;2;161;130;94m▀[48;2;140;255;255m[38;2;38;64;8m▀[48;2;33;57;8m [38;2;134;130;108m▀[38;2;218;230;230m▀[48;2;134;130;108m[38;2;0;0;0m▀[48;2;218;230;230m▀[48;2;120;120;126m [48;2;119;120;126m[38;2;120;120;126m▀[48;2;0;0;0m     [m
[48;2;0;0;0m  [48;2;218;230;230m[38;2;134;130;108m▀[48;2;33;57;8m [48;2;140;255;255m[38;2;57;88;11m▀[48;2;57;88;11m    [38;2;140;255;255m▀▀[48;2;140;255;255m [48;2;140;254;254m▀[48;2;153;140;126m[38;2;140;254;254m▀[48;2;167;130;91m[38;2;153;140;126m▀   [48;2;162;132;102m[38;2;167;130;91m▀[48;2;143;254;254m[38;2;162;132;102m▀[48;2;140;255;255m[38;2;141;254;254m▀   [38;2;57;88;11m▀[38;2;33;57;8m▀[48;2;33;57;8m [38;2;134;130;108m▀[38;2;218;230;230m▀[48;2;218;230;230m[38;2;0;0;0m▀[48;2;0;0;0m     [m
[48;2;0;0;0m  [48;2;134;130;108m [48;2;33;57;8m [48;2;140;255;255m    [38;2;57;88;11m▀▀[48;2;140;254;254m▀[48;2;153;140;126m[38;2;140;254;254m▀[48;2;167;130;91m[38;2;153;140;126m▀   [48;2;162;132;102m[38;2;167;130;91m▀[48;2;141;254;254m[38;2;162;132;102m▀[48;2;140;255;255m[38;2;143;254;254m▀        [38;2;33;57;8m▀▀[48;2;33;57;8m [38;2;218;230;230m▀[48;2;134;130;108m[38;2;0;0;0m▀[48;2;0;0;0m   [m
[48;2;0;0;0m  [38;2;134;130;108m▀[38;2;33;57;8m▀▀▀▀▀▀▀[38;2;117;103;85m▀[38;2;167;130;91m▀▀▀▀[38;2;161;130;94m▀[38;2;36;61;8m▀[38;2;33;57;8m▀▀▀▀▀▀▀▀▀▀▀▀▀▀[38;2;134;130;108m▀   [m
