[48;2;0;0;0m                                   [m
[48;2;0;0;0m      [48;2;231;231;231m[38;2;0;0;0m▀[48;2;53;84;8m[38;2;231;231;231m▀[48;2;33;57;7m▀▀[38;2;128;138;106m▀[38;2;231;231;231m▀▀[48;2;128;138;106m▀[48;2;231;231;231m[38;2;0;0;0m▀[48;2;0;0;0m                    [m
[48;2;0;0;0m   [48;2;231;231;231m[38;2;0;0;0m▀[48;2;53;84;8m[38;2;231;231;231m▀[48;2;33;57;7m[38;2;128;138;106m▀ [48;2;140;181;254m[38;2;33;57;7m▀[38;2;53;84;8m▀▀▀▀[38;2;33;57;7m▀▀[48;2;33;57;7m [38;2;128;138;106m▀[48;2;231;231;231m[38;2;0;0;0m▀[48;2;0;0;0m    [48;2;162;168;177m▀▀▀[48;2;0;0;0m           [m
[48;2;0;0;0m  [48;2;128;138;106m[38;2;231;231;231m▀[48;2;33;57;7m[38;2;128;138;106m▀ [48;2;140;181;254m [48;2;33;57;7m[38;2;140;181;254m▀[48;2;53;84;8m▀[48;2;140;181;254m [48;2;33;57;7m▀▀▀▀▀[48;2;53;84;8m▀[48;2;33;57;7m  [38;2;231;231;231m▀[48;2;231;231;231m[38;2;0;0;0m▀[48;2;162;168;177m▀     [48;2;0;0;0m          [m
[48;2;231;231;231m[38;2;0;0;0m▀[48;2;128;138;106m[38;2;231;231;231m▀[48;2;33;57;7m [48;2;53;84;8m[38;2;33;57;7m▀[48;2;140;181;254m [38;2;53;84;8m▀[48;2;33;57;7m [48;2;53;84;8m [48;2;140;181;254m [48;2;33;57;7m [48;2;128;138;106m   ▀[48;2;33;57;7m  [48;2;53;84;8m[38;2;33;57;7m▀[48;2;33;57;7m [38;2;128;138;106m▀[48;2;230;230;230m[38;2;162;168;177m▀[48;2;162;168;177m  [48;2;160;166;170m▀[48;2;70;70;70m[38;2;160;166;170m▀[48;2;81;79;77m[38;2;74;74;74m▀[48;2;121;120;126m[38;2;119;119;128m▀▀[48;2;119;118;127m[38;2;0;0;0m▀[48;2;0;0;0m       [m
[48;2;128;138;106m[38;2;231;231;231m▀[48;2;33;57;7m  [48;2;140;181;254m     [38;2;53;84;8m▀[48;2;33;57;7m [48;2;128;138;106m   ▀[48;2;33;57;7m [48;2;140;181;254m  ▀[48;2;53;84;8m[38;2;33;57;7m▀[48;2;33;57;7m[38;2;128;138;106m▀[48;2;231;231;231m[38;2;162;169;181m▀[48;2;0;0;0m[38;2;162;168;177m▀[48;2;121;120;126m[38;2;94;86;78m▀[38;2;81;79;77m▀    [38;2;120;120;127m▀[48;2;119;119;128m[38;2;0;0;0m▀[48;2;0;0;0m     [m
[48;2;33;57;7m[38;2;53;84;8m▀ [48;2;53;84;8m[38;2;140;181;254m▀[48;2;140;181;254m      [48;2;33;57;7m [48;2;128;138;106m   [48;2;53;84;8m [38;2;33;57;7m▀[48;2;140;181;254m    [48;2;33;57;7m [48;2;53;84;8m[38;2;128;138;106m▀[48;2;230;230;230m[38;2;0;0;0m▀[48;2;110;96;81m[38;2;145;152;138m▀[48;2;111;97;82m[38;2;119;117;123m▀[48;2;119;117;123m[38;2;121;120;126m▀[48;2;121;120;126m    [38;2;120;119;127m▀[48;2;120;119;127m[38;2;0;0;0m▀[48;2;0;0;0m    [m
[48;2;53;84;8m[38;2;33;57;7m▀[48;2;33;57;7m [48;2;53;84;8m[38;2;140;181;254m▀[48;2;140;181;254m      [48;2;53;84;8m[38;2;33;57;7m▀[48;2;33;57;7m[38;2;53;84;8m▀[48;2;53;84;8m[38;2;128;138;106m▀[48;2;33;57;7m▀ [48;2;140;181;254m     [48;2;33;57;7m [48;2;158;132;94m▀[48;2;166;130;91m[38;2;144;151;134m▀[38;2;117;104;93m▀[48;2;117;104;93m[38;2;111;97;82m▀[48;2;111;97;82m [38;2;119;117;123m▀[48;2;121;120;126m    [48;2;119;118;127m[38;2;120;120;127m▀[48;2;0;0;0m    [m
[48;2;128;138;106m[38;2;33;57;7m▀[48;2;33;57;7m [38;2;140;181;254m▀[48;2;140;181;254m      [38;2;53;84;8m▀[48;2;53;84;8m[38;2;33;57;7m▀[48;2;33;57;7m  [48;2;140;181;254m[38;2;53;84;8m▀   [48;2;140;180;254m[38;2;140;181;254m▀[48;2;140;148;128m[38;2;140;180;254m▀[48;2;166;130;91m[38;2;141;125;109m▀    [38;2;117;104;93m▀[48;2;0;0;0m▀[38;2;125;121;122m▀[48;2;120;120;127m[38;2;120;119;127m▀[48;2;121;120;126m  [48;2;119;118;127m[38;2;120;120;127m▀[48;2;0;0;0m    [m
[48;2;231;231;231m [48;2;53;84;8m[38;2;33;57;7m▀[48;2;33;57;7m [48;2;53;84;8m[38;2;140;181;254m▀[48;2;140;181;254m       [38;2;53;84;8m▀   [48;2;140;180;254m[38;2;140;181;254m▀[48;2;140;148;128m[38;2;140;180;254m▀[48;2;166;130;91m[38;2;140;148;128m▀   [48;2;162;129;93m[38;2;166;130;91m▀[48;2;39;62;13m▀[48;2;33;57;7m[38;2;225;225;225m▀[38;2;0;0;0m▀[48;2;231;231;231m▀[48;2;0;0;0m  [48;2;120;120;127m[38;2;120;119;127m▀[48;2;120;119;127m [48;2;0;0;0m     [m
[48;2;231;231;231m [48;2;33;57;7m[38;2;53;84;8m▀ [48;2;53;84;8m  [38;2;140;181;254m▀▀▀▀[48;2;140;181;254m    [48;2;140;180;254m▀[48;2;140;148;128m[38;2;140;180;254m▀[48;2;166;130;91m[38;2;140;148;128m▀    [48;2;143;179;245m[38;2;166;130;91m▀[48;2;140;181;254m[38;2;143;179;245m▀[38;2;53;84;8m▀▀[48;2;53;84;8m[38;2;33;57;7m▀[48;2;33;57;7m [38;2;128;138;106m▀[48;2;53;84;8m[38;2;231;231;231m▀[48;2;231;231;231m[38;2;119;118;127m▀[48;2;0;0;0m▀     [m
[48;2;231;231;231m [48;2;33;57;7m  [48;2;140;181;254m [38;2;53;84;8m▀▀▀▀▀[48;2;53;84;8m [38;2;140;181;254m▀[48;2;140;180;254m▀[48;2;140;148;128m[38;2;140;180;254m▀[48;2;166;130;91m[38;2;140;148;128m▀    [48;2;143;179;245m[38;2;166;130;91m▀[48;2;140;181;254m[38;2;143;179;245m▀      [38;2;33;57;7m▀[48;2;53;84;8m▀[48;2;33;57;7m [38;2;231;231;231m▀[48;2;231;231;231m[38;2;0;0;0m▀[48;2;0;0;0m    [m
[48;2;0;0;0m[38;2;231;231;231m▀[38;2;33;57;7m▀▀▀▀▀▀▀▀▀▀[38;2;141;125;109m▀[38;2;166;130;91m▀▀▀▀[38;2;160;129;95m▀[38;2;39;62;13m▀[38;2;33;57;7m▀▀▀▀▀▀▀▀▀▀▀▀[38;2;128;138;106m▀    [m
