[48;2;0;0;0m                                   [m
[48;2;0;0;0m                                   [m
[48;2;0;0;0m                 [48;2;228;228;228m[38;2;0;0;0m▀▀▀▀▀▀[48;2;0;0;0m            [m
[48;2;0;0;0m             [48;2;228;228;228m[38;2;0;0;0m▀▀[48;2;33;57;8m[38;2;228;228;228m▀▀[38;2;123;135;106m▀ [48;2;57;89;8m[38;2;33;57;8m▀▀[48;2;33;57;8m [38;2;57;89;8m▀[38;2;228;228;228m▀▀[48;2;228;228;228m[38;2;0;0;0m▀[48;2;0;0;0m      [48;2;168;168;170m▀[48;2;172;172;175m▀[48;2;170;170;173m▀[m
[48;2;0;0;0m           [48;2;228;228;228m[38;2;0;0;0m▀[48;2;123;135;106m[38;2;228;228;228m▀[48;2;33;57;8m[38;2;123;135;106m▀ [48;2;254;107;247m[38;2;33;57;8m▀[38;2;57;89;8m▀      ▀[38;2;33;57;8m▀[48;2;33;57;8m [48;2;123;135;106m[38;2;228;228;228m▀[48;2;0;0;0m   [48;2;173;173;176m[38;2;0;0;0m▀[48;2;171;171;174m[38;2;173;173;176m▀[48;2;172;172;175m[38;2;171;171;174m▀  [m
[48;2;0;0;0m          [48;2;228;228;228m[38;2;0;0;0m▀[48;2;33;57;8m[38;2;228;228;228m▀ [48;2;254;107;247m[38;2;57;89;8m▀  [48;2;57;89;8m [48;2;33;57;8m [48;2;57;89;8m[38;2;254;107;247m▀▀[48;2;33;57;8m [48;2;123;135;106m[38;2;33;57;8m▀▀▀[48;2;33;57;8m   [48;2;228;228;228m [48;2;0;0;0m  [48;2;182;182;182m[38;2;172;172;175m▀[48;2;171;171;174m▀[48;2;172;172;175m [48;2;165;165;167m▀[48;2;79;85;69m[38;2;167;167;169m▀[m
[48;2;0;0;0m         [48;2;228;228;228m[38;2;0;0;0m▀[48;2;33;57;8m[38;2;123;135;106m▀ [48;2;254;107;247m[38;2;57;89;8m▀   ▀[38;2;33;57;8m▀ [48;2;57;89;8m [48;2;33;57;8m [48;2;123;135;106m   [48;2;57;89;8m [48;2;33;57;8m  [38;2;123;135;106m▀[48;2;228;228;228m[38;2;0;0;0m▀[48;2;0;0;0m  [38;2;182;182;182m▀[38;2;171;171;174m▀[48;2;116;123;102m[38;2;94;88;83m▀[48;2;116;120;99m[38;2;79;85;69m▀[m
[48;2;0;0;0m        [48;2;123;135;106m[38;2;228;228;228m▀[48;2;33;57;8m[38;2;57;89;8m▀[48;2;57;89;8m[38;2;33;57;8m▀[48;2;254;107;247m        [48;2;57;89;8m [48;2;33;57;8m[38;2;57;89;8m▀[48;2;123;135;106m   [48;2;57;89;8m [48;2;33;57;8m▀[48;2;254;107;247m[38;2;33;57;8m▀[48;2;33;57;8m [48;2;123;135;106m[38;2;228;228;228m▀[48;2;228;228;228m[38;2;0;0;0m▀[48;2;0;0;0m   [48;2;110;97;82m[38;2;154;150;145m▀[48;2;111;99;83m[38;2;115;117;97m▀[m
[48;2;0;0;0m       [48;2;123;135;106m[38;2;228;228;228m▀[48;2;33;57;8m  [48;2;254;107;247m          [48;2;33;57;8m [48;2;57;89;8m[38;2;123;135;106m▀[48;2;123;135;106m  [48;2;33;57;8m[38;2;57;89;8m▀[48;2;254;107;247m▀ [48;2;57;89;8m[38;2;33;57;8m▀[48;2;33;57;8m[38;2;57;89;8m▀[48;2;228;228;228m [48;2;0;0;0m [48;2;167;130;91m[38;2;0;0;0m▀ [38;2;112;106;89m▀[48;2;112;106;89m[38;2;110;97;82m▀[m
[48;2;0;0;0m     [48;2;228;228;228m[38;2;0;0;0m▀[48;2;57;89;8m[38;2;228;228;228m▀[48;2;33;57;8m [48;2;57;89;8m[38;2;33;57;8m▀[48;2;254;107;247m [48;2;57;89;8m [48;2;254;107;247m         ▀[48;2;33;57;8m [38;2;57;89;8m▀  [48;2;254;107;247m  [48;2;33;57;8m  [48;2;156;139;122m[38;2;228;228;228m▀[48;2;167;130;91m     [m
[48;2;0;0;0m    [48;2;228;228;228m[38;2;0;0;0m▀[48;2;33;57;8m[38;2;123;135;106m▀ [48;2;254;107;247m[38;2;57;89;8m▀  ▀[48;2;57;89;8m [38;2;254;107;247m▀▀▀[48;2;254;107;247m      [38;2;33;57;8m▀▀▀  [48;2;57;89;8m[38;2;254;107;247m▀[48;2;139;132;102m[38;2;33;57;8m▀[48;2;167;130;91m[38;2;160;129;94m▀     [48;2;0;0;0m▀[m
[48;2;0;0;0m [48;2;228;228;228m[38;2;0;0;0m▀[48;2;123;135;106m[38;2;228;228;228m▀[48;2;33;57;8m[38;2;123;135;106m▀ [48;2;254;107;247m[38;2;33;57;8m▀     [38;2;57;89;8m▀▀▀▀▀[48;2;57;89;8m  [38;2;254;107;247m▀[48;2;254;107;247m     [48;2;254;107;246m▀[48;2;156;139;122m[38;2;254;107;246m▀[48;2;167;130;91m[38;2;114;114;94m▀    [48;2;160;129;94m[38;2;167;130;91m▀[48;2;0;0;0m▀  [m
[48;2;0;0;0m [38;2;228;228;228m▀[38;2;33;57;8m▀▀▀▀▀▀▀▀▀▀▀▀▀▀▀▀▀▀▀▀▀▀[38;2;139;132;102m▀[38;2;167;130;91m▀▀▀▀▀▀    [m
