[48;2;0;0;0m                                   [m
[48;2;0;0;0m                                   [m
[48;2;0;0;0m                 [48;2;230;230;230m[38;2;0;0;0m▀▀▀▀▀▀[48;2;0;0;0m            [m
[48;2;0;0;0m             [48;2;230;230;230m[38;2;0;0;0m▀▀[48;2;33;58;8m[38;2;230;230;230m▀▀[38;2;123;136;110m▀ [48;2;57;88;12m[38;2;33;58;8m▀▀[48;2;33;58;8m [38;2;57;88;12m▀[38;2;230;230;230m▀▀[48;2;230;230;230m[38;2;0;0;0m▀[48;2;0;0;0m         [m
[48;2;0;0;0m           [48;2;230;230;230m[38;2;0;0;0m▀[48;2;123;136;110m[38;2;230;230;230m▀[48;2;33;58;8m[38;2;123;136;110m▀ [48;2;254;107;247m[38;2;33;58;8m▀[38;2;57;88;12m▀      ▀[38;2;33;58;8m▀[48;2;33;58;8m [48;2;123;136;110m[38;2;230;230;230m▀[48;2;0;0;0m        [m
[48;2;0;0;0m          [48;2;230;230;230m[38;2;0;0;0m▀[48;2;33;58;8m[38;2;230;230;230m▀ [48;2;254;107;247m[38;2;57;88;12m▀ [48;2;252;68;0m[38;2;254;107;247m▀[48;2;57;88;12m [48;2;33;58;8m [48;2;57;88;12m▀▀[48;2;33;58;8m [48;2;123;136;110m[38;2;33;58;8m▀▀▀[48;2;33;58;8m   [48;2;230;230;230m [48;2;0;0;0m       [m
[48;2;0;0;0m         [48;2;230;230;230m[38;2;0;0;0m▀[48;2;33;58;8m[38;2;123;136;110m▀ [48;2;254;107;247m[38;2;57;88;12m▀[48;2;252;68;0m[38;2;254;107;247m▀   [38;2;33;58;8m▀[48;2;254;107;247m [48;2;57;88;12m [48;2;33;58;8m [48;2;123;136;110m   [48;2;57;88;12m [48;2;33;58;8m  [38;2;123;136;110m▀[48;2;230;230;230m[38;2;0;0;0m▀[48;2;0;0;0m      [m
[48;2;0;0;0m        [48;2;123;136;110m[38;2;230;230;230m▀[48;2;33;58;8m[38;2;57;88;12m▀[48;2;57;88;12m[38;2;33;58;8m▀[48;2;254;107;246m[38;2;254;107;247m▀[48;2;252;68;0m       [48;2;155;65;3m[38;2;57;88;12m▀[48;2;33;58;8m▀[48;2;123;136;110m   [48;2;57;88;12m [48;2;33;58;8m▀[48;2;254;107;247m[38;2;33;58;8m▀[48;2;33;58;8m [48;2;123;136;110m[38;2;230;230;230m▀[48;2;230;230;230m[38;2;0;0;0m▀[48;2;0;0;0m     [m
[48;2;0;0;0m       [48;2;123;136;110m[38;2;230;230;230m▀[48;2;33;58;8m  [48;2;252;68;0m[38;2;254;107;246m▀         [38;2;53;59;7m▀[48;2;57;88;12m[38;2;123;136;110m▀[48;2;123;136;110m  [48;2;33;58;8m[38;2;57;88;12m▀[48;2;254;107;247m▀ [48;2;57;88;12m[38;2;33;58;8m▀[48;2;33;58;8m[38;2;57;88;12m▀[48;2;230;230;230m [48;2;0;0;0m     [m
[48;2;0;0;0m     [48;2;230;230;230m[38;2;0;0;0m▀[48;2;57;88;12m[38;2;230;230;230m▀[48;2;33;58;8m [48;2;104;64;5m[38;2;33;58;8m▀[48;2;254;107;246m[38;2;252;68;0m▀[48;2;104;64;5m▀[48;2;254;107;246m▀[48;2;252;68;0m       [48;2;254;107;246m▀▀[48;2;84;63;6m▀[38;2;57;88;12m▀[48;2;33;58;8m  [48;2;254;107;247m  [48;2;33;58;8m  [48;2;230;230;230m [48;2;0;0;0m     [m
[48;2;0;0;0m    [48;2;230;230;230m[38;2;0;0;0m▀[48;2;33;58;8m[38;2;123;136;110m▀ [48;2;254;107;247m[38;2;57;88;12m▀  ▀[48;2;57;88;12m [48;2;252;68;0m       [48;2;254;107;247m  [38;2;33;58;8m▀▀▀  [48;2;57;88;12m[38;2;254;107;247m▀[48;2;33;58;8m [48;2;230;230;230m[38;2;123;136;110m▀[48;2;0;0;0m[38;2;230;230;230m▀     [m
[48;2;0;0;0m [48;2;230;230;230m[38;2;0;0;0m▀[48;2;123;136;110m[38;2;230;230;230m▀[48;2;33;58;8m[38;2;123;136;110m▀ [48;2;254;107;247m[38;2;33;58;8m▀     [38;2;57;88;12m▀[48;2;252;68;0m       [48;2;254;107;247m       [48;2;57;88;12m[38;2;33;58;8m▀[48;2;33;58;8m [48;2;230;230;230m [48;2;0;0;0m      [m
[48;2;0;0;0m [38;2;230;230;230m▀[38;2;33;58;8m▀▀▀▀▀▀▀▀▀▀[38;2;252;68;0m▀▀▀▀▀▀▀[38;2;33;58;8m▀▀▀▀▀▀▀▀▀[38;2;230;230;230m▀      [m
