[48;2;0;0;0m                                   [m
[48;2;0;0;0m                                   [m
[48;2;0;0;0m           [48;2;231;231;231m[38;2;0;0;0m▀▀▀ [48;2;118;117;107m[38;2;231;231;231m▀▀▀▀[48;2;231;231;231m[38;2;0;0;0m▀▀[48;2;0;0;0m              [m
[48;2;0;0;0m         [48;2;231;231;231m[38;2;0;0;0m▀[48;2;33;57;8m[38;2;231;231;231m▀[38;2;118;117;107m▀ [48;2;57;82;7m[38;2;33;57;8m▀▀[48;2;254;163;254m▀▀▀[48;2;57;82;7m▀▀[48;2;33;57;8m [38;2;231;231;231m▀[48;2;231;231;231m[38;2;0;0;0m▀[48;2;0;0;0m            [m
[48;2;0;0;0m       [48;2;231;231;231m [48;2;33;57;8m[38;2;118;117;107m▀ [48;2;254;163;254m[38;2;33;57;8m▀ [48;2;57;82;7m[38;2;254;163;254m▀[48;2;33;57;8m▀[48;2;254;163;254m       [48;2;57;82;7m[38;2;33;57;8m▀[48;2;33;57;8m [48;2;118;117;107m[38;2;231;231;231m▀[48;2;0;0;0m           [m
[48;2;0;0;0m     [48;2;231;231;231m[38;2;0;0;0m▀[48;2;118;117;107m[38;2;231;231;231m▀[48;2;33;57;8m [48;2;254;163;254m[38;2;33;57;8m▀   [48;2;57;82;7m▀[48;2;33;57;8m [48;2;254;163;254m [48;2;33;57;8m[38;2;254;163;254m▀ [48;2;118;117;107m[38;2;33;57;8m▀▀▀[48;2;33;57;8m   [38;2;118;117;107m▀[48;2;231;231;231m[38;2;0;0;0m▀[48;2;0;0;0m          [m
[48;2;0;0;0m    [48;2;231;231;231m[38;2;0;0;0m▀[48;2;118;117;107m[38;2;231;231;231m▀[48;2;33;57;8m [48;2;57;82;7m [48;2;254;163;254m  [48;2;254;68;0m[38;2;254;163;254m▀[48;2;254;163;254m    [48;2;33;57;8m[38;2;57;82;7m▀[48;2;57;82;7m [48;2;118;117;107m   [48;2;57;82;7m[38;2;33;57;8m▀ [48;2;254;163;254m[38;2;57;82;7m▀[48;2;33;57;8m [38;2;118;117;107m▀[48;2;231;231;231m[38;2;0;0;0m▀[48;2;0;0;0m         [m
[48;2;0;0;0m    [48;2;231;231;231m [48;2;33;57;8m [48;2;57;82;7m [48;2;254;163;254m [48;2;254;68;0m[38;2;254;163;254m▀   ▀[48;2;254;163;254m  [48;2;33;57;8m[38;2;57;82;7m▀[48;2;57;82;7m [48;2;118;117;107m   [48;2;57;82;7m[38;2;33;57;8m▀ [48;2;254;163;254m [38;2;57;82;7m▀[48;2;33;57;8m [48;2;118;117;107m[38;2;231;231;231m▀[48;2;231;231;231m[38;2;0;0;0m▀[48;2;0;0;0m        [m
[48;2;0;0;0m    [48;2;231;231;231m [48;2;33;57;8m [48;2;157;72;4m[38;2;254;163;254m▀[48;2;254;68;0m[38;2;241;76;17m▀     ▀[48;2;131;131;131m[38;2;254;163;254m▀[48;2;254;163;254m[38;2;57;82;7m▀[48;2;33;57;8m▀[48;2;118;117;107m  [48;2;57;82;7m[38;2;118;117;107m▀[48;2;33;57;8m [48;2;254;163;254m[38;2;57;82;7m▀  [48;2;57;82;7m[38;2;33;57;8m▀[48;2;33;57;8m [48;2;231;231;231m [48;2;0;0;0m        [m
[48;2;0;0;0m    [48;2;118;117;107m[38;2;231;231;231m▀[48;2;254;68;0m[38;2;60;81;7m▀         [38;2;254;163;254m▀[48;2;57;82;7m[38;2;33;57;8m▀[48;2;33;57;8m [38;2;57;82;7m▀ [48;2;57;82;7m[38;2;33;57;8m▀[48;2;254;163;254m   [48;2;57;82;7m▀[48;2;33;57;8m [48;2;231;231;231m [48;2;0;0;0m        [m
[48;2;0;0;0m   [48;2;147;111;78m[38;2;231;231;231m▀[48;2;95;74;6m[38;2;254;68;0m▀[48;2;105;73;6m▀[48;2;254;163;254m▀[48;2;254;68;0m       [48;2;254;163;254m▀▀▀[38;2;33;57;8m▀▀[38;2;57;82;7m▀   [48;2;57;82;7m[38;2;254;163;254m▀[48;2;33;57;8m [48;2;231;231;231m[38;2;118;117;107m▀[48;2;0;0;0m[38;2;231;231;231m▀        [m
[48;2;0;0;0m [48;2;231;231;231m[38;2;0;0;0m▀[48;2;33;57;8m[38;2;231;231;231m▀ [48;2;254;163;254m[38;2;57;82;7m▀  [48;2;254;68;0m       [48;2;57;82;7m[38;2;254;163;254m▀[48;2;254;163;254m        [38;2;33;57;8m▀[48;2;33;57;8m [48;2;118;117;107m[38;2;231;231;231m▀[48;2;0;0;0m         [m
[48;2;0;0;0m [38;2;231;231;231m▀[38;2;33;57;8m▀▀▀▀▀[38;2;254;68;0m▀▀▀▀▀▀▀[38;2;33;57;8m▀▀▀▀▀▀▀▀▀▀▀[38;2;231;231;231m▀         [m
