[48;2;0;0;0m                                   [m
[48;2;0;0;0m      [48;2;231;231;231m[38;2;0;0;0m▀[48;2;64;64;7m[38;2;231;231;231m▀[48;2;33;57;8m▀▀[38;2;123;139;107m▀[38;2;231;231;231m▀▀[48;2;123;139;107m▀[48;2;231;231;231m[38;2;0;0;0m▀[48;2;0;0;0m                    [m
[48;2;0;0;0m   [48;2;231;231;231m[38;2;0;0;0m▀[48;2;64;64;7m[38;2;231;231;231m▀[48;2;33;57;8m[38;2;123;139;107m▀ [48;2;140;181;254m[38;2;33;57;8m▀[38;2;64;64;7m▀▀▀▀[38;2;33;57;8m▀▀[48;2;33;57;8m [38;2;123;139;107m▀[48;2;231;231;231m[38;2;0;0;0m▀[48;2;0;0;0m                  [m
[48;2;0;0;0m  [48;2;123;139;107m[38;2;231;231;231m▀[48;2;33;57;8m[38;2;123;139;107m▀ [48;2;140;181;254m [48;2;33;57;8m[38;2;140;181;254m▀[48;2;64;64;7m▀[48;2;140;181;254m [48;2;33;57;8m▀▀▀▀▀[48;2;64;64;7m▀[48;2;33;57;8m  [38;2;231;231;231m▀[48;2;231;231;231m[38;2;0;0;0m▀[48;2;0;0;0m                [m
[48;2;231;231;231m[38;2;0;0;0m▀[48;2;123;139;107m[38;2;231;231;231m▀[48;2;33;57;8m [48;2;64;64;7m[38;2;33;57;8m▀[48;2;253;68;0m[38;2;140;181;254m▀[48;2;140;181;254m[38;2;64;64;7m▀[48;2;33;57;8m [48;2;64;64;7m [48;2;140;181;254m [48;2;33;57;8m [48;2;123;139;107m   ▀[48;2;33;57;8m  [48;2;64;64;7m[38;2;33;57;8m▀[48;2;33;57;8m [38;2;123;139;107m▀[48;2;231;231;231m[38;2;0;0;0m▀[48;2;0;0;0m               [m
[48;2;123;139;107m[38;2;231;231;231m▀[48;2;33;57;8m [48;2;253;68;0m[38;2;33;57;8m▀   [38;2;140;181;254m▀[48;2;140;181;254m [38;2;64;64;7m▀[48;2;33;57;8m [48;2;123;139;107m   ▀[48;2;33;57;8m [48;2;140;181;254m  ▀[48;2;64;64;7m[38;2;33;57;8m▀[48;2;33;57;8m[38;2;123;139;107m▀[48;2;231;231;231m[38;2;0;0;0m▀[48;2;0;0;0m              [m
[48;2;150;65;3m[38;2;64;64;7m▀[48;2;253;68;0m[38;2;227;66;1m▀     [38;2;239;69;8m▀[48;2;136;141;130m[38;2;140;181;254m▀[48;2;33;57;8m [48;2;123;139;107m   [48;2;64;64;7m [38;2;33;57;8m▀[48;2;140;181;254m    [48;2;33;57;8m [48;2;64;64;7m[38;2;123;139;107m▀[48;2;231;231;231m[38;2;0;0;0m▀[48;2;0;0;0m             [m
[48;2;253;68;0m         [38;2;64;64;7m▀[48;2;33;57;8m▀[48;2;64;64;7m[38;2;123;139;107m▀[48;2;33;57;8m▀ [48;2;140;181;254m     [48;2;33;57;8m [48;2;123;139;107m [48;2;0;0;0m[38;2;231;231;231m▀             [m
[48;2;138;95;76m[38;2;253;68;0m▀[48;2;253;68;0m       [48;2;153;165;186m▀▀[48;2;120;65;5m▀[48;2;84;64;6m[38;2;33;57;8m▀[48;2;33;57;8m [48;2;140;181;254m[38;2;64;64;7m▀     [48;2;64;64;7m[38;2;33;57;8m▀[48;2;33;57;8m[38;2;123;139;107m▀[48;2;123;139;107m[38;2;231;231;231m▀[48;2;0;0;0m             [m
[48;2;231;231;231m [48;2;253;68;0m       [48;2;140;181;254m   [38;2;64;64;7m▀        [38;2;33;57;8m▀[48;2;64;64;7m▀[48;2;33;57;8m[38;2;123;139;107m▀[38;2;231;231;231m▀[38;2;0;0;0m▀[48;2;231;231;231m▀[48;2;0;0;0m         [m
[48;2;231;231;231m [48;2;253;68;0m       [48;2;64;64;7m[38;2;140;181;254m▀[48;2;140;181;254m             [38;2;64;64;7m▀▀[48;2;64;64;7m[38;2;33;57;8m▀[48;2;33;57;8m [38;2;123;139;107m▀[48;2;64;64;7m[38;2;231;231;231m▀[48;2;231;231;231m[38;2;0;0;0m▀[48;2;0;0;0m      [m
[48;2;231;231;231m [48;2;253;68;0m       [48;2;140;181;254m[38;2;64;64;7m▀[48;2;64;64;7m [38;2;140;181;254m▀[48;2;140;181;254m               [38;2;33;57;8m▀[48;2;64;64;7m▀[48;2;33;57;8m [38;2;231;231;231m▀[48;2;231;231;231m[38;2;0;0;0m▀[48;2;0;0;0m    [m
[48;2;0;0;0m[38;2;231;231;231m▀[38;2;33;57;8m▀▀▀▀▀▀▀▀▀▀▀▀▀▀▀▀▀▀▀▀▀▀▀▀▀▀▀▀▀[38;2;123;139;107m▀    [m
