[48;2;0;0;0m            [48;2;233;231;229m[38;2;0;0;0m▀ [48;2;33;56;8m[38;2;123;139;107m▀      ▀[48;2;233;231;229m[38;2;0;0;0m▀[48;2;0;0;0m            [m
[48;2;0;0;0m          [48;2;233;231;229m[38;2;0;0;0m▀[48;2;123;139;107m[38;2;233;231;229m▀[48;2;33;56;8m [48;2;58;84;6m[38;2;33;56;8m▀[48;2;254;214;140m▀[38;2;58;84;6m▀  ▀ ▀[38;2;33;56;8m▀[48;2;33;56;8m [38;2;123;139;107m▀[48;2;233;231;229m[38;2;0;0;0m▀[48;2;0;0;0m          [m
[48;2;0;0;0m         [48;2;123;139;107m[38;2;233;231;229m▀[48;2;33;56;8m[38;2;58;84;6m▀[48;2;58;84;6m[38;2;33;56;8m▀[48;2;254;214;140m[38;2;58;84;6m▀[48;2;58;84;6m [48;2;33;56;8m [48;2;58;84;6m[38;2;254;214;140m▀[48;2;33;56;8m[38;2;58;84;6m▀[48;2;58;84;6m[38;2;33;56;8m▀[48;2;123;139;107m▀▀[48;2;58;84;6m▀[48;2;33;56;8m[38;2;58;84;6m▀  ▀[48;2;233;231;229m[38;2;0;0;0m▀[48;2;0;0;0m         [m
[48;2;0;0;0m        [48;2;233;231;229m [48;2;33;56;8m  [48;2;254;214;140m [48;2;254;68;0m[38;2;254;214;140m▀[48;2;254;214;140m[38;2;58;84;6m▀[38;2;33;56;8m▀ [48;2;33;56;8m [48;2;123;139;107m    [48;2;33;56;8m [48;2;254;214;140m▀▀[48;2;58;84;6m▀[48;2;33;56;8m [48;2;123;139;107m[38;2;233;231;229m▀[48;2;0;0;0m        [m
[48;2;0;0;0m       [48;2;233;231;229m[38;2;0;0;0m▀[48;2;33;56;8m[38;2;123;139;107m▀ [48;2;254;68;0m[38;2;254;214;140m▀   ▀[48;2;254;214;140m [48;2;33;56;8m [48;2;123;139;107m  [48;2;67;84;5m[38;2;123;139;107m▀[48;2;123;139;107m [48;2;33;56;8m [48;2;254;214;140m   [38;2;33;56;8m▀[48;2;33;56;8m [48;2;233;231;229m [48;2;0;0;0m       [m
[48;2;0;0;0m       [48;2;123;139;107m[38;2;233;231;229m▀[48;2;139;80;3m[38;2;33;56;8m▀[48;2;254;68;0m[38;2;220;68;1m▀      [48;2;164;77;3m[38;2;33;56;8m▀[48;2;33;56;8m[38;2;67;84;5m▀[48;2;123;139;107m  [48;2;33;56;8m[38;2;123;139;107m▀[48;2;58;84;6m[38;2;33;56;8m▀[48;2;254;214;140m   [38;2;58;84;6m▀[48;2;33;56;8m [48;2;123;139;107m [48;2;0;0;0m       [m
[48;2;0;0;0m       [48;2;254;68;0m[38;2;119;132;107m▀         [38;2;34;59;8m▀[48;2;33;56;8m[38;2;58;84;6m▀▀ [48;2;254;214;140m▀   ▀[48;2;33;56;8m [48;2;123;139;107m [48;2;0;0;0m       [m
[48;2;0;0;0m     [48;2;254;68;0m[38;2;0;0;0m▀ [48;2;148;84;61m[38;2;254;68;0m▀[48;2;93;83;5m▀[48;2;254;68;0m       [48;2;254;213;140m▀▀▀[48;2;118;82;4m[38;2;33;56;8m▀[48;2;254;214;140m     [38;2;58;84;6m▀[48;2;33;56;8m [48;2;233;231;229m [48;2;0;0;0m       [m
[48;2;0;0;0m      [48;2;233;231;229m [48;2;33;56;8m  [48;2;254;68;0m       [48;2;254;214;140m         [38;2;58;84;6m▀[48;2;33;56;8m [38;2;123;139;107m▀[48;2;233;231;229m[38;2;0;0;0m▀[48;2;0;0;0m      [m
[48;2;0;0;0m    [48;2;233;231;229m[38;2;0;0;0m▀[48;2;33;56;8m[38;2;123;139;107m▀ [48;2;58;84;6m[38;2;33;56;8m▀[48;2;254;214;140m[38;2;58;84;6m▀[48;2;254;68;0m       [48;2;254;214;140m          ▀[48;2;33;56;8m [38;2;123;139;107m▀[48;2;233;231;229m[38;2;0;0;0m▀[48;2;0;0;0m     [m
[48;2;0;0;0m  [48;2;233;231;229m[38;2;0;0;0m▀[48;2;33;56;8m[38;2;123;139;107m▀ [48;2;58;84;6m[38;2;33;56;8m▀[48;2;254;214;140m   [48;2;254;68;0m       [48;2;254;214;140m           [38;2;58;84;6m▀[48;2;33;56;8m [38;2;123;139;107m▀[48;2;233;231;229m[38;2;0;0;0m▀[48;2;0;0;0m    [m
[48;2;0;0;0m [48;2;123;139;107m[38;2;233;231;229m▀[48;2;58;84;6m[38;2;123;139;107m▀[48;2;33;56;8m [48;2;58;84;6m [48;2;254;214;140m                       [38;2;58;84;6m▀[48;2;33;56;8m [48;2;123;139;107m[38;2;233;231;229m▀[48;2;0;0;0m    [m
[48;2;0;0;0m [38;2;233;231;229m▀[38;2;33;56;8m▀▀▀▀▀▀▀▀▀▀▀▀▀▀▀▀▀▀▀▀▀▀▀▀▀▀▀▀[38;2;123;139;107m▀    [m
