[48;2;0;0;0m        [48;2;231;231;231m[38;2;0;0;0m▀▀▀▀▀▀[48;2;0;0;0m                     [m
[48;2;0;0;0m     [48;2;231;231;231m[38;2;0;0;0m▀▀[48;2;33;57;8m[38;2;231;231;231m▀[38;2;123;135;111m▀▀▀[38;2;59;82;8m▀▀[38;2;231;231;231m▀▀[48;2;231;231;231m[38;2;0;0;0m▀▀[48;2;0;0;0m                  [m
[48;2;0;0;0m   [48;2;231;231;231m[38;2;0;0;0m▀[48;2;123;135;111m[38;2;231;231;231m▀[48;2;33;57;8m[38;2;123;135;111m▀ [48;2;141;253;253m[38;2;33;57;8m▀[38;2;59;82;8m▀    [38;2;33;57;8m▀▀[48;2;59;82;8m▀[48;2;33;57;8m[38;2;123;135;111m▀[48;2;123;135;111m[38;2;231;231;231m▀[48;2;231;231;231m[38;2;0;0;0m▀[48;2;0;0;0m                [m
[48;2;0;0;0m  [48;2;231;231;231m [48;2;33;57;8m[38;2;123;135;111m▀ [48;2;141;253;253m[38;2;59;82;8m▀[48;2;33;57;8m  [48;2;59;82;8m[38;2;141;253;253m▀▀[48;2;33;57;8m [48;2;123;135;111m[38;2;33;57;8m▀[48;2;59;82;8m▀▀[48;2;33;57;8m[38;2;59;82;8m▀   [38;2;231;231;231m▀[48;2;231;231;231m[38;2;0;0;0m▀[48;2;0;0;0m               [m
[48;2;0;0;0m [48;2;231;231;231m[38;2;0;0;0m▀[48;2;33;57;8m[38;2;123;135;111m▀[48;2;254;68;0m[38;2;33;57;8m▀ [38;2;141;253;253m▀[48;2;141;253;253m[38;2;59;82;8m▀▀ [48;2;33;57;8m [48;2;59;82;8m [48;2;123;135;111m   [48;2;59;82;8m[38;2;33;57;8m▀▀[48;2;141;253;253m▀[38;2;59;82;8m▀[48;2;33;57;8m [38;2;231;231;231m▀[48;2;231;231;231m[38;2;0;0;0m▀[48;2;0;0;0m              [m
[48;2;231;231;231m[38;2;0;0;0m▀[48;2;252;68;1m[38;2;231;231;231m▀[48;2;254;68;0m     [48;2;236;69;9m[38;2;141;253;253m▀[48;2;141;253;253m [48;2;33;57;8m[38;2;59;82;8m▀[48;2;59;82;8m [48;2;123;135;111m   [48;2;33;57;8m [48;2;59;82;8m [48;2;141;253;253m  ▀[48;2;33;57;8m [48;2;123;135;111m[38;2;231;231;231m▀[48;2;231;231;231m[38;2;0;0;0m▀[48;2;0;0;0m             [m
[48;2;254;68;0m[38;2;152;152;152m▀       [38;2;164;164;164m▀[48;2;156;249;247m[38;2;59;82;8m▀[48;2;33;57;8m▀[48;2;123;135;111m   [48;2;33;57;8m [48;2;141;253;253m▀   [38;2;33;57;8m▀[48;2;33;57;8m [48;2;231;231;231m [48;2;0;0;0m             [m
[48;2;254;68;0m          [38;2;33;57;8m▀[48;2;33;57;8m[38;2;59;82;8m▀[38;2;123;135;111m▀  [48;2;141;253;253m    [48;2;59;82;8m [48;2;33;57;8m [48;2;231;231;231m [48;2;0;0;0m             [m
[48;2;0;0;0m[38;2;254;68;0m▀[48;2;254;68;0m       [48;2;141;253;253m[38;2;189;189;189m▀▀▀[48;2;59;82;8m[38;2;96;82;7m▀[48;2;33;57;8m [48;2;141;253;253m[38;2;33;57;8m▀     [38;2;59;82;8m▀[48;2;33;57;8m [38;2;231;231;231m▀[48;2;59;82;8m[38;2;0;0;0m▀[48;2;231;231;231m▀[48;2;0;0;0m           [m
[48;2;0;0;0m [48;2;254;68;0m       [48;2;141;253;253m             [38;2;33;57;8m▀▀[48;2;33;57;8m [38;2;123;135;111m▀[38;2;231;231;231m▀[48;2;123;135;111m[38;2;0;0;0m▀[48;2;231;231;231m▀[48;2;0;0;0m       [m
[48;2;0;0;0m [48;2;254;68;0m       [48;2;59;82;8m [38;2;141;253;253m▀▀[48;2;141;253;253m             [38;2;59;82;8m▀[38;2;33;57;8m▀[48;2;33;57;8m [38;2;123;135;111m▀[38;2;231;231;231m▀[48;2;231;231;231m[38;2;0;0;0m▀[48;2;0;0;0m     [m
[48;2;0;0;0m [38;2;254;68;0m▀[48;2;123;135;111m▀[48;2;33;57;8m▀[48;2;141;253;253m▀▀▀▀[38;2;59;82;8m▀▀▀                [38;2;33;57;8m▀▀[48;2;33;57;8m [38;2;231;231;231m▀[48;2;123;135;111m[38;2;0;0;0m▀[48;2;0;0;0m   [m
[48;2;0;0;0m  [38;2;123;135;111m▀[38;2;33;57;8m▀▀▀▀▀▀▀▀▀▀▀▀▀▀▀▀▀▀▀▀▀▀▀▀▀▀▀▀[38;2;123;135;111m▀   [m
