[48;2;0;0;0m                                   [m
[48;2;0;0;0m        [48;2;231;231;231m[38;2;0;0;0m▀▀▀▀▀▀▀[48;2;0;0;0m                    [m
[48;2;0;0;0m     [48;2;231;231;231m[38;2;0;0;0m▀▀[48;2;33;58;8m[38;2;231;231;231m▀▀[38;2;123;136;111m▀ [38;2;57;84;10m▀ [38;2;123;136;111m▀▀[38;2;231;231;231m▀▀[48;2;231;231;231m[38;2;0;0;0m▀[48;2;0;0;0m                 [m
[48;2;0;0;0m    [48;2;123;136;111m[38;2;231;231;231m▀[48;2;33;58;8m[38;2;123;136;111m▀ [48;2;214;140;254m[38;2;33;58;8m▀[38;2;57;84;10m▀[48;2;57;84;10m[38;2;214;140;254m▀[48;2;214;140;254m    [38;2;57;84;10m▀▀[38;2;33;58;8m▀[48;2;33;58;8m [38;2;231;231;231m▀[48;2;231;231;231m[38;2;0;0;0m▀[48;2;0;0;0m               [m
[48;2;0;0;0m   [48;2;123;136;111m[38;2;231;231;231m▀[48;2;33;58;8m [48;2;57;84;10m[38;2;33;58;8m▀[48;2;214;140;254m  [38;2;57;84;10m▀[48;2;33;58;8m ▀[38;2;214;140;254m▀ [48;2;123;136;111m[38;2;33;58;8m▀▀[48;2;57;84;10m▀[48;2;33;58;8m[38;2;57;84;10m▀  [48;2;57;84;10m[38;2;231;231;231m▀[48;2;0;0;0m               [m
[48;2;0;0;0m  [48;2;231;231;231m [48;2;33;58;8m [48;2;57;84;10m[38;2;33;58;8m▀[48;2;214;140;254m [48;2;254;68;1m[38;2;214;140;254m▀[48;2;214;140;254m  [38;2;57;84;10m▀ [48;2;33;58;8m [48;2;62;83;12m[38;2;123;136;111m▀[48;2;123;136;111m   [48;2;33;58;8m [48;2;214;140;254m[38;2;57;84;10m▀[38;2;33;58;8m▀[48;2;57;84;10m▀[48;2;33;58;8m[38;2;231;231;231m▀[48;2;123;136;111m[38;2;0;0;0m▀[48;2;0;0;0m             [m
[48;2;0;0;0m  [48;2;123;136;111m[38;2;231;231;231m▀[48;2;33;58;8m [48;2;254;68;1m[38;2;57;84;10m▀   [38;2;214;140;254m▀[48;2;214;140;254m  [48;2;33;58;8m [48;2;123;136;111m    [48;2;33;58;8m [48;2;214;140;254m   [38;2;33;58;8m▀[48;2;33;58;8m [48;2;123;136;111m[38;2;231;231;231m▀[48;2;0;0;0m            [m
[48;2;0;0;0m [48;2;231;231;231m [48;2;142;77;23m[38;2;33;58;8m▀[48;2;254;68;1m[38;2;235;70;17m▀     [38;2;226;76;31m▀[48;2;135;139;131m[38;2;214;140;254m▀[48;2;214;140;254m[38;2;33;58;8m▀[48;2;33;58;8m[38;2;57;84;10m▀[48;2;123;136;111m  [48;2;57;84;10m[38;2;123;136;111m▀[38;2;33;58;8m▀[48;2;214;140;254m    [48;2;57;84;10m▀[48;2;33;58;8m [48;2;231;231;231m [48;2;0;0;0m           [m
[48;2;0;0;0m [48;2;254;68;1m[38;2;228;216;234m▀         [38;2;75;80;17m▀[48;2;33;58;8m [38;2;57;84;10m▀[38;2;123;136;111m▀ [48;2;57;84;10m [48;2;214;140;254m    [38;2;57;84;10m▀[48;2;33;58;8m [48;2;123;136;111m [48;2;0;0;0m           [m
[48;2;254;68;1m [48;2;187;187;187m[38;2;254;68;1m▀[48;2;106;78;20m▀[48;2;254;68;1m       [48;2;215;138;248m▀▀▀[48;2;106;78;20m[38;2;33;58;8m▀[48;2;57;84;10m▀[48;2;214;140;254m[38;2;57;84;10m▀      [48;2;33;58;8m [38;2;123;136;111m▀[48;2;231;231;231m[38;2;0;0;0m▀[48;2;0;0;0m          [m
[48;2;231;231;231m[38;2;0;0;0m▀ [48;2;33;58;8m [48;2;254;68;1m       [48;2;214;140;254m            [38;2;57;84;10m▀[38;2;33;58;8m▀[48;2;33;58;8m [38;2;231;231;231m▀[48;2;231;231;231m[38;2;0;0;0m▀[48;2;0;0;0m        [m
[48;2;231;231;231m [48;2;123;136;111m [48;2;33;58;8m [48;2;254;68;1m       [48;2;57;84;10m  [38;2;214;140;254m▀▀[48;2;214;140;254m          [38;2;57;84;10m▀[48;2;57;84;10m[38;2;33;58;8m▀[48;2;33;58;8m [48;2;123;136;111m[38;2;231;231;231m▀[48;2;231;231;231m[38;2;0;0;0m▀[48;2;0;0;0m      [m
[48;2;0;0;0m [38;2;231;231;231m▀[38;2;33;58;8m▀[38;2;254;68;1m▀▀▀▀▀▀▀[38;2;33;58;8m▀▀▀▀▀▀▀▀▀▀▀▀▀▀▀▀▀▀[38;2;231;231;231m▀      [m
