[48;2;0;0;0m                                   [m
[48;2;0;0;0m                     [48;2;231;231;231m  [48;2;131;141;117m[38;2;231;231;231m▀[48;2;231;231;231m  [48;2;0;0;0m         [m
[48;2;0;0;0m                [48;2;231;231;231m[38;2;0;0;0m▀▀[48;2;43;71;8m[38;2;231;231;231m▀[48;2;33;56;8m▀  [48;2;43;71;8m[38;2;33;56;8m▀[48;2;254;106;106m▀[48;2;43;71;8m▀[48;2;33;56;8m  [38;2;231;231;231m▀[48;2;131;141;117m▀[48;2;231;231;231m[38;2;0;0;0m▀[48;2;0;0;0m     [m
[48;2;0;0;0m              [48;2;231;231;231m[38;2;0;0;0m▀[48;2;33;56;8m[38;2;231;231;231m▀[38;2;43;71;8m▀[48;2;43;71;8m[38;2;33;56;8m▀▀[48;2;254;106;106m[38;2;43;71;8m▀[48;2;33;56;8m▀▀[48;2;254;106;106m  [48;2;43;71;8m[38;2;254;106;106m▀▀[48;2;33;56;8m▀[48;2;43;71;8m[38;2;33;56;8m▀[48;2;33;56;8m [48;2;43;71;8m[38;2;231;231;231m▀[48;2;231;231;231m[38;2;0;0;0m▀[48;2;0;0;0m    [m
[48;2;0;0;0m             [48;2;231;231;231m [48;2;33;56;8m[38;2;131;141;117m▀ [48;2;254;106;106m  [48;2;254;68;0m[38;2;254;106;106m▀[48;2;254;106;106m [38;2;33;56;8m▀▀ [48;2;33;56;8m [48;2;43;71;8m▀[48;2;131;141;117m[38;2;43;71;8m▀▀[38;2;33;56;8m▀[48;2;33;56;8m  [48;2;43;71;8m[38;2;231;231;231m▀[48;2;231;231;231m[38;2;0;0;0m▀[48;2;0;0;0m   [m
[48;2;0;0;0m            [48;2;231;231;231m [48;2;33;56;8m [48;2;43;71;8m[38;2;33;56;8m▀[48;2;254;106;106m [48;2;254;68;0m[38;2;254;106;106m▀   ▀[48;2;254;106;106m  [48;2;33;56;8m [48;2;43;71;8m[38;2;131;141;117m▀[48;2;131;141;117m   [48;2;33;56;8m [48;2;254;106;106m[38;2;43;71;8m▀[48;2;33;56;8m [38;2;131;141;117m▀[48;2;231;231;231m [48;2;0;0;0m  [m
[48;2;0;0;0m           [48;2;131;141;117m[38;2;231;231;231m▀[48;2;33;56;8m  [48;2;254;89;59m[38;2;254;106;106m▀[48;2;254;68;0m[38;2;254;71;9m▀     [38;2;254;74;16m▀[48;2;254;89;59m[38;2;254;106;106m▀[48;2;33;56;8m [48;2;43;71;8m[38;2;131;141;117m▀[48;2;131;141;117m   [48;2;33;56;8m [48;2;43;71;8m[38;2;254;106;106m▀[48;2;254;106;106m[38;2;43;71;8m▀[48;2;33;56;8m  [48;2;0;0;0m  [m
[48;2;0;0;0m          [48;2;131;141;117m[38;2;231;231;231m▀[48;2;33;56;8m [48;2;43;71;8m[38;2;33;56;8m▀[48;2;254;68;0m[38;2;43;71;8m▀         ▀[48;2;33;56;8m▀[48;2;43;71;8m[38;2;131;141;117m▀[48;2;131;141;117m [48;2;33;56;8m▀ [48;2;254;106;106m  [48;2;33;56;8m  [48;2;0;0;0m  [m
[48;2;0;0;0m        [48;2;231;231;231m[38;2;0;0;0m▀[48;2;33;56;8m[38;2;131;141;117m▀ [48;2;253;97;80m[38;2;43;71;8m▀[38;2;254;68;0m▀▀[48;2;102;81;77m▀[48;2;254;68;0m       [48;2;253;97;80m▀▀▀[48;2;36;62;8m[38;2;33;56;8m▀[48;2;33;56;8m  [48;2;254;106;106m[38;2;43;71;8m▀  [48;2;33;56;8m  [48;2;0;0;0m  [m
[48;2;0;0;0m      [48;2;231;231;231m[38;2;0;0;0m▀[48;2;33;56;8m[38;2;231;231;231m▀[38;2;131;141;117m▀[48;2;43;71;8m[38;2;33;56;8m▀[48;2;254;106;106m    [38;2;43;71;8m▀[48;2;254;68;0m       [48;2;254;106;106m   [38;2;33;56;8m▀▀   [48;2;33;56;8m[38;2;43;71;8m▀ [48;2;231;231;231m[38;2;33;56;8m▀[48;2;0;0;0m  [m
[48;2;0;0;0m    [48;2;231;231;231m[38;2;0;0;0m▀[48;2;131;141;117m[38;2;231;231;231m▀[48;2;33;56;8m[38;2;43;71;8m▀[48;2;43;71;8m[38;2;33;56;8m▀[48;2;254;106;106m[38;2;43;71;8m▀      [48;2;254;68;0m       [48;2;254;106;106m        [48;2;33;56;8m [48;2;131;141;117m [48;2;0;0;0m[38;2;231;231;231m▀  [m
[48;2;0;0;0m [48;2;231;231;231m[38;2;0;0;0m▀▀[48;2;33;56;8m[38;2;231;231;231m▀[38;2;43;71;8m▀[48;2;43;71;8m[38;2;33;56;8m▀[48;2;254;106;106m         [48;2;254;68;0m       [48;2;254;106;106m       [38;2;43;71;8m▀[48;2;33;56;8m [48;2;131;141;117m[38;2;231;231;231m▀[48;2;231;231;231m[38;2;0;0;0m▀[48;2;0;0;0m  [m
[48;2;0;0;0m [38;2;231;231;231m▀[38;2;43;71;8m▀[38;2;33;56;8m▀▀▀▀▀▀▀▀▀▀▀▀▀▀▀▀▀▀▀▀▀▀▀▀▀▀▀▀[38;2;131;141;117m▀[38;2;231;231;231m▀  [m
