[48;2;0;0;0m                                   [m
[48;2;0;0;0m                                   [m
[48;2;0;0;0m                  [48;2;231;231;231m[38;2;0;0;0m▀▀[48;2;123;132;115m▀[48;2;58;79;6m[38;2;231;231;231m▀[48;2;33;57;8m▀▀[48;2;123;132;115m▀[38;2;0;0;0m▀[48;2;231;231;231m▀[48;2;0;0;0m        [m
[48;2;0;0;0m               [48;2;231;231;231m[38;2;0;0;0m▀[48;2;123;132;115m[38;2;231;231;231m▀[48;2;33;57;8m▀ [48;2;58;79;6m[38;2;33;57;8m▀▀[48;2;252;109;181m▀▀▀▀[48;2;58;79;6m▀[48;2;33;57;8m [38;2;123;132;115m▀[48;2;231;231;231m[38;2;0;0;0m▀[48;2;0;0;0m      [m
[48;2;0;0;0m             [48;2;231;231;231m[38;2;0;0;0m▀[48;2;33;57;8m[38;2;231;231;231m▀ [48;2;58;79;6m[38;2;33;57;8m▀[48;2;252;109;181m[38;2;58;79;6m▀ [48;2;33;57;8m  [48;2;252;109;181m [48;2;33;57;8m[38;2;252;109;181m▀[38;2;58;79;6m▀▀[48;2;58;79;6m [48;2;33;57;8m▀ [38;2;123;132;115m▀[48;2;231;231;231m[38;2;0;0;0m▀[48;2;0;0;0m     [m
[48;2;0;0;0m            [48;2;231;231;231m[38;2;0;0;0m▀[48;2;33;57;8m[38;2;123;132;115m▀ [48;2;252;109;181m[38;2;58;79;6m▀[48;2;253;68;0m[38;2;252;109;181m▀ ▀[48;2;252;109;181m[38;2;33;57;8m▀▀ [48;2;33;57;8m [48;2;123;132;115m    [48;2;33;57;8m  [38;2;231;231;231m▀[48;2;231;231;231m[38;2;0;0;0m▀[48;2;0;0;0m    [m
[48;2;0;0;0m           [48;2;231;231;231m[38;2;0;0;0m▀[48;2;33;57;8m[38;2;123;132;115m▀ [48;2;253;68;0m[38;2;58;79;6m▀     [38;2;252;109;181m▀[48;2;252;109;181m [48;2;33;57;8m [48;2;123;132;115m[38;2;71;80;5m▀   [48;2;33;57;8m [48;2;252;109;181m[38;2;58;79;6m▀[48;2;33;57;8m [38;2;231;231;231m▀[48;2;231;231;231m[38;2;0;0;0m▀[48;2;0;0;0m   [m
[48;2;0;0;0m         [48;2;231;231;231m[38;2;0;0;0m▀[48;2;33;57;8m[38;2;231;231;231m▀ [48;2;85;80;5m[38;2;33;57;8m▀[48;2;253;68;0m[38;2;252;109;180m▀       ▀[48;2;58;79;6m[38;2;33;57;8m▀[38;2;123;132;115m▀[48;2;123;132;115m  [48;2;71;80;5m▀[48;2;33;57;8m [48;2;252;109;181m [38;2;33;57;8m▀[48;2;33;57;8m [48;2;123;132;115m[38;2;231;231;231m▀[48;2;0;0;0m   [m
[48;2;0;0;0m        [48;2;231;231;231m[38;2;0;0;0m▀[48;2;33;57;8m[38;2;123;132;115m▀ [48;2;253;68;0m[38;2;33;57;8m▀           ▀[48;2;33;57;8m[38;2;123;132;115m▀▀ [48;2;58;79;6m [48;2;252;109;181m [38;2;58;79;6m▀[48;2;33;57;8m [48;2;123;132;115m [48;2;0;0;0m   [m
[48;2;0;0;0m      [48;2;231;231;231m[38;2;0;0;0m▀[48;2;33;57;8m[38;2;231;231;231m▀ [48;2;58;79;6m[38;2;33;57;8m▀[48;2;252;109;181m[38;2;252;109;180m▀[38;2;106;77;4m▀[48;2;58;79;6m▀▀[48;2;253;68;0m       [48;2;252;109;181m[38;2;252;109;180m▀▀[38;2;85;80;5m▀[48;2;33;57;8m▀ [48;2;58;79;6m [48;2;252;109;181m  [38;2;58;79;6m▀[48;2;33;57;8m [48;2;231;231;231m [48;2;0;0;0m   [m
[48;2;0;0;0m   [48;2;231;231;231m[38;2;0;0;0m▀[48;2;123;132;115m[38;2;231;231;231m▀[48;2;33;57;8m▀ [48;2;252;109;181m[38;2;33;57;8m▀     [48;2;58;79;6m [48;2;253;68;0m       [48;2;252;109;181m       [48;2;58;79;6m[38;2;252;109;181m▀[48;2;33;57;8m [48;2;231;231;231m[38;2;33;57;8m▀[48;2;0;0;0m[38;2;231;231;231m▀   [m
[48;2;231;231;231m[38;2;0;0;0m▀▀[48;2;33;57;8m[38;2;231;231;231m▀  [48;2;252;109;181m[38;2;33;57;8m▀        [48;2;253;68;0m       [48;2;252;109;181m       [48;2;33;57;8m  [48;2;231;231;231m [48;2;0;0;0m    [m
[48;2;0;0;0m[38;2;231;231;231m▀[38;2;123;132;115m▀[38;2;33;57;8m▀▀▀▀▀▀▀▀▀▀▀▀[38;2;253;68;0m▀▀▀▀▀▀▀[38;2;33;57;8m▀▀▀▀▀▀▀▀[38;2;123;132;115m▀     [m
