[48;2;241;230;198m[38;2;0;0;0m▀[48;2;227;198;120m[38;2;238;222;179m▀[48;2;225;195;117m[38;2;226;197;119m▀[48;2;216;184;104m[38;2;222;191;112m▀[48;2;219;187;108m[38;2;215;182;102m▀[48;2;214;181;101m[38;2;213;178;98m▀[38;2;212;177;97m▀[48;2;224;194;116m[38;2;211;176;95m▀[48;2;222;191;112m[38;2;219;186;106m▀[48;2;210;174;94m[38;2;218;185;106m▀[48;2;214;181;101m[38;2;225;195;117m▀[48;2;224;194;116m[38;2;220;190;114m▀[48;2;225;196;116m[38;2;217;184;107m▀[48;2;219;187;108m[38;2;219;186;106m▀[48;2;213;178;98m[38;2;227;198;120m▀[48;2;225;195;121m[38;2;237;219;171m▀[48;2;241;228;189m[38;2;254;254;252m▀[48;2;0;0;0m                  [m
[48;2;227;198;120m [48;2;221;190;112m[38;2;225;197;125m▀[48;2;224;196;121m[38;2;220;188;110m▀[48;2;219;186;109m[38;2;222;192;114m▀[48;2;212;177;97m[38;2;216;184;104m▀[48;2;223;193;114m[38;2;211;176;95m▀[48;2;222;192;114m[38;2;224;194;116m▀[48;2;224;194;116m[38;2;222;192;114m▀[48;2;227;199;121m[38;2;221;190;112m▀[48;2;225;195;117m[38;2;215;182;102m▀[48;2;218;185;106m[38;2;210;174;94m▀[48;2;220;188;110m[38;2;219;186;109m▀[48;2;230;201;121m[38;2;227;199;121m▀[48;2;227;198;120m[38;2;230;201;121m▀[48;2;228;199;119m[38;2;220;187;107m▀[48;2;216;184;104m[38;2;211;176;95m▀[48;2;214;181;101m[38;2;222;192;111m▀[48;2;231;206;142m[38;2;243;232;202m▀[48;2;254;254;252m[38;2;0;0;0m▀[48;2;0;0;0m                [m
[48;2;224;194;116m[38;2;225;195;117m▀[48;2;225;195;117m[38;2;223;193;114m▀[48;2;216;182;104m[38;2;220;188;110m▀[48;2;220;188;110m[38;2;216;183;107m▀[48;2;224;196;121m[38;2;222;192;114m▀[48;2;227;198;120m[38;2;224;196;118m▀[48;2;226;197;118m[38;2;222;192;114m▀[48;2;221;198;132m[38;2;229;200;118m▀[48;2;226;199;119m[38;2;228;199;119m▀[48;2;230;201;121m[38;2;227;198;120m▀[48;2;216;197;138m[38;2;222;191;112m▀[48;2;220;205;142m[38;2;222;192;111m▀[48;2;171;189;213m[38;2;218;193;118m▀▀[48;2;157;152;91m[38;2;228;200;126m▀[48;2;209;186;113m[38;2;224;196;121m▀[48;2;224;194;117m[38;2;219;187;108m▀[38;2;223;194;118m▀[48;2;248;241;222m[38;2;246;240;219m▀[48;2;0;0;0m                [m
[48;2;225;195;117m [48;2;224;193;116m [48;2;224;194;116m[38;2;221;190;112m▀[38;2;224;193;116m▀[48;2;221;196;117m[38;2;227;197;113m▀[48;2;184;193;196m[38;2;220;205;142m▀[48;2;121;124;70m▀[48;2;80;106;25m[38;2;171;189;213m▀[48;2;171;189;213m[38;2;221;198;132m▀[48;2;78;91;37m[38;2;184;193;196m▀[48;2;33;57;8m[38;2;155;185;235m▀▀[38;2;146;183;246m▀[38;2;140;181;255m▀[48;2;57;90;8m[38;2;155;185;235m▀[48;2;43;65;14m[38;2;133;133;73m▀[48;2;207;186;117m[38;2;224;196;118m▀[48;2;226;197;118m[38;2;226;197;119m▀[48;2;228;214;171m[38;2;245;237;210m▀[48;2;0;0;0m                [m
[48;2;227;198;120m[38;2;226;197;118m▀[48;2;223;193;114m[38;2;225;195;117m▀[48;2;227;197;113m[38;2;225;196;116m▀[48;2;195;179;105m[38;2;225;195;117m▀[48;2;196;193;171m[38;2;209;197;156m▀[48;2;140;181;255m[38;2;57;90;8m▀[48;2;33;57;8m[38;2;54;73;22m▀[48;2;57;90;8m[38;2;72;100;19m▀[48;2;140;181;255m [48;2;33;57;8m[38;2;48;68;18m▀[48;2;123;140;107m   [38;2;57;90;8m▀[48;2;33;57;8m  [48;2;175;173;116m[38;2;157;152;91m▀[48;2;226;199;119m[38;2;226;197;118m▀[48;2;146;145;90m[38;2;199;186;125m▀[48;2;232;230;226m[38;2;254;254;252m▀[48;2;0;0;0m               [m
[48;2;227;198;120m[38;2;226;197;119m▀[38;2;225;196;116m▀[48;2;228;199;119m[38;2;229;200;118m▀[48;2;225;197;125m[38;2;196;193;171m▀[48;2;155;185;235m[38;2;146;183;246m▀[48;2;140;181;255m▀  [38;2;57;90;8m▀[48;2;33;57;8m [48;2;123;140;107m   ▀[48;2;33;57;8m [48;2;140;181;255m [38;2;155;185;235m▀[48;2;216;197;138m[38;2;209;185;109m▀[48;2;225;197;125m[38;2;168;157;85m▀[48;2;121;124;70m[38;2;123;140;107m▀[48;2;231;231;231m[38;2;0;0;0m▀[48;2;0;0;0m              [m
[48;2;226;197;119m[38;2;227;198;120m▀[48;2;227;198;120m  [48;2;226;197;119m [48;2;216;197;138m[38;2;185;190;187m▀[48;2;146;183;246m[38;2;140;181;255m▀[48;2;140;181;255m   [48;2;33;57;8m [48;2;123;140;107m   [48;2;57;90;8m[38;2;67;123;0m▀[38;2;33;57;8m▀[48;2;140;181;255m  [48;2;209;197;156m[38;2;200;195;152m▀[48;2;227;199;123m[38;2;225;197;125m▀[48;2;110;114;57m[38;2;200;195;152m▀[48;2;57;90;8m[38;2;123;140;107m▀[48;2;231;231;231m[38;2;0;0;0m▀[48;2;0;0;0m             [m
[48;2;221;196;117m[38;2;226;197;118m▀[48;2;225;197;125m▀[48;2;218;193;118m[38;2;226;197;119m▀[48;2;227;198;120m▀[48;2;226;197;118m[38;2;221;198;132m▀[48;2;155;185;235m[38;2;146;183;246m▀[48;2;140;181;255m   [48;2;57;90;8m[38;2;33;57;8m▀[48;2;33;57;8m[38;2;57;90;8m▀[48;2;57;90;8m[38;2;123;140;107m▀[48;2;33;57;8m▀ [48;2;140;181;255m   [48;2;155;185;235m[38;2;171;189;213m▀[48;2;204;199;177m[38;2;227;199;121m▀[48;2;102;108;51m [48;2;123;140;107m [48;2;0;0;0m[38;2;231;231;231m▀             [m
[48;2;140;151;112m[38;2;211;190;120m▀[48;2;38;61;11m[38;2;121;124;70m▀[48;2;146;145;90m[38;2;214;205;173m▀[48;2;171;189;213m[38;2;228;207;148m▀[48;2;204;199;177m[38;2;226;199;119m▀[48;2;155;185;235m[38;2;171;189;213m▀[48;2;140;181;255m   [38;2;57;90;8m▀[48;2;57;90;8m[38;2;33;57;8m▀[48;2;33;57;8m  [48;2;140;181;255m[38;2;57;90;8m▀   [38;2;146;183;246m▀ [48;2;57;90;8m[38;2;38;61;11m▀[48;2;33;57;8m[38;2;123;140;107m▀[48;2;123;140;107m[38;2;231;231;231m▀[48;2;0;0;0m             [m
[48;2;231;231;231m [48;2;57;90;8m[38;2;33;57;8m▀[48;2;33;57;8m[38;2;54;73;22m▀[48;2;57;90;8m[38;2;146;183;246m▀[48;2;146;183;246m[38;2;155;185;235m▀[48;2;140;181;255m      [38;2;57;90;8m▀        [38;2;33;57;8m▀[48;2;57;90;8m▀[48;2;33;57;8m[38;2;123;140;107m▀[38;2;231;231;231m▀[38;2;0;0;0m▀[48;2;231;231;231m▀[48;2;0;0;0m         [m
[48;2;231;231;231m [48;2;33;57;8m[38;2;57;90;8m▀ [48;2;57;90;8m  [38;2;140;181;255m▀▀▀▀[48;2;140;181;255m             [38;2;57;90;8m▀▀[48;2;57;90;8m[38;2;33;57;8m▀[48;2;33;57;8m [38;2;123;140;107m▀[48;2;57;90;8m[38;2;231;231;231m▀[48;2;231;231;231m[38;2;0;0;0m▀[48;2;0;0;0m      [m
[48;2;231;231;231m [48;2;33;57;8m  [48;2;140;181;255m [38;2;57;90;8m▀▀▀▀▀[48;2;57;90;8m [38;2;140;181;255m▀[48;2;140;181;255m               [38;2;33;57;8m▀[48;2;57;90;8m▀[48;2;33;57;8m [38;2;231;231;231m▀[48;2;231;231;231m[38;2;0;0;0m▀[48;2;0;0;0m    [m
[48;2;0;0;0m[38;2;231;231;231m▀[38;2;33;57;8m▀▀▀▀▀▀▀▀▀▀▀▀▀▀▀▀▀▀▀▀▀▀▀▀▀▀▀▀▀[38;2;123;140;107m▀    [m
