[48;2;0;0;0m             [48;2;47;48;52m[38;2;0;0;0m▀[48;2;140;111;12m[38;2;54;42;0m▀[48;2;234;180;0m[38;2;99;76;0m▀[48;2;114;87;0m[38;2;0;0;0m▀[48;2;0;0;0m                         [m
[48;2;0;0;0m            [48;2;180;183;189m[38;2;0;0;0m▀[48;2;233;234;238m[38;2;169;169;172m▀[48;2;164;137;48m[38;2;168;138;38m▀[48;2;255;197;0m[38;2;255;200;0m▀[48;2;207;164;19m[38;2;176;137;5m▀[48;2;115;112;105m[38;2;0;0;0m▀[48;2;0;0;0m                        [m
[48;2;0;0;0m       [48;2;18;42;60m[38;2;0;0;0m▀[48;2;5;13;20m[38;2;1;3;5m▀[48;2;0;0;0m [48;2;33;43;53m[38;2;1;2;2m▀[48;2;175;199;231m[38;2;110;121;136m▀[48;2;233;243;255m[38;2;234;241;251m▀[48;2;240;242;247m[38;2;237;239;243m▀[48;2;163;140;66m[38;2;163;138;57m▀[48;2;254;194;0m[38;2;255;195;0m▀[48;2;215;168;9m[38;2;215;169;15m▀[48;2;209;206;193m[38;2;188;185;175m▀[48;2;178;178;179m[38;2;100;100;101m▀[48;2;0;0;0m                       [m
[48;2;0;0;0m       [48;2;89;137;179m[38;2;51;91;125m▀[48;2;8;18;24m[38;2;7;16;22m▀[48;2;10;31;52m[38;2;3;7;10m▀[48;2;85;136;180m[38;2;85;125;162m▀[48;2;148;175;206m[38;2;184;216;253m▀[48;2;193;203;216m[38;2;229;241;255m▀[48;2;208;209;210m[38;2;244;247;252m▀[48;2;156;136;70m[38;2;169;149;81m▀[48;2;250;191;0m[38;2;251;192;0m▀[48;2;222;172;3m[38;2;219;170;6m▀[48;2;158;144;100m[38;2;206;201;185m▀[48;2;180;164;113m[38;2;232;233;235m▀[48;2;102;87;40m[38;2;84;85;87m▀[48;2;0;0;0m                      [m
[48;2;0;0;0m      [48;2;112;131;155m[38;2;91;110;133m▀[48;2;132;182;231m[38;2;116;167;214m▀[48;2;30;46;54m[38;2;19;31;35m▀[48;2;186;144;0m[38;2;129;103;9m▀[48;2;255;202;0m[38;2;187;151;18m▀[48;2;255;199;0m[38;2;191;153;21m▀[48;2;255;198;0m[38;2;199;159;23m▀[48;2;255;196;0m[38;2;205;162;20m▀[48;2;255;197;0m[38;2;217;169;6m▀[48;2;255;196;0m[38;2;254;195;0m▀[38;2;251;193;0m▀[48;2;243;187;0m[38;2;233;178;0m▀[48;2;218;169;7m[38;2;241;184;0m▀[48;2;128;100;6m[38;2;156;120;0m▀[48;2;0;0;0m                      [m
[48;2;0;0;0m      [38;2;95;111;133m▀[48;2;130;170;210m[38;2;139;185;231m▀[48;2;57;106;145m[38;2;38;69;92m▀[48;2;2;43;105m[38;2;98;80;13m▀[48;2;41;114;193m[38;2;161;133;23m▀[48;2;117;162;207m[38;2;162;135;31m▀[48;2;179;201;235m[38;2;166;140;44m▀[48;2;222;231;247m[38;2;173;147;58m▀[48;2;174;164;128m[38;2;168;138;36m▀[48;2;238;182;0m[38;2;242;186;0m▀[48;2;228;177;5m[38;2;241;185;1m▀[48;2;211;204;183m[38;2;181;161;94m▀[48;2;214;215;217m[38;2;186;181;164m▀[48;2;0;0;0m                       [m
[48;2;0;0;0m       [48;2;75;99;120m[38;2;106;138;170m▀[48;2;92;155;210m[38;2;81;143;197m▀[48;2;14;88;186m[38;2;7;62;137m▀[48;2;30;117;221m[38;2;41;127;222m▀[48;2;114;171;223m[38;2;126;179;227m▀[48;2;183;212;250m[38;2;192;218;252m▀[48;2;223;234;254m[38;2;232;242;255m▀[48;2;179;159;90m[38;2;181;165;112m▀[48;2;252;193;0m[38;2;246;188;0m▀[48;2;211;166;17m[38;2;219;171;11m▀[48;2;217;215;207m[38;2;215;211;197m▀[48;2;186;186;187m[38;2;197;197;198m▀[48;2;0;0;0m                       [m
[48;2;0;0;0m        [48;2;66;109;150m[38;2;84;138;184m▀[48;2;35;125;230m[38;2;24;117;232m▀[48;2;14;109;237m[38;2;21;114;232m▀[48;2;91;158;216m[38;2;103;165;219m▀[48;2;168;203;245m[38;2;176;208;248m▀[48;2;201;217;241m[38;2;213;226;249m▀[48;2;183;154;54m[38;2;180;155;70m▀[48;2;255;197;0m[38;2;255;195;0m▀[48;2;194;158;38m[38;2;203;162;27m▀[48;2;210;210;210m[38;2;217;217;214m▀[48;2;0;0;0m[38;2;153;153;154m▀                       [m
[48;2;0;0;0m        [38;2;44;74;103m▀[48;2;38;106;174m[38;2;42;124;213m▀[48;2;8;107;247m[38;2;9;106;241m▀[48;2;138;181;222m[38;2;79;151;215m▀[48;2;175;205;237m[38;2;159;199;242m▀[48;2;186;200;221m[38;2;189;206;231m▀[48;2;198;162;29m[38;2;190;156;40m▀[48;2;255;197;0m [48;2;174;150;67m[38;2;189;158;54m▀[48;2;175;175;178m[38;2;191;192;194m▀[48;2;0;0;0m                        [m
[48;2;0;0;0m        [48;2;2;2;2m[38;2;1;2;2m▀[48;2;3;5;7m[38;2;16;48;82m▀[48;2;5;20;33m[38;2;110;157;224m▀[48;2;17;40;50m[38;2;56;114;123m▀[48;2;43;61;63m[38;2;106;145;162m▀[48;2;48;56;56m[38;2;138;156;166m▀[48;2;32;29;4m[38;2;174;138;17m▀[48;2;26;28;1m[38;2;195;149;0m▀[48;2;14;22;3m[38;2;104;90;45m▀[48;2;25;44;6m[38;2;93;101;89m▀[48;2;33;57;8m[38;2;231;231;231m▀[48;2;123;140;107m[38;2;0;0;0m▀[48;2;0;0;0m                      [m
[48;2;0;0;0m      [48;2;231;231;231m[38;2;0;0;0m▀[48;2;123;140;107m[38;2;231;231;231m▀[48;2;33;57;8m[38;2;57;90;8m▀[48;2;255;140;255m[38;2;33;57;8m▀▀       ▀[48;2;33;57;8m [38;2;231;231;231m▀[48;2;231;231;231m[38;2;0;0;0m▀[48;2;0;0;0m                    [m
[48;2;0;0;0m     [48;2;231;231;231m[38;2;0;0;0m▀[48;2;33;57;8m[38;2;123;140;107m▀ [48;2;255;140;255m[38;2;33;57;8m▀[48;2;57;90;8m[38;2;255;140;255m▀[48;2;33;57;8m [48;2;57;90;8m [48;2;255;140;255m [48;2;33;57;8m [48;2;123;140;107m[38;2;33;57;8m▀▀▀[48;2;57;90;8m▀[48;2;33;57;8m[38;2;57;90;8m▀   [48;2;123;140;107m[38;2;231;231;231m▀[48;2;0;0;0m                   [m
[48;2;0;0;0m    [48;2;231;231;231m [48;2;33;57;8m[38;2;123;140;107m▀ [48;2;255;140;255m[38;2;57;90;8m▀  [38;2;33;57;8m▀[38;2;57;90;8m▀[48;2;57;90;8m[38;2;255;140;255m▀[48;2;33;57;8m [48;2;123;140;107m   [48;2;57;90;8m[38;2;123;140;107m▀[48;2;33;57;8m [48;2;255;140;255m[38;2;33;57;8m▀[38;2;57;90;8m▀[48;2;57;90;8m[38;2;33;57;8m▀[48;2;33;57;8m [48;2;123;140;107m[38;2;231;231;231m▀[48;2;0;0;0m                  [m
[48;2;0;0;0m    [48;2;57;90;8m[38;2;123;140;107m▀[48;2;33;57;8m [48;2;255;140;255m[38;2;33;57;8m▀      [48;2;33;57;8m [48;2;123;140;107m   [48;2;66;123;0m[38;2;123;140;107m▀[48;2;33;57;8m [48;2;255;140;255m   [38;2;57;90;8m▀[48;2;33;57;8m [48;2;123;140;107m[38;2;231;231;231m▀[48;2;0;0;0m                 [m
[48;2;0;0;0m    [48;2;33;57;8m  [48;2;255;140;255m[38;2;57;90;8m▀      [48;2;33;57;8m [48;2;57;90;8m[38;2;123;140;107m▀[48;2;123;140;107m  [48;2;33;57;8m[38;2;57;90;8m▀[48;2;255;140;255m▀    [48;2;33;57;8m [48;2;123;140;107m▀[48;2;231;231;231m [48;2;0;0;0m                [m
[48;2;0;0;0m    [48;2;33;57;8m[38;2;57;90;8m▀ [48;2;255;140;255m▀      [48;2;57;90;8m [48;2;33;57;8m ▀ [48;2;57;90;8m[38;2;33;57;8m▀[48;2;255;140;255m     [48;2;33;57;8m [48;2;123;140;107m [48;2;231;231;231m[38;2;0;0;0m▀[48;2;0;0;0m                [m
[48;2;0;0;0m    [48;2;231;231;231m[38;2;123;140;107m▀[48;2;33;57;8m  [48;2;255;140;255m       [38;2;57;90;8m▀[48;2;57;90;8m[38;2;33;57;8m▀[48;2;255;140;255m▀      [38;2;57;90;8m▀[48;2;33;57;8m [38;2;123;140;107m▀[48;2;123;140;107m[38;2;0;0;0m▀[48;2;231;231;231m▀[48;2;0;0;0m              [m
[48;2;0;0;0m    [48;2;231;231;231m [48;2;57;90;8m [48;2;33;57;8m [48;2;57;90;8m [38;2;255;140;255m▀[48;2;255;140;255m                [38;2;57;90;8m▀[48;2;57;90;8m[38;2;33;57;8m▀▀[48;2;33;57;8m [38;2;231;231;231m▀[48;2;123;140;107m[38;2;0;0;0m▀[48;2;231;231;231m▀[48;2;0;0;0m          [m
[48;2;0;0;0m    [48;2;231;231;231m [48;2;33;57;8m  [48;2;255;140;255m[38;2;57;90;8m▀[48;2;57;90;8m     [38;2;255;140;255m▀[48;2;255;140;255m              [38;2;57;90;8m▀[38;2;33;57;8m▀[48;2;33;57;8m [38;2;57;90;8m▀[38;2;231;231;231m▀[48;2;231;231;231m[38;2;0;0;0m▀[48;2;0;0;0m        [m
[48;2;0;0;0m    [48;2;231;231;231m [48;2;33;57;8m  [38;2;255;140;255m▀▀▀▀▀▀[38;2;57;90;8m▀▀[38;2;255;140;255m▀▀▀▀▀▀▀▀▀▀▀▀▀▀▀▀[38;2;57;90;8m▀  [48;2;123;140;107m[38;2;231;231;231m▀[48;2;0;0;0m       [m
[48;2;0;0;0m                                          [m
[48;2;0;0;0m                                          [m
