[48;2;0;0;0m                                                                                                                                [m
[48;2;0;0;0m                                                                                                                                [m
[48;2;0;0;0m                                                                                                                                [m
[48;2;0;0;0m                                                                                                                                [m
[48;2;0;0;0m                                                                                                                                [m
[48;2;0;0;0m                                                                                                                                [m
[48;2;0;0;0m                                                                                                                                [m
[48;2;0;0;0m                                                                                                                                [m
[48;2;0;0;0m                                                                                                                                [m
[48;2;0;0;0m                                                                                                                                [m
[48;2;0;0;0m                                                                                                                                [m
[48;2;0;0;0m                                                                                                                                [m
[48;2;0;0;0m                                                                                                                                [m
[48;2;0;0;0m                                                                                                                                [m
[48;2;0;0;0m                                                                                                                                [m
[48;2;0;0;0m                                                                                                                                [m
[48;2;0;0;0m                                                                                                                                [m
[48;2;0;0;0m                                                                                                                                [m
[48;2;0;0;0m                                                                                                                                [m
[48;2;0;0;0m                                              [48;2;0;1;0m[38;2;0;0;0m▀▀▀▀▀▀▀▀▀▀[48;2;0;0;0m                                                                        [m
[48;2;0;0;0m                                        [48;2;0;1;0m[38;2;0;0;0m▀▀                  ▀▀[48;2;0;0;0m                                                                  [m
[48;2;0;0;0m                                    [48;2;0;1;0m[38;2;0;0;0m▀▀     [48;2;7;10;6m[38;2;0;1;0m▀[48;2;49;91;47m▀[48;2;98;181;99m▀[48;2;129;237;129m▀[48;2;136;255;137m[38;2;13;26;14m▀[38;2;38;70;38m▀[38;2;54;102;56m▀[38;2;64;117;64m▀[38;2;49;91;47m▀[38;2;45;82;45m▀[38;2;30;57;31m▀[38;2;21;41;22m▀[48;2;124;229;124m[38;2;0;1;0m▀[48;2;81;150;81m▀[48;2;49;91;47m▀[48;2;16;19;8m▀[48;2;0;1;0m     [38;2;0;0;0m▀▀[48;2;0;0;0m                                                              [m
[48;2;0;0;0m                                  [48;2;0;1;0m[38;2;0;0;0m▀    [48;2;19;33;19m[38;2;0;1;0m▀[48;2;98;181;99m▀[48;2;136;255;137m[38;2;30;57;31m▀[38;2;85;161;90m▀[38;2;132;245;135m▀               [38;2;104;194;104m▀[38;2;38;70;38m▀[48;2;110;203;112m[38;2;0;1;0m▀[48;2;45;82;45m▀[48;2;3;6;2m▀[48;2;0;1;0m    [38;2;0;0;0m▀[48;2;0;0;0m                                                           [m
[48;2;0;0;0m                               [48;2;0;1;0m[38;2;0;0;0m▀    [48;2;21;41;22m[38;2;0;1;0m▀[48;2;120;219;120m[38;2;7;10;6m▀[48;2;136;255;137m[38;2;75;137;75m▀[38;2;132;245;135m▀                       [38;2;120;219;120m▀[38;2;45;82;45m▀[48;2;75;137;75m[38;2;0;1;0m▀[48;2;3;6;2m▀[48;2;0;1;0m   [38;2;0;0;0m▀[48;2;0;0;0m                                                         [m
[48;2;0;0;0m                             [48;2;0;1;0m[38;2;0;0;0m▀   [48;2;3;6;2m[38;2;0;1;0m▀[48;2;75;137;75m▀[48;2;136;255;137m[38;2;45;82;45m▀[38;2;132;245;135m▀                             [38;2;98;181;99m▀[48;2;115;211;113m[38;2;13;16;12m▀[48;2;16;19;8m[38;2;0;1;0m▀[48;2;0;1;0m   [38;2;0;0;0m▀[48;2;0;0;0m                                                       [m
[48;2;0;0;0m                           [48;2;0;1;0m[38;2;0;0;0m▀   [48;2;3;6;2m[38;2;0;1;0m▀[48;2;85;161;90m[38;2;3;6;2m▀[48;2;136;255;137m[38;2;85;161;90m▀                [48;2;140;250;135m[38;2;136;255;137m▀[48;2;93;169;90m▀[48;2;30;57;31m▀[48;2;3;6;2m[38;2;132;245;135m▀[48;2;0;1;0m[38;2;115;211;113m▀[38;2;93;169;90m▀▀[38;2;98;181;99m▀[38;2;110;203;112m▀[48;2;3;6;2m[38;2;132;245;135m▀[48;2;45;82;45m[38;2;136;255;137m▀[48;2;85;161;90m▀[48;2;140;250;135m▀[48;2;136;255;137m     [38;2;104;194;104m▀[48;2;85;161;90m[38;2;3;6;2m▀[48;2;0;1;0m    [48;2;0;0;0m                                                      [m
[48;2;0;0;0m                          [48;2;0;1;0m[38;2;0;0;0m▀   [48;2;81;150;81m[38;2;3;6;2m▀[48;2;136;255;137m[38;2;93;169;90m▀                [48;2;104;194;104m[38;2;136;255;137m▀[48;2;7;10;6m[38;2;104;194;104m▀[48;2;0;1;0m[38;2;13;26;14m▀           [38;2;30;57;31m▀[48;2;3;6;2m[38;2;115;211;113m▀[48;2;104;194;104m[38;2;136;255;137m▀[48;2;136;255;137m     [48;2;129;237;129m[38;2;54;102;56m▀[48;2;13;16;12m[38;2;0;1;0m▀[48;2;0;1;0m   [48;2;0;0;0m                                                     [m
[48;2;0;0;0m                        [48;2;0;1;0m[38;2;0;0;0m▀   [48;2;21;41;22m[38;2;0;1;0m▀[48;2;132;245;135m[38;2;49;91;47m▀[48;2;136;255;137m     [48;2;93;169;90m[38;2;136;255;137m▀[48;2;3;6;2m[38;2;104;194;104m▀[48;2;0;1;0m[38;2;64;117;64m▀[38;2;69;128;68m▀[48;2;13;26;14m[38;2;120;219;120m▀[48;2;115;211;113m[38;2;136;255;137m▀[48;2;136;255;137m      [48;2;64;117;64m[38;2;120;219;120m▀[48;2;0;1;0m[38;2;7;10;6m▀  [48;2;19;21;18m[38;2;0;1;0m▀[48;2;96;108;80m▀[48;2;123;140;104m[38;2;26;31;23m▀[38;2;61;71;56m▀[38;2;79;92;70m▀▀[38;2;75;84;63m▀[38;2;54;63;49m▀[38;2;19;21;18m▀[48;2;90;104;81m[38;2;0;1;0m▀[48;2;13;16;12m▀[48;2;0;1;0m  [38;2;21;41;22m▀[48;2;81;150;81m[38;2;140;250;135m▀[48;2;136;255;137m [48;2;110;203;112m[38;2;136;255;137m▀[48;2;13;16;12m[38;2;120;219;120m▀[48;2;0;1;0m[38;2;64;117;64m▀▀[48;2;3;6;2m▀[48;2;16;19;8m[38;2;0;1;0m▀[48;2;0;1;0m   [48;2;0;0;0m                                                    [m
[48;2;0;0;0m                       [48;2;0;1;0m[38;2;0;0;0m▀   [48;2;64;117;64m[38;2;3;6;2m▀[48;2;136;255;137m[38;2;115;211;113m▀     [48;2;93;169;90m[38;2;132;245;135m▀[48;2;0;1;0m[38;2;13;26;14m▀    [38;2;38;70;38m▀[48;2;124;229;124m[38;2;136;255;137m▀[48;2;136;255;137m    [48;2;120;219;120m▀[48;2;0;1;0m[38;2;19;33;19m▀  [48;2;45;50;37m[38;2;3;6;2m▀[48;2;123;140;104m[38;2;109;122;93m▀         [38;2;102;114;86m▀[48;2;19;21;18m[38;2;3;6;2m▀[48;2;0;1;0m  [48;2;19;33;19m[38;2;38;70;38m▀[48;2;115;211;113m[38;2;136;255;137m▀[48;2;0;1;0m[38;2;30;57;31m▀    [38;2;16;19;8m▀   [38;2;0;0;0m▀[48;2;0;0;0m                                                   [m
[48;2;0;0;0m                      [48;2;0;1;0m[38;2;0;0;0m▀   [48;2;93;169;90m[38;2;19;33;19m▀[48;2;136;255;137m[38;2;132;245;135m▀      [48;2;75;137;75m [48;2;0;1;0m      [48;2;104;194;104m [48;2;136;255;137m    [48;2;104;194;104m[38;2;115;211;113m▀[48;2;0;1;0m   [48;2;70;77;57m [48;2;123;140;104m           [48;2;54;63;49m[38;2;39;43;34m▀[48;2;0;1;0m  [38;2;3;6;2m▀[48;2;81;150;81m[38;2;93;169;90m▀[48;2;0;1;0m      [48;2;30;57;31m[38;2;7;10;6m▀[48;2;0;1;0m   [48;2;0;0;0m                                                   [m
[48;2;0;0;0m                     [48;2;0;1;0m[38;2;0;0;0m▀  [48;2;3;6;2m[38;2;0;1;0m▀[48;2;115;211;113m[38;2;38;70;38m▀[48;2;136;255;137m        [48;2;140;250;135m[38;2;98;181;99m▀[48;2;21;41;22m[38;2;0;1;0m▀[48;2;0;1;0m    [48;2;49;91;47m[38;2;3;6;2m▀[48;2;136;255;137m[38;2;129;237;129m▀    [48;2;98;181;99m [48;2;0;1;0m   [48;2;79;92;70m[38;2;75;84;63m▀[48;2;123;140;104m           [48;2;90;104;81m▀[48;2;0;1;0m   [48;2;75;137;75m[38;2;81;150;81m▀[48;2;38;70;38m[38;2;0;1;0m▀[48;2;0;1;0m    [48;2;30;57;31m▀[48;2;120;219;120m[38;2;64;117;64m▀[48;2;0;1;0m   [38;2;0;0;0m▀[48;2;0;0;0m                                                  [m
[48;2;0;0;0m                    [48;2;0;1;0m[38;2;0;0;0m▀   [48;2;104;194;104m[38;2;45;82;45m▀[48;2;136;255;137m          [38;2;110;203;112m▀[48;2;124;229;124m[38;2;16;19;8m▀[48;2;81;150;81m[38;2;0;1;0m▀[48;2;93;169;90m▀[48;2;132;245;135m[38;2;21;41;22m▀[48;2;136;255;137m[38;2;124;229;124m▀     [48;2;81;150;81m[38;2;85;161;90m▀[48;2;0;1;0m   [48;2;90;104;81m[38;2;85;99;76m▀[48;2;123;140;104m           [48;2;113;132;102m[38;2;109;122;93m▀[48;2;0;1;0m   [48;2;54;102;56m [48;2;136;255;137m[38;2;120;219;120m▀[48;2;129;237;129m[38;2;21;41;22m▀[48;2;93;169;90m[38;2;0;1;0m▀[48;2;85;161;90m▀[48;2;129;237;129m[38;2;13;26;14m▀[48;2;136;255;137m[38;2;115;211;113m▀ [48;2;81;150;81m[38;2;30;57;31m▀[48;2;0;1;0m   [38;2;0;0;0m▀[48;2;0;0;0m                                                 [m
[48;2;0;0;0m                   [48;2;0;1;0m[38;2;0;0;0m▀   [48;2;98;181;99m[38;2;30;57;31m▀[48;2;136;255;137m                      [48;2;75;137;75m[38;2;81;150;81m▀[48;2;0;1;0m   [48;2;102;114;86m[38;2;96;108;80m▀[48;2;123;140;104m           [48;2;102;114;86m[38;2;109;122;93m▀[48;2;0;1;0m   [48;2;75;137;75m[38;2;64;117;64m▀[48;2;136;255;137m       [38;2;129;237;129m▀[48;2;81;150;81m[38;2;16;19;8m▀[48;2;0;1;0m   [38;2;0;0;0m▀[48;2;0;0;0m                                                [m
[48;2;0;0;0m                   [48;2;0;1;0m   [48;2;69;128;68m[38;2;19;33;19m▀[48;2;136;255;137m                       [48;2;75;137;75m[38;2;64;117;64m▀[48;2;0;1;0m   [48;2;96;108;80m[38;2;109;122;93m▀[48;2;123;140;104m           [48;2;85;99;76m[38;2;96;108;80m▀[48;2;0;1;0m   [48;2;85;161;90m[38;2;81;150;81m▀[48;2;136;255;137m         [48;2;120;219;120m[38;2;30;57;31m▀[48;2;7;10;6m[38;2;0;1;0m▀[48;2;0;1;0m   [48;2;0;0;0m                                               [m
[48;2;0;0;0m                  [48;2;0;1;0m   [48;2;30;57;31m[38;2;0;1;0m▀[48;2;136;255;137m[38;2;120;219;120m▀                       [48;2;110;203;112m[38;2;93;169;90m▀[48;2;0;1;0m   [48;2;61;71;56m[38;2;79;92;70m▀[48;2;123;140;104m           [48;2;70;77;57m▀[48;2;0;1;0m   [48;2;104;194;104m[38;2;98;181;99m▀[48;2;136;255;137m          [38;2;81;150;81m▀[48;2;45;82;45m[38;2;0;1;0m▀[48;2;0;1;0m   [38;2;0;0;0m▀[48;2;0;0;0m                                             [m
[48;2;0;0;0m                 [48;2;0;1;0m[38;2;0;0;0m▀  [48;2;3;6;2m[38;2;0;1;0m▀[48;2;124;229;124m[38;2;81;150;81m▀[48;2;136;255;137m                        [38;2;129;237;129m▀[48;2;16;19;8m[38;2;0;1;0m▀[48;2;0;1;0m  [48;2;26;31;23m[38;2;48;56;42m▀[48;2;123;140;104m           [48;2;39;43;34m[38;2;61;71;56m▀[48;2;0;1;0m  [48;2;3;6;2m[38;2;0;1;0m▀[48;2;129;237;129m[38;2;115;211;113m▀[48;2;136;255;137m           [38;2;129;237;129m▀[48;2;104;194;104m[38;2;19;33;19m▀[48;2;3;6;2m[38;2;0;1;0m▀[48;2;0;1;0m   [48;2;0;0;0m                                            [m
[48;2;0;0;0m                 [48;2;0;1;0m   [48;2;54;102;56m[38;2;21;41;22m▀[48;2;136;255;137m                          [48;2;49;91;47m[38;2;30;57;31m▀[48;2;0;1;0m  [48;2;3;6;2m[38;2;13;16;12m▀[48;2;113;132;102m[38;2;123;140;104m▀[48;2;123;140;104m         [48;2;102;114;86m[38;2;118;138;107m▀[48;2;0;1;0m[38;2;7;10;6m▀  [48;2;64;117;64m[38;2;21;41;22m▀[48;2;136;255;137m              [48;2;132;245;135m[38;2;64;117;64m▀[48;2;21;41;22m[38;2;0;1;0m▀[48;2;0;1;0m   [48;2;0;0;0m                                           [m
[48;2;0;0;0m                [48;2;0;1;0m[38;2;0;0;0m▀   [48;2;120;219;120m[38;2;85;161;90m▀[48;2;136;255;137m                          [48;2;85;161;90m[38;2;64;117;64m▀[48;2;0;1;0m   [48;2;70;77;57m[38;2;102;114;86m▀[48;2;123;140;104m         [48;2;45;50;37m[38;2;70;77;57m▀[48;2;0;1;0m   [48;2;124;229;124m[38;2;93;169;90m▀[48;2;136;255;137m               [38;2;98;181;99m▀[48;2;45;82;45m[38;2;0;1;0m▀[48;2;0;1;0m   [48;2;0;0;0m                                          [m
[48;2;0;0;0m                [48;2;0;1;0m   [48;2;30;57;31m[38;2;13;26;14m▀[48;2;136;255;137m                           [38;2;124;229;124m▀[48;2;30;57;31m[38;2;3;6;2m▀[48;2;0;1;0m  [48;2;3;6;2m[38;2;26;31;23m▀[48;2;109;122;93m[38;2;123;140;104m▀[48;2;123;140;104m       [48;2;102;114;86m▀[48;2;0;1;0m[38;2;7;10;6m▀  [48;2;54;102;56m[38;2;21;41;22m▀[48;2;136;255;137m                 [38;2;120;219;120m▀[48;2;45;82;45m[38;2;3;6;2m▀[48;2;0;1;0m   [48;2;0;0;0m                                         [m
[48;2;0;0;0m                [48;2;0;1;0m   [48;2;64;117;64m[38;2;43;88;50m▀[48;2;136;255;137m                            [48;2;124;229;124m[38;2;81;150;81m▀[48;2;3;6;2m[38;2;0;1;0m▀[48;2;0;1;0m  [48;2;13;16;12m[38;2;70;77;57m▀[48;2;123;140;104m       [48;2;39;43;34m[38;2;75;84;63m▀[48;2;0;1;0m   [48;2;124;229;124m[38;2;93;169;90m▀[48;2;136;255;137m                  [38;2;104;194;104m▀[48;2;19;33;19m[38;2;0;1;0m▀[48;2;0;1;0m   [48;2;0;0;0m                                        [m
[48;2;0;0;0m                [48;2;0;1;0m   [48;2;85;161;90m[38;2;75;137;75m▀[48;2;136;255;137m                             [48;2;115;211;113m[38;2;49;91;47m▀[48;2;0;1;0m   [48;2;19;21;18m[38;2;75;84;63m▀[48;2;118;138;107m[38;2;123;140;104m▀[48;2;123;140;104m    [48;2;54;63;49m[38;2;109;122;93m▀[48;2;0;1;0m[38;2;3;6;2m▀  [48;2;75;137;75m[38;2;21;41;22m▀[48;2;136;255;137m                    [48;2;75;137;75m[38;2;49;91;47m▀[48;2;0;1;0m   [48;2;0;0;0m                                        [m
[48;2;0;0;0m                [48;2;0;1;0m   [48;2;85;161;90m[38;2;98;181;99m▀[48;2;136;255;137m                              [48;2;104;194;104m[38;2;38;70;38m▀[48;2;3;6;2m[38;2;0;1;0m▀[48;2;0;1;0m  [48;2;3;6;2m[38;2;54;63;49m▀[48;2;96;108;80m[38;2;123;140;104m▀[48;2;123;140;104m  [48;2;70;77;57m[38;2;113;132;102m▀[48;2;0;1;0m[38;2;3;6;2m▀  [48;2;64;117;64m[38;2;7;10;6m▀[48;2;136;255;137m[38;2;129;237;129m▀                    [48;2;115;211;113m[38;2;104;194;104m▀[48;2;0;1;0m   [48;2;0;0;0m                                        [m
[48;2;0;0;0m                [48;2;0;1;0m   [48;2;64;117;64m[38;2;75;137;75m▀[48;2;136;255;137m                               [48;2;132;245;135m[38;2;64;117;64m▀[48;2;21;41;22m[38;2;0;1;0m▀[48;2;0;1;0m  [38;2;13;16;12m▀[48;2;45;50;37m[38;2;113;132;102m▀[48;2;85;99;76m[38;2;123;140;104m▀[48;2;0;1;0m[38;2;19;21;18m▀  [48;2;45;82;45m[38;2;3;6;2m▀[48;2;136;255;137m[38;2;120;219;120m▀                     [48;2;93;169;90m[38;2;104;194;104m▀[48;2;0;1;0m   [48;2;0;0;0m                                        [m
[48;2;0;0;0m                [48;2;0;1;0m   [48;2;38;70;38m[38;2;49;91;47m▀[48;2;136;255;137m                                [38;2;115;211;113m▀[48;2;75;137;75m[38;2;3;6;2m▀[48;2;0;1;0m   [38;2;13;16;12m▀  [48;2;30;57;31m[38;2;0;1;0m▀[48;2;136;255;137m[38;2;104;194;104m▀                      [48;2;64;117;64m[38;2;85;161;90m▀[48;2;0;1;0m   [48;2;0;0;0m                                        [m
[48;2;0;0;0m                [48;2;0;1;0m   [38;2;7;10;6m▀[48;2;98;181;99m[38;2;132;245;135m▀[48;2;136;255;137m                                 [48;2;120;219;120m[38;2;38;70;38m▀[48;2;13;16;12m[38;2;0;1;0m▀[48;2;0;1;0m   [48;2;13;26;14m▀[48;2;132;245;135m[38;2;85;161;90m▀[48;2;136;255;137m                       [48;2;13;16;12m[38;2;38;70;38m▀[48;2;0;1;0m   [48;2;0;0;0m                                        [m
[48;2;0;0;0m                 [48;2;0;1;0m   [48;2;13;16;12m[38;2;49;91;47m▀[48;2;140;250;135m[38;2;136;255;137m▀[48;2;136;255;137m                                 [38;2;85;161;90m▀[48;2;43;88;50m[38;2;0;1;0m▀[48;2;0;1;0m [48;2;3;6;2m▀[48;2;124;229;124m[38;2;69;128;68m▀[48;2;136;255;137m                       [48;2;85;161;90m[38;2;115;211;113m▀[48;2;0;1;0m   [48;2;0;0;0m[38;2;0;1;0m▀                                        [m
[48;2;0;0;0m                 [38;2;0;1;0m▀[48;2;0;1;0m   [48;2;3;6;2m[38;2;64;117;64m▀[48;2;115;211;113m[38;2;136;255;137m▀[48;2;136;255;137m                                 [38;2;129;237;129m▀[48;2;98;181;99m[38;2;13;26;14m▀[48;2;115;211;113m[38;2;54;102;56m▀[48;2;136;255;137m                        [48;2;64;117;64m[38;2;69;128;68m▀[48;2;0;1;0m   [48;2;0;0;0m                                         [m
[48;2;0;0;0m                  [48;2;0;1;0m    [38;2;19;33;19m▀[48;2;45;82;45m[38;2;129;237;129m▀[48;2;136;255;137m                                                           [48;2;54;102;56m[38;2;64;117;64m▀[48;2;0;1;0m   [48;2;0;0;0m                                         [m
[48;2;0;0;0m                   [48;2;0;1;0m     [48;2;3;6;2m[38;2;69;128;68m▀[48;2;69;128;68m[38;2;136;255;137m▀[48;2;136;255;137m                                                         [48;2;85;161;90m[38;2;54;102;56m▀[48;2;0;1;0m   [38;2;0;0;0m▀[48;2;0;0;0m                                        [m
[48;2;0;0;0m                   [48;2;0;1;0m   [48;2;7;10;6m[38;2;0;1;0m▀[48;2;0;1;0m   [38;2;45;82;45m▀[48;2;21;41;22m[38;2;129;237;129m▀[48;2;115;211;113m[38;2;136;255;137m▀[48;2;136;255;137m                                                      [38;2;129;237;129m▀[48;2;64;117;64m[38;2;3;6;2m▀[48;2;0;1;0m   [38;2;0;0;0m▀▀[48;2;0;0;0m                                      [m
[48;2;0;0;0m                   [48;2;0;1;0m   [48;2;64;117;64m[38;2;30;57;31m▀[48;2;136;255;137m[38;2;49;91;47m▀[48;2;81;150;81m[38;2;0;1;0m▀[48;2;3;6;2m▀[48;2;0;1;0m  [38;2;7;10;6m▀[38;2;93;169;90m▀[48;2;64;117;64m[38;2;136;255;137m▀[48;2;129;237;129m▀[48;2;136;255;137m                                                    [38;2;132;245;135m▀[48;2;124;229;124m[38;2;21;41;22m▀[48;2;30;57;31m[38;2;0;1;0m▀[48;2;0;1;0m     [38;2;0;0;0m▀▀[48;2;0;0;0m                                  [m
[48;2;0;0;0m                  [48;2;0;1;0m[38;2;0;0;0m▀   [48;2;115;211;113m[38;2;81;150;81m▀[48;2;136;255;137m  [38;2;104;194;104m▀[48;2;124;229;124m[38;2;13;26;14m▀[48;2;30;57;31m[38;2;0;1;0m▀[48;2;0;1;0m   [38;2;16;19;8m▀[38;2;75;137;75m▀[48;2;13;26;14m[38;2;132;245;135m▀[48;2;81;150;81m[38;2;136;255;137m▀[48;2;140;250;135m▀[48;2;136;255;137m                                                  [38;2;132;245;135m▀[38;2;64;117;64m▀[48;2;129;237;129m[38;2;13;16;12m▀[48;2;69;128;68m[38;2;0;1;0m▀[48;2;16;19;8m▀[48;2;0;1;0m     [38;2;0;0;0m▀▀[48;2;0;0;0m                              [m
[48;2;0;0;0m                  [48;2;0;1;0m   [48;2;69;128;68m[38;2;21;41;22m▀[48;2;136;255;137m     [38;2;140;250;135m▀[38;2;64;117;64m▀[48;2;120;219;120m[38;2;3;6;2m▀[48;2;54;102;56m[38;2;0;1;0m▀[48;2;3;6;2m▀[48;2;0;1;0m   [38;2;19;33;19m▀[38;2;85;161;90m▀[48;2;19;33;19m[38;2;140;250;135m▀[48;2;64;117;64m[38;2;136;255;137m▀[48;2;110;203;112m▀[48;2;136;255;137m                                                  [38;2;132;245;135m▀[38;2;81;150;81m▀[38;2;21;41;22m▀[48;2;98;181;99m[38;2;0;1;0m▀[48;2;30;57;31m▀[48;2;0;1;0m      [38;2;0;0;0m▀[48;2;0;0;0m                          [m
[48;2;0;0;0m                [48;2;0;1;0m[38;2;0;0;0m▀   [48;2;64;117;64m[38;2;3;6;2m▀[48;2;136;255;137m[38;2;120;219;120m▀         ▀[38;2;49;91;47m▀[48;2;115;211;113m[38;2;3;6;2m▀[48;2;45;82;45m[38;2;0;1;0m▀[48;2;3;6;2m▀[48;2;0;1;0m    [38;2;19;33;19m▀[38;2;64;117;64m▀[38;2;104;194;104m▀[48;2;13;26;14m[38;2;136;255;137m▀[48;2;54;102;56m▀[48;2;104;194;104m▀[48;2;136;255;137m                                                 [38;2;110;203;112m▀[38;2;49;91;47m▀[48;2;120;219;120m[38;2;3;6;2m▀[48;2;64;117;64m[38;2;0;1;0m▀[48;2;13;16;12m▀[48;2;0;1;0m    [38;2;0;0;0m▀[48;2;0;0;0m                       [m
[48;2;0;0;0m               [48;2;0;1;0m[38;2;0;0;0m▀   [48;2;93;169;90m[38;2;13;26;14m▀[48;2;136;255;137m[38;2;129;237;129m▀              [38;2;110;203;112m▀[38;2;49;91;47m▀[48;2;132;245;135m[38;2;7;10;6m▀[48;2;98;181;99m[38;2;0;1;0m▀[48;2;49;91;47m▀[48;2;13;16;12m▀[48;2;0;1;0m     [48;2;16;19;8m[38;2;64;117;64m▀[48;2;136;255;137m                                                    [38;2;129;237;129m▀[38;2;49;91;47m▀[48;2;98;181;99m[38;2;0;1;0m▀[48;2;19;33;19m▀[48;2;0;1;0m    [38;2;0;0;0m▀[48;2;0;0;0m                    [m
[48;2;0;0;0m              [48;2;0;1;0m   [48;2;16;19;8m[38;2;0;1;0m▀[48;2;124;229;124m[38;2;45;82;45m▀[48;2;136;255;137m                     [38;2;140;250;135m▀[38;2;98;181;99m▀[38;2;54;102;56m▀[48;2;140;250;135m[38;2;16;19;8m▀[48;2;104;194;104m[38;2;0;1;0m▀▀[48;2;132;245;135m[38;2;49;91;47m▀[48;2;136;255;137m                                                       [38;2;129;237;129m▀[38;2;54;102;56m▀[48;2;104;194;104m[38;2;3;6;2m▀[48;2;19;33;19m[38;2;0;1;0m▀[48;2;0;1;0m    [38;2;0;0;0m▀[48;2;0;0;0m                 [m
[48;2;0;0;0m             [48;2;0;1;0m   [48;2;30;57;31m[38;2;0;1;0m▀[48;2;136;255;137m[38;2;93;169;90m▀                                                                                       [38;2;132;245;135m▀[38;2;64;117;64m▀[48;2;98;181;99m[38;2;3;6;2m▀[48;2;7;10;6m[38;2;0;1;0m▀[48;2;0;1;0m   [38;2;0;0;0m▀[48;2;0;0;0m               [m
[48;2;0;0;0m            [48;2;0;1;0m   [48;2;13;16;12m[38;2;0;1;0m▀[48;2;132;245;135m[38;2;85;161;90m▀[48;2;136;255;137m                                                                                           [38;2;104;194;104m▀[48;2;110;203;112m[38;2;13;16;12m▀[48;2;16;19;8m[38;2;0;1;0m▀[48;2;0;1;0m   [38;2;0;0;0m▀[48;2;0;0;0m             [m
[48;2;0;0;0m           [48;2;0;1;0m[38;2;0;0;0m▀   [48;2;115;211;113m[38;2;64;117;64m▀[48;2;136;255;137m                                                                                              [38;2;115;211;113m▀[48;2;120;219;120m[38;2;13;26;14m▀[48;2;19;33;19m[38;2;0;1;0m▀[48;2;0;1;0m   [38;2;0;0;0m▀[48;2;0;0;0m           [m
[48;2;0;0;0m           [48;2;0;1;0m   [48;2;45;82;45m[38;2;21;41;22m▀[48;2;136;255;137m                                                                                                 [38;2;120;219;120m▀[48;2;124;229;124m[38;2;19;33;19m▀[48;2;19;33;19m[38;2;0;1;0m▀[48;2;0;1;0m   [38;2;0;0;0m▀[48;2;0;0;0m         [m
[48;2;0;0;0m           [48;2;0;1;0m   [48;2;93;169;90m[38;2;69;128;68m▀[48;2;136;255;137m                                                                                                   [38;2;110;203;112m▀[48;2;81;150;81m[38;2;3;6;2m▀[48;2;0;1;0m    [48;2;0;0;0m        [m
[48;2;0;0;0m           [48;2;0;1;0m   [48;2;110;203;112m[38;2;104;194;104m▀[48;2;136;255;137m                                                                                                     [48;2;132;245;135m[38;2;54;102;56m▀[48;2;30;57;31m[38;2;0;1;0m▀[48;2;0;1;0m   [38;2;0;0;0m▀[48;2;0;0;0m      [m
[48;2;0;0;0m          [48;2;0;1;0m    [38;2;38;70;38m▀[38;2;43;88;50m▀▀▀▀▀▀▀▀▀▀▀▀▀▀▀▀▀▀▀▀▀▀▀▀▀▀▀▀▀▀▀▀▀▀▀▀▀▀▀▀▀▀▀▀▀▀▀▀▀▀▀▀▀▀▀▀▀▀▀▀▀▀▀▀▀▀▀▀▀▀▀▀▀▀▀▀▀▀▀▀▀▀▀▀▀▀▀▀▀▀▀▀▀▀▀▀▀▀▀▀▀▀[38;2;30;57;31m▀     [48;2;0;0;0m     [m
[48;2;0;0;0m          [48;2;0;1;0m                                                                                                                  [38;2;0;0;0m▀[48;2;0;0;0m   [m
