[48;2;0;0;0m              [48;2;35;39;47m[38;2;66;69;63m▀[48;2;31;33;43m[38;2;35;39;48m▀[48;2;32;35;45m[38;2;35;38;48m▀[48;2;34;37;47m [48;2;24;24;31m[38;2;26;25;33m▀[48;2;57;63;49m [38;2;66;69;63m▀ [48;2;31;33;43m[38;2;32;35;45m▀[48;2;35;39;48m   [48;2;57;63;49m [48;2;35;39;48m [48;2;110;85;80m[38;2;35;39;48m▀[48;2;146;131;111m[38;2;33;36;46m▀[48;2;207;117;107m[38;2;146;131;111m▀[48;2;110;85;80m[38;2;34;37;47m▀[48;2;53;62;43m[38;2;33;36;46m▀[48;2;30;31;40m▀[48;2;0;0;0m [m
[48;2;0;0;0m              [48;2;29;29;37m[38;2;30;31;40m▀▀[48;2;30;30;39m▀[48;2;31;33;43m[38;2;33;36;46m▀[48;2;27;26;34m[38;2;23;23;30m▀[48;2;34;39;43m[38;2;35;39;48m▀[48;2;57;63;49m  [48;2;30;31;40m [48;2;34;37;47m▀[48;2;35;38;48m▀[48;2;35;39;48m [48;2;61;66;55m[38;2;57;63;49m▀▀[48;2;35;39;48m [48;2;133;88;85m[38;2;176;124;109m▀[48;2;146;131;111m[38;2;245;108;106m▀[48;2;71;72;69m[38;2;133;88;85m▀[48;2;31;33;43m[38;2;32;35;45m▀[48;2;29;29;37m [48;2;0;0;0m [m
[48;2;0;0;0m              [48;2;25;24;32m[38;2;28;27;36m▀[48;2;26;25;33m▀[48;2;27;26;34m▀[48;2;28;27;36m[38;2;30;30;39m▀[48;2;32;35;45m[38;2;31;33;43m▀[48;2;22;21;28m[38;2;25;24;32m▀[48;2;35;39;48m[38;2;57;63;49m▀▀[48;2;30;31;40m [38;2;32;35;45m▀[48;2;32;35;45m[38;2;33;36;46m▀[48;2;33;36;46m[38;2;34;37;47m▀[48;2;35;39;48m[38;2;57;63;49m▀[38;2;61;66;55m▀ [38;2;110;85;80m▀[48;2;34;37;47m[38;2;34;39;43m▀[48;2;34;39;43m[38;2;81;80;77m▀[48;2;31;33;43m [48;2;27;26;34m[38;2;29;29;37m▀[48;2;0;0;0m [m
[48;2;0;0;0m              [48;2;140;144;136m[38;2;25;24;32m▀[48;2;22;21;28m[38;2;23;23;30m▀[38;2;25;24;32m▀[38;2;23;23;30m▀[48;2;23;23;30m[38;2;29;29;37m▀[48;2;30;31;40m [48;2;22;21;28m[38;2;25;24;32m▀[48;2;30;31;40m[38;2;32;35;45m▀[48;2;29;29;37m[38;2;30;30;39m▀ [48;2;30;31;40m[38;2;31;33;43m▀[48;2;31;33;43m[38;2;32;35;45m▀[38;2;33;36;46m▀[48;2;29;29;37m[38;2;35;39;48m▀[48;2;28;27;36m▀[48;2;26;25;33m[38;2;35;38;48m▀[48;2;27;26;34m▀[48;2;28;27;36m[38;2;32;35;45m▀[48;2;26;25;33m[38;2;30;30;39m▀[48;2;0;0;0m[38;2;22;21;28m▀ [m
[48;2;0;0;0m             [48;2;231;231;231m [48;2;33;50;20m[38;2;81;80;77m▀[48;2;14;15;20m[38;2;17;18;23m▀[48;2;17;18;23m [48;2;22;21;28m [38;2;23;23;30m▀[48;2;26;25;33m [48;2;57;63;49m[38;2;29;29;37m▀[48;2;156;91;92m[38;2;27;26;34m▀[48;2;231;101;101m[38;2;25;24;32m▀[48;2;33;57;8m[38;2;22;21;28m▀[48;2;47;77;8m[38;2;23;23;30m▀[48;2;126;138;114m[38;2;37;57;15m▀[38;2;41;68;8m▀[38;2;33;56;8m▀[48;2;33;57;8m▀[38;2;33;57;9m▀[48;2;47;77;8m[38;2;220;220;220m▀[48;2;207;207;207m[38;2;9;9;13m▀[48;2;0;0;0m[38;2;17;18;23m▀  [m
[48;2;0;0;0m            [48;2;231;231;231m [48;2;33;57;8m [48;2;47;77;8m[38;2;33;56;8m▀[48;2;11;12;16m[38;2;14;15;20m▀[48;2;30;31;40m[38;2;17;18;23m▀[48;2;235;101;102m[38;2;22;21;28m▀[48;2;254;106;106m[38;2;133;88;85m▀[38;2;248;104;104m▀   [48;2;33;57;8m [48;2;47;77;8m[38;2;126;138;114m▀[48;2;126;138;114m   [48;2;33;57;8m [48;2;254;106;106m[38;2;47;77;8m▀[48;2;33;57;8m [38;2;126;138;114m▀[48;2;231;231;231m [48;2;0;0;0m  [m
[48;2;0;0;0m           [48;2;126;138;114m[38;2;231;231;231m▀[48;2;33;57;8m  [48;2;254;106;106m [48;2;252;106;106m[38;2;30;31;40m▀[48;2;231;101;101m[38;2;215;98;98m▀[48;2;254;106;106m      [48;2;33;57;8m [48;2;47;77;8m[38;2;126;138;114m▀[48;2;126;138;114m   [48;2;33;57;8m [48;2;47;77;8m[38;2;254;106;106m▀[48;2;254;106;106m[38;2;47;77;8m▀[48;2;33;57;8m  [48;2;0;0;0m  [m
[48;2;0;0;0m          [48;2;126;138;114m[38;2;231;231;231m▀[48;2;33;57;8m [48;2;47;77;8m[38;2;33;57;8m▀ [38;2;254;106;106m▀[48;2;254;106;106m        [38;2;47;77;8m▀[48;2;33;57;8m▀[48;2;47;77;8m[38;2;126;138;114m▀[48;2;126;138;114m [48;2;33;57;8m▀ [48;2;254;106;106m  [48;2;33;57;8m  [48;2;0;0;0m  [m
[48;2;0;0;0m        [48;2;231;231;231m[38;2;0;0;0m▀[48;2;33;57;8m[38;2;126;138;114m▀ [48;2;254;106;106m[38;2;47;77;8m▀ ▀[48;2;47;77;8m [48;2;254;106;106m        ▀[38;2;33;57;8m▀[48;2;33;57;8m   [48;2;254;106;106m[38;2;47;77;8m▀  [48;2;33;57;8m  [48;2;0;0;0m  [m
[48;2;0;0;0m      [48;2;231;231;231m[38;2;0;0;0m▀[48;2;33;57;8m[38;2;231;231;231m▀[38;2;126;138;114m▀[48;2;47;77;8m[38;2;33;57;8m▀[48;2;254;106;106m    [38;2;47;77;8m▀[48;2;47;77;8m [48;2;254;106;106m         [38;2;33;57;8m▀▀   [48;2;33;57;8m[38;2;47;77;8m▀ [48;2;231;231;231m[38;2;33;57;8m▀[48;2;0;0;0m  [m
[48;2;0;0;0m    [48;2;231;231;231m[38;2;0;0;0m▀[48;2;126;138;114m[38;2;231;231;231m▀[48;2;33;57;8m[38;2;47;77;8m▀[48;2;47;77;8m[38;2;33;57;8m▀[48;2;254;106;106m[38;2;47;77;8m▀      ▀▀▀[48;2;47;77;8m  [38;2;254;106;106m▀▀[48;2;254;106;106m        [48;2;33;57;8m [48;2;126;138;114m [48;2;0;0;0m[38;2;231;231;231m▀  [m
[48;2;0;0;0m [48;2;231;231;231m[38;2;0;0;0m▀▀[48;2;33;57;8m[38;2;231;231;231m▀[38;2;47;77;8m▀[48;2;47;77;8m[38;2;33;57;8m▀[48;2;254;106;106m                       [38;2;47;77;8m▀[48;2;33;57;8m [48;2;126;138;114m[38;2;231;231;231m▀[48;2;231;231;231m[38;2;0;0;0m▀[48;2;0;0;0m  [m
[48;2;0;0;0m [38;2;231;231;231m▀[38;2;47;77;8m▀[38;2;33;57;8m▀▀▀▀▀▀▀▀▀▀▀▀▀▀▀▀▀▀▀▀▀▀▀▀▀▀▀▀[38;2;126;138;114m▀[38;2;231;231;231m▀  [m
