[48;2;0;0;0m             [48;2;81;91;67m[38;2;90;94;84m▀[48;2;39;43;50m[38;2;81;91;67m▀[48;2;35;38;46m[38;2;41;45;52m▀[48;2;34;37;44m [48;2;25;28;36m [48;2;43;48;54m [38;2;84;92;72m▀ [48;2;32;35;43m[38;2;34;37;44m▀[48;2;36;40;47m[38;2;37;41;48m▀[48;2;39;43;50m[38;2;41;45;52m▀[48;2;41;45;52m[38;2;39;43;50m▀[48;2;43;48;54m▀[48;2;41;45;52m▀[48;2;37;41;48m▀[48;2;34;37;44m[38;2;36;40;47m▀[48;2;123;128;105m[38;2;41;48;49m▀[48;2;34;37;44m[38;2;36;40;47m▀[38;2;35;38;46m▀[38;2;39;43;50m▀[48;2;0;0;0m  [m
[48;2;0;0;0m             [48;2;29;32;40m[38;2;36;40;47m▀[38;2;31;34;42m▀[38;2;32;35;43m▀[48;2;34;37;44m [48;2;20;22;28m[38;2;22;24;31m▀[48;2;41;45;52m[38;2;43;48;54m▀[48;2;43;48;54m  [48;2;29;32;40m[38;2;31;34;42m▀[48;2;37;41;48m[38;2;36;40;47m▀ [48;2;39;43;50m[38;2;41;45;52m▀[48;2;43;48;54m  [48;2;41;45;52m[38;2;70;88;44m▀[48;2;168;150;159m[38;2;123;128;105m▀[48;2;227;227;227m[38;2;211;193;202m▀[48;2;67;88;37m[38;2;72;88;48m▀[48;2;32;35;43m[38;2;40;50;42m▀[48;2;26;29;37m[38;2;29;32;40m▀[48;2;0;0;0m  [m
[48;2;0;0;0m             [48;2;25;27;36m[38;2;28;30;39m▀[38;2;26;29;37m▀[48;2;25;28;36m[38;2;28;30;39m▀[48;2;28;30;39m[38;2;31;34;42m▀[48;2;31;34;42m[38;2;25;27;36m▀[48;2;25;28;36m[38;2;34;37;44m▀[48;2;43;48;54m  [48;2;29;32;40m [48;2;32;35;43m▀[48;2;34;37;44m[38;2;35;38;46m▀[38;2;37;41;48m▀[48;2;43;48;54m  [38;2;41;45;52m▀[48;2;66;87;34m[38;2;123;128;105m▀[48;2;35;38;46m▀[48;2;66;87;34m[38;2;69;88;41m▀[48;2;31;34;42m [48;2;25;28;36m[38;2;26;29;37m▀[48;2;0;0;0m  [m
[48;2;0;0;0m             [48;2;22;24;31m[38;2;24;26;35m▀[48;2;20;22;28m[38;2;23;25;33m▀[48;2;22;24;31m[38;2;24;26;35m▀[38;2;25;27;36m▀[48;2;26;29;37m[38;2;32;35;43m▀[48;2;28;30;39m[38;2;22;24;31m▀[48;2;25;28;36m[38;2;41;45;52m▀[48;2;32;35;43m[38;2;42;48;52m▀[48;2;28;30;39m[38;2;29;32;40m▀▀[48;2;29;32;40m[38;2;31;34;42m▀[48;2;32;35;43m[38;2;34;37;44m▀[38;2;37;41;48m▀[48;2;36;40;47m[38;2;43;48;54m▀[38;2;41;45;52m▀[48;2;35;38;46m[38;2;36;40;47m▀[38;2;34;37;44m▀[48;2;32;35;43m▀[48;2;28;30;39m[38;2;29;32;40m▀[48;2;22;24;31m[38;2;24;26;35m▀[48;2;0;0;0m  [m
[48;2;0;0;0m             [48;2;168;150;159m[38;2;20;22;28m▀[48;2;18;19;25m▀▀[48;2;20;22;28m  [48;2;23;25;33m[38;2;29;32;40m▀[48;2;26;29;37m[38;2;20;22;28m▀[48;2;24;26;35m[38;2;28;30;39m▀[48;2;22;24;31m[38;2;26;29;37m▀[48;2;20;22;28m[38;2;28;30;39m▀[48;2;23;25;33m[38;2;29;32;40m▀[48;2;33;55;13m▀[48;2;44;71;10m▀[48;2;31;55;8m[38;2;26;29;37m▀[48;2;33;56;8m[38;2;25;27;36m▀[48;2;33;57;8m[38;2;23;25;33m▀[48;2;220;220;220m[38;2;24;26;35m▀[48;2;7;8;10m[38;2;25;27;36m▀[48;2;14;16;20m[38;2;23;25;33m▀[48;2;0;0;0m   [m
[48;2;0;0;0m            [48;2;231;231;231m[38;2;0;0;0m▀[48;2;32;55;9m[38;2;103;103;103m▀[48;2;14;16;20m  [48;2;22;24;31m[38;2;20;22;28m▀[48;2;107;107;107m▀[48;2;248;111;180m[38;2;28;30;39m▀[48;2;254;107;181m[38;2;20;22;28m▀[38;2;33;55;13m▀[38;2;234;117;175m▀[48;2;33;57;8m [48;2;123;129;108m    [48;2;33;57;8m  [38;2;231;231;231m▀[48;2;231;231;231m[38;2;11;12;15m▀[48;2;0;0;0m    [m
[48;2;0;0;0m           [48;2;231;231;231m[38;2;0;0;0m▀[48;2;33;57;8m[38;2;123;129;108m▀ [48;2;41;45;52m[38;2;11;12;15m▀[48;2;215;130;172m[38;2;39;43;50m▀[48;2;254;107;181m[38;2;234;117;175m▀     [48;2;33;57;8m [48;2;123;129;108m[38;2;60;95;10m▀   [48;2;33;57;8m [48;2;254;107;181m[38;2;56;89;10m▀[48;2;33;57;8m [38;2;231;231;231m▀[48;2;231;231;231m[38;2;0;0;0m▀[48;2;0;0;0m   [m
[48;2;0;0;0m         [48;2;231;231;231m[38;2;0;0;0m▀[48;2;33;57;8m[38;2;231;231;231m▀ [48;2;56;89;10m[38;2;33;57;8m▀[48;2;254;107;181m [38;2;253;107;180m▀[38;2;234;117;175m▀      [48;2;33;57;8m [48;2;56;89;10m[38;2;123;129;108m▀[48;2;123;129;108m  [48;2;60;95;10m▀[48;2;33;57;8m [48;2;254;107;181m [38;2;33;57;8m▀[48;2;33;57;8m [48;2;123;129;108m[38;2;231;231;231m▀[48;2;0;0;0m   [m
[48;2;0;0;0m        [48;2;231;231;231m[38;2;0;0;0m▀[48;2;33;57;8m[38;2;123;129;108m▀ [48;2;56;89;10m[38;2;33;57;8m▀ [48;2;254;107;181m          [48;2;33;57;8m [38;2;123;129;108m▀▀ [48;2;56;89;10m [48;2;254;107;181m [38;2;56;89;10m▀[48;2;33;57;8m [48;2;123;129;108m [48;2;0;0;0m   [m
[48;2;0;0;0m      [48;2;231;231;231m[38;2;0;0;0m▀[48;2;33;57;8m[38;2;231;231;231m▀ [48;2;56;89;10m[38;2;33;57;8m▀[48;2;254;107;181m [38;2;56;89;10m▀[48;2;56;89;10m  [38;2;254;107;181m▀[48;2;254;107;181m        [38;2;33;57;8m▀[48;2;33;57;8m  [48;2;56;89;10m [48;2;254;107;181m  [38;2;56;89;10m▀[48;2;33;57;8m [48;2;231;231;231m [48;2;0;0;0m   [m
[48;2;0;0;0m   [48;2;231;231;231m[38;2;0;0;0m▀[48;2;123;129;108m[38;2;231;231;231m▀[48;2;33;57;8m▀ [48;2;254;107;181m[38;2;33;57;8m▀     [48;2;56;89;10m  [38;2;254;107;181m▀▀▀▀[48;2;254;107;181m         [48;2;56;89;10m▀[48;2;33;57;8m [48;2;231;231;231m[38;2;33;57;8m▀[48;2;0;0;0m[38;2;231;231;231m▀   [m
[48;2;231;231;231m[38;2;0;0;0m▀▀[48;2;33;57;8m[38;2;231;231;231m▀  [48;2;254;107;181m[38;2;33;57;8m▀         [38;2;56;89;10m▀▀▀▀▀▀       [48;2;33;57;8m  [48;2;231;231;231m [48;2;0;0;0m    [m
[48;2;0;0;0m[38;2;231;231;231m▀[38;2;123;129;108m▀[38;2;33;57;8m▀▀▀▀▀▀▀▀▀▀▀▀▀▀▀▀▀▀▀▀▀▀▀▀▀▀▀[38;2;123;129;108m▀     [m
