[48;2;0;0;0m           [48;2;83;87;89m[38;2;0;0;0m▀[48;2;59;65;70m[38;2;94;96;97m▀[48;2;34;38;47m[38;2;67;72;76m▀[48;2;33;37;46m[38;2;34;38;47m▀[48;2;25;28;37m[38;2;18;19;26m▀[48;2;57;64;69m[38;2;53;64;59m▀[48;2;63;68;72m[38;2;77;81;84m▀[48;2;57;64;69m[38;2;66;70;74m▀[48;2;34;37;47m[38;2;34;38;47m▀[48;2;34;38;47m    [38;2;53;64;59m▀  [48;2;54;68;50m[38;2;34;38;47m▀[48;2;34;38;47m  [38;2;53;63;62m▀[48;2;0;0;0m    [m
[48;2;0;0;0m           [48;2;34;38;47m[38;2;62;67;71m▀[48;2;30;33;42m[38;2;34;38;47m▀[48;2;32;35;45m▀[48;2;34;37;47m [48;2;22;24;32m[38;2;25;28;37m▀[48;2;53;63;62m[38;2;53;61;66m▀[48;2;55;63;68m[38;2;60;66;71m▀[48;2;53;61;66m[38;2;54;62;68m▀[48;2;30;33;42m[38;2;32;35;45m▀[48;2;34;38;47m   [48;2;53;61;66m[38;2;53;63;62m▀[48;2;53;64;59m[38;2;34;38;47m▀[48;2;110;113;107m▀[48;2;123;133;114m[38;2;33;37;46m▀[48;2;195;195;195m[38;2;121;131;112m▀[48;2;94;96;97m[38;2;34;37;47m▀[48;2;54;70;46m[38;2;33;37;46m▀[48;2;28;31;40m▀[48;2;0;0;0m    [m
[48;2;0;0;0m           [48;2;26;29;38m[38;2;29;32;41m▀[38;2;28;31;40m▀[48;2;27;30;39m[38;2;29;32;41m▀[48;2;31;34;44m[38;2;33;37;46m▀[48;2;24;27;35m[38;2;20;22;30m▀[48;2;34;40;43m[38;2;34;38;47m▀[48;2;53;63;62m[38;2;53;61;66m▀[48;2;53;61;66m [48;2;29;32;41m[38;2;30;33;42m▀[48;2;34;37;47m[38;2;34;38;47m▀[48;2;34;38;47m  [48;2;59;65;70m[38;2;53;61;66m▀[48;2;58;64;69m▀[48;2;34;38;47m [48;2;116;122;111m[38;2;158;158;158m▀[48;2;121;129;112m[38;2;230;227;230m▀[48;2;54;73;41m[38;2;110;113;107m▀[48;2;31;34;44m[38;2;32;35;45m▀[48;2;26;29;38m [48;2;0;0;0m    [m
[48;2;0;0;0m           [48;2;24;26;35m[38;2;24;27;35m▀[48;2;23;25;34m▀[48;2;24;26;35m[38;2;25;28;37m▀[48;2;24;27;35m[38;2;27;30;39m▀[48;2;31;34;44m[38;2;30;33;42m▀[48;2;22;24;32m[38;2;25;28;37m▀[48;2;34;38;47m[38;2;53;64;59m▀[38;2;53;63;62m▀[48;2;29;32;41m[38;2;30;33;42m▀[38;2;32;35;45m▀[48;2;31;34;44m[38;2;33;37;46m▀[48;2;33;37;46m[38;2;34;37;47m▀[48;2;34;38;47m[38;2;53;63;62m▀[38;2;59;65;70m▀[38;2;53;64;59m▀[38;2;55;78;31m▀[48;2;34;37;47m[38;2;34;40;43m▀[48;2;34;40;43m[38;2;55;78;31m▀[48;2;29;32;41m[38;2;30;33;42m▀[48;2;24;26;35m[38;2;25;28;37m▀[48;2;0;0;0m    [m
[48;2;0;0;0m           [48;2;140;140;140m[38;2;22;24;32m▀[48;2;20;22;30m [48;2;18;19;26m▀[48;2;20;22;30m▀[38;2;25;28;37m▀[48;2;29;32;41m[38;2;28;31;40m▀[48;2;20;22;30m[38;2;25;28;37m▀[48;2;28;31;40m[38;2;33;37;46m▀[48;2;26;29;38m[38;2;28;31;40m▀[48;2;27;30;39m [48;2;28;31;40m[38;2;29;32;41m▀[48;2;29;32;41m[38;2;32;35;45m▀[48;2;30;33;42m[38;2;33;37;46m▀[48;2;26;29;38m[38;2;34;38;47m▀[48;2;24;27;35m▀[48;2;23;25;34m▀▀[48;2;24;27;35m[38;2;32;35;45m▀[48;2;23;25;34m[38;2;27;30;39m▀[48;2;0;0;0m[38;2;20;22;30m▀    [m
[48;2;0;0;0m          [48;2;230;230;230m[38;2;0;0;0m▀[48;2;33;53;15m[38;2;165;165;165m▀[48;2;14;15;21m[38;2;18;19;26m▀▀[48;2;18;19;26m[38;2;20;22;30m▀▀[38;2;23;25;34m▀[48;2;22;24;32m[38;2;26;29;38m▀[48;2;37;62;8m[38;2;24;26;35m▀[48;2;53;82;13m[38;2;22;24;32m▀[48;2;33;57;8m▀[48;2;123;133;114m[38;2;24;27;35m▀[38;2;33;53;15m▀[38;2;33;55;11m▀[48;2;33;57;8m[38;2;33;56;8m▀▀ [48;2;230;230;230m[38;2;221;221;221m▀[48;2;10;11;15m[38;2;7;8;11m▀[48;2;0;0;0m[38;2;14;15;21m▀     [m
[48;2;0;0;0m         [48;2;230;230;230m[38;2;0;0;0m▀[48;2;33;57;8m[38;2;123;133;114m▀[38;2;33;56;9m▀[48;2;12;13;18m[38;2;14;15;21m▀[48;2;53;61;66m▀[48;2;253;107;245m[38;2;22;24;32m▀[48;2;254;107;247m[38;2;143;143;143m▀[38;2;54;83;15m▀[38;2;33;57;8m▀ [48;2;54;83;15m [48;2;33;57;8m [48;2;123;133;114m   [48;2;54;83;15m [48;2;33;57;8m  [38;2;123;133;114m▀[48;2;230;230;230m[38;2;0;0;0m▀[48;2;0;0;0m      [m
[48;2;0;0;0m        [48;2;123;133;114m[38;2;230;230;230m▀[48;2;33;57;8m[38;2;54;83;15m▀[48;2;54;83;15m[38;2;33;57;8m▀[48;2;254;107;247m [48;2;253;107;245m[38;2;58;64;69m▀ [48;2;254;107;247m     [48;2;54;83;15m [48;2;33;57;8m[38;2;54;83;15m▀[48;2;123;133;114m   [48;2;54;83;15m [48;2;33;57;8m▀[48;2;254;107;247m[38;2;33;57;8m▀[48;2;33;57;8m [48;2;123;133;114m[38;2;230;230;230m▀[48;2;230;230;230m[38;2;0;0;0m▀[48;2;0;0;0m     [m
[48;2;0;0;0m       [48;2;123;133;114m[38;2;230;230;230m▀[48;2;33;57;8m  [48;2;254;107;247m          [48;2;33;57;8m [48;2;54;83;15m[38;2;123;133;114m▀[48;2;123;133;114m  [48;2;33;57;8m[38;2;54;83;15m▀[48;2;254;107;247m▀ [48;2;54;83;15m[38;2;33;57;8m▀[48;2;33;57;8m[38;2;54;83;15m▀[48;2;230;230;230m [48;2;0;0;0m     [m
[48;2;0;0;0m     [48;2;230;230;230m[38;2;0;0;0m▀[48;2;54;83;15m[38;2;230;230;230m▀[48;2;33;57;8m [48;2;54;83;15m[38;2;33;57;8m▀[48;2;254;107;247m [48;2;54;83;15m [48;2;254;107;247m         ▀[48;2;33;57;8m [38;2;54;83;15m▀  [48;2;254;107;247m  [48;2;33;57;8m  [48;2;230;230;230m [48;2;0;0;0m     [m
[48;2;0;0;0m    [48;2;230;230;230m[38;2;0;0;0m▀[48;2;33;57;8m[38;2;123;133;114m▀ [48;2;254;107;247m[38;2;54;83;15m▀  ▀[48;2;54;83;15m [38;2;254;107;247m▀▀▀[48;2;254;107;247m      [38;2;33;57;8m▀▀▀  [48;2;54;83;15m[38;2;254;107;247m▀[48;2;33;57;8m [48;2;230;230;230m[38;2;123;133;114m▀[48;2;0;0;0m[38;2;230;230;230m▀     [m
[48;2;0;0;0m [48;2;230;230;230m[38;2;0;0;0m▀[48;2;123;133;114m[38;2;230;230;230m▀[48;2;33;57;8m[38;2;123;133;114m▀ [48;2;254;107;247m[38;2;33;57;8m▀     [38;2;54;83;15m▀▀▀▀▀[48;2;54;83;15m  [38;2;254;107;247m▀[48;2;254;107;247m       [48;2;54;83;15m[38;2;33;57;8m▀[48;2;33;57;8m [48;2;230;230;230m [48;2;0;0;0m      [m
[48;2;0;0;0m [38;2;230;230;230m▀[38;2;33;57;8m▀▀▀▀▀▀▀▀▀▀▀▀▀▀▀▀▀▀▀▀▀▀▀▀▀▀[38;2;230;230;230m▀      [m
