[48;2;0;0;0m                       [48;2;56;117;168m[38;2;0;0;0m▀▀[48;2;55;117;168m▀▀▀[48;2;55;116;167m▀[48;2;57;109;152m▀[48;2;0;0;0m     [m
[48;2;0;0;0m      [48;2;239;237;229m[38;2;0;0;0m▀[48;2;53;85;8m[38;2;239;237;229m▀[48;2;33;57;7m▀▀[38;2;124;139;112m▀[38;2;239;237;229m▀▀[48;2;124;139;112m▀[48;2;239;237;229m[38;2;0;0;0m▀[48;2;0;0;0m        [48;2;55;117;168m[38;2;56;117;168m▀[38;2;0;0;0m▀ [48;2;55;116;167m[38;2;55;117;168m▀[48;2;55;115;164m[38;2;55;116;167m▀[48;2;56;114;162m[38;2;55;115;164m▀[48;2;56;112;158m[38;2;56;114;162m▀[48;2;0;0;0m     [m
[48;2;0;0;0m   [48;2;239;237;229m[38;2;0;0;0m▀[48;2;53;85;8m[38;2;239;237;229m▀[48;2;33;57;7m[38;2;124;139;112m▀ [48;2;214;140;254m[38;2;33;57;7m▀[38;2;53;85;8m▀▀▀▀[38;2;33;57;7m▀▀[48;2;33;57;7m [38;2;124;139;112m▀[48;2;239;237;229m[38;2;0;0;0m▀[48;2;0;0;0m   [48;2;56;117;168m▀[48;2;55;117;168m▀▀ [48;2;55;116;167m[38;2;55;117;168m▀[48;2;55;115;164m[38;2;55;116;167m▀[48;2;56;114;162m[38;2;56;114;163m▀[48;2;56;112;158m[38;2;56;114;162m▀[48;2;56;110;156m[38;2;56;112;158m▀[48;2;57;110;154m[38;2;56;110;156m▀[48;2;251;209;87m[38;2;0;0;0m▀[48;2;251;211;89m▀▀[48;2;251;209;87m▀[48;2;0;0;0m [m
[48;2;0;0;0m  [48;2;124;139;112m[38;2;239;237;229m▀[48;2;33;57;7m[38;2;124;139;112m▀ [48;2;214;140;254m [48;2;33;57;7m[38;2;214;140;254m▀[48;2;53;85;8m▀[48;2;214;140;254m [48;2;33;57;7m▀▀▀▀▀[48;2;53;85;8m▀[48;2;33;57;7m  [38;2;239;237;229m▀[48;2;239;237;229m[38;2;0;0;0m▀[48;2;55;117;168m[38;2;56;117;168m▀  [48;2;55;116;167m[38;2;55;117;168m▀[48;2;55;115;164m[38;2;55;116;167m▀[48;2;56;114;162m[38;2;55;115;164m▀[48;2;56;112;158m[38;2;56;114;162m▀[48;2;56;110;156m[38;2;56;112;158m▀[48;2;57;110;154m[38;2;56;110;156m▀[48;2;57;109;152m[38;2;57;110;154m▀[48;2;59;108;149m[38;2;57;109;152m▀[48;2;251;211;89m[38;2;251;209;87m▀ [48;2;251;209;87m[38;2;251;211;89m▀ [48;2;0;0;0m [m
[48;2;239;237;229m[38;2;0;0;0m▀[48;2;124;139;112m[38;2;239;237;229m▀[48;2;33;57;7m [48;2;53;85;8m[38;2;33;57;7m▀[48;2;214;140;254m [38;2;53;85;8m▀[48;2;33;57;7m [48;2;53;85;8m [48;2;214;140;254m [48;2;33;57;7m [48;2;124;139;112m   ▀[48;2;33;57;7m  [48;2;53;85;8m[38;2;33;57;7m▀[48;2;33;57;7m [38;2;124;139;112m▀[48;2;55;117;168m [48;2;55;116;166m[38;2;55;117;168m▀[48;2;55;115;164m[38;2;55;116;166m▀[48;2;56;114;162m[38;2;55;115;164m▀[48;2;251;211;89m[38;2;56;114;163m▀[38;2;0;0;0m▀▀▀▀▀ [48;2;251;209;87m[38;2;251;211;89m▀   [48;2;0;0;0m [m
[48;2;124;139;112m[38;2;239;237;229m▀[48;2;33;57;7m  [48;2;214;140;254m     [38;2;53;85;8m▀[48;2;33;57;7m [48;2;124;139;112m   ▀[48;2;33;57;7m [48;2;214;140;254m  ▀[48;2;53;85;8m[38;2;33;57;7m▀[48;2;33;57;7m[38;2;55;116;166m▀[48;2;56;114;162m[38;2;55;115;164m▀[48;2;56;112;158m[38;2;56;114;162m▀[48;2;56;110;156m [48;2;251;211;89m     [48;2;251;209;87m[38;2;251;211;89m▀    [48;2;0;0;0m[38;2;251;209;87m▀ [m
[48;2;33;57;7m[38;2;53;85;8m▀ [48;2;53;85;8m[38;2;214;140;254m▀[48;2;214;140;254m      [48;2;33;57;7m [48;2;124;139;112m   [48;2;53;85;8m [38;2;33;57;7m▀[48;2;214;140;254m    [48;2;33;57;7m [48;2;53;85;8m[38;2;124;139;112m▀[48;2;239;237;229m[38;2;0;0;0m▀[48;2;0;0;0m [48;2;251;211;89m   [48;2;251;209;87m[38;2;251;211;89m▀▀  [48;2;0;0;0m     [m
[48;2;53;85;8m[38;2;33;57;7m▀[48;2;33;57;7m [48;2;53;85;8m[38;2;214;140;254m▀[48;2;214;140;254m      [48;2;53;85;8m[38;2;33;57;7m▀[48;2;33;57;7m[38;2;53;85;8m▀[48;2;53;85;8m[38;2;124;139;112m▀[48;2;33;57;7m▀ [48;2;214;140;254m     [48;2;33;57;7m [48;2;124;139;112m [48;2;0;0;0m[38;2;239;237;229m▀ [38;2;251;211;89m▀[48;2;251;209;87m▀   [38;2;0;0;0m▀ [48;2;0;0;0m     [m
[48;2;124;139;112m[38;2;33;57;7m▀[48;2;33;57;7m [38;2;214;140;254m▀[48;2;214;140;254m      [38;2;53;85;8m▀[48;2;53;85;8m[38;2;33;57;7m▀[48;2;33;57;7m  [48;2;214;140;254m[38;2;53;85;8m▀     [48;2;53;85;8m[38;2;33;57;7m▀[48;2;33;57;7m[38;2;124;139;112m▀[48;2;124;139;112m[38;2;239;237;229m▀[48;2;0;0;0m             [m
[48;2;239;237;229m [48;2;53;85;8m[38;2;33;57;7m▀[48;2;33;57;7m [48;2;53;85;8m[38;2;214;140;254m▀[48;2;214;140;254m       [38;2;53;85;8m▀        [38;2;33;57;7m▀[48;2;53;85;8m▀[48;2;33;57;7m[38;2;124;139;112m▀[38;2;239;237;229m▀[38;2;0;0;0m▀[48;2;239;237;229m▀[48;2;0;0;0m         [m
[48;2;239;237;229m [48;2;33;57;7m[38;2;53;85;8m▀ [48;2;53;85;8m  [38;2;214;140;254m▀▀▀▀[48;2;214;140;254m             [38;2;53;85;8m▀▀[48;2;53;85;8m[38;2;33;57;7m▀[48;2;33;57;7m [38;2;124;139;112m▀[48;2;53;85;8m[38;2;239;237;229m▀[48;2;239;237;229m[38;2;0;0;0m▀[48;2;0;0;0m      [m
[48;2;239;237;229m [48;2;33;57;7m  [48;2;214;140;254m [38;2;53;85;8m▀▀▀▀▀[48;2;53;85;8m [38;2;214;140;254m▀[48;2;214;140;254m               [38;2;33;57;7m▀[48;2;53;85;8m▀[48;2;33;57;7m [38;2;239;237;229m▀[48;2;239;237;229m[38;2;0;0;0m▀[48;2;0;0;0m    [m
[48;2;0;0;0m[38;2;239;237;229m▀[38;2;33;57;7m▀▀▀▀▀▀▀▀▀▀▀▀▀▀▀▀▀▀▀▀▀▀▀▀▀▀▀▀▀[38;2;124;139;112m▀    [m
