[48;2;0;0;0m                       [48;2;56;117;168m[38;2;0;0;0m▀▀[48;2;55;117;168m▀▀▀[48;2;55;116;167m▀[48;2;57;109;152m▀[48;2;0;0;0m     [m
[48;2;0;0;0m      [48;2;235;234;232m[38;2;0;0;0m▀[48;2;53;85;8m[38;2;235;234;232m▀[48;2;33;57;7m▀▀[38;2;124;139;112m▀[38;2;235;234;232m▀▀[48;2;124;139;112m▀[48;2;235;234;232m[38;2;0;0;0m▀[48;2;0;0;0m        [48;2;55;117;168m[38;2;56;117;168m▀[38;2;0;0;0m▀ [48;2;55;116;167m[38;2;55;117;168m▀[48;2;55;115;164m[38;2;55;116;167m▀[48;2;56;114;162m[38;2;55;115;164m▀[48;2;56;112;158m[38;2;56;114;162m▀[48;2;0;0;0m     [m
[48;2;0;0;0m   [48;2;235;234;232m[38;2;0;0;0m▀[48;2;53;85;8m[38;2;235;234;232m▀[48;2;33;57;7m[38;2;124;139;112m▀ [48;2;254;214;140m[38;2;33;57;7m▀[38;2;53;85;8m▀▀▀▀[38;2;33;57;7m▀▀[48;2;33;57;7m [38;2;124;139;112m▀[48;2;235;234;232m[38;2;0;0;0m▀[48;2;0;0;0m   [48;2;56;117;168m▀[48;2;55;117;168m▀▀ [48;2;55;116;167m[38;2;55;117;168m▀[48;2;55;115;164m[38;2;55;116;167m▀[48;2;56;114;162m[38;2;56;114;163m▀[48;2;56;112;158m[38;2;56;114;162m▀[48;2;56;110;156m[38;2;56;112;158m▀[48;2;57;110;154m[38;2;56;110;156m▀[48;2;254;210;74m[38;2;0;0;0m▀▀▀▀[48;2;0;0;0m [m
[48;2;0;0;0m  [48;2;124;139;112m[38;2;235;234;232m▀[48;2;33;57;7m[38;2;124;139;112m▀ [48;2;254;214;140m [48;2;33;57;7m[38;2;254;214;140m▀[48;2;53;85;8m▀[48;2;254;214;140m [48;2;33;57;7m▀▀▀▀▀[48;2;53;85;8m▀[48;2;33;57;7m  [38;2;235;234;232m▀[48;2;235;234;232m[38;2;0;0;0m▀[48;2;55;117;168m[38;2;56;117;168m▀  [48;2;55;116;167m[38;2;55;117;168m▀[48;2;55;115;164m[38;2;55;116;167m▀[48;2;56;114;162m[38;2;55;115;164m▀[48;2;56;112;158m[38;2;56;114;162m▀[48;2;56;110;156m[38;2;56;112;158m▀[48;2;57;110;154m[38;2;56;110;156m▀[48;2;57;109;152m[38;2;57;110;154m▀[48;2;59;108;149m[38;2;57;109;152m▀[48;2;254;210;74m    [48;2;0;0;0m [m
[48;2;235;234;232m[38;2;0;0;0m▀[48;2;124;139;112m[38;2;235;234;232m▀[48;2;33;57;7m [48;2;53;85;8m[38;2;33;57;7m▀[48;2;254;214;140m [38;2;53;85;8m▀[48;2;33;57;7m [48;2;53;85;8m [48;2;254;214;140m [48;2;33;57;7m [48;2;124;139;112m   ▀[48;2;33;57;7m  [48;2;53;85;8m[38;2;33;57;7m▀[48;2;33;57;7m [38;2;124;139;112m▀[48;2;55;117;168m [48;2;55;116;166m[38;2;55;117;168m▀[48;2;55;115;164m[38;2;55;116;166m▀[48;2;56;114;162m[38;2;55;115;164m▀[48;2;254;212;80m[38;2;56;114;163m▀[48;2;254;212;79m[38;2;0;0;0m▀[48;2;254;211;76m▀[48;2;254;210;74m▀▀▀     [48;2;0;0;0m [m
[48;2;124;139;112m[38;2;235;234;232m▀[48;2;33;57;7m  [48;2;254;214;140m     [38;2;53;85;8m▀[48;2;33;57;7m [48;2;124;139;112m   ▀[48;2;33;57;7m [48;2;254;214;140m  ▀[48;2;53;85;8m[38;2;33;57;7m▀[48;2;33;57;7m[38;2;55;116;166m▀[48;2;56;114;162m[38;2;55;115;164m▀[48;2;56;112;158m[38;2;56;114;162m▀[48;2;56;110;156m [48;2;254;211;76m[38;2;254;212;79m▀[48;2;254;210;74m[38;2;254;211;76m▀        [48;2;0;0;0m[38;2;254;210;74m▀ [m
[48;2;33;57;7m[38;2;53;85;8m▀ [48;2;53;85;8m[38;2;254;214;140m▀[48;2;254;214;140m      [48;2;33;57;7m [48;2;124;139;112m   [48;2;53;85;8m [38;2;33;57;7m▀[48;2;254;214;140m    [48;2;33;57;7m [48;2;53;85;8m[38;2;124;139;112m▀[48;2;235;234;232m[38;2;0;0;0m▀[48;2;0;0;0m [48;2;254;210;74m       [48;2;0;0;0m     [m
[48;2;53;85;8m[38;2;33;57;7m▀[48;2;33;57;7m [48;2;53;85;8m[38;2;254;214;140m▀[48;2;254;214;140m      [48;2;53;85;8m[38;2;33;57;7m▀[48;2;33;57;7m[38;2;53;85;8m▀[48;2;53;85;8m[38;2;124;139;112m▀[48;2;33;57;7m▀ [48;2;254;214;140m     [48;2;33;57;7m [48;2;124;139;112m [48;2;0;0;0m[38;2;235;234;232m▀ [38;2;254;210;74m▀[48;2;254;210;74m    [38;2;0;0;0m▀ [48;2;0;0;0m     [m
[48;2;124;139;112m[38;2;33;57;7m▀[48;2;33;57;7m [38;2;254;214;140m▀[48;2;254;214;140m      [38;2;53;85;8m▀[48;2;53;85;8m[38;2;33;57;7m▀[48;2;33;57;7m  [48;2;254;214;140m[38;2;53;85;8m▀     [48;2;53;85;8m[38;2;33;57;7m▀[48;2;33;57;7m[38;2;124;139;112m▀[48;2;124;139;112m[38;2;235;234;232m▀[48;2;0;0;0m             [m
[48;2;235;234;232m [48;2;53;85;8m[38;2;33;57;7m▀[48;2;33;57;7m [48;2;53;85;8m[38;2;254;214;140m▀[48;2;254;214;140m       [38;2;53;85;8m▀        [38;2;33;57;7m▀[48;2;53;85;8m▀[48;2;33;57;7m[38;2;124;139;112m▀[38;2;235;234;232m▀[38;2;0;0;0m▀[48;2;235;234;232m▀[48;2;0;0;0m         [m
[48;2;235;234;232m [48;2;33;57;7m[38;2;53;85;8m▀ [48;2;53;85;8m  [38;2;254;214;140m▀▀▀▀[48;2;254;214;140m             [38;2;53;85;8m▀▀[48;2;53;85;8m[38;2;33;57;7m▀[48;2;33;57;7m [38;2;124;139;112m▀[48;2;53;85;8m[38;2;235;234;232m▀[48;2;235;234;232m[38;2;0;0;0m▀[48;2;0;0;0m      [m
[48;2;235;234;232m [48;2;33;57;7m  [48;2;254;214;140m [38;2;53;85;8m▀▀▀▀▀[48;2;53;85;8m [38;2;254;214;140m▀[48;2;254;214;140m               [38;2;33;57;7m▀[48;2;53;85;8m▀[48;2;33;57;7m [38;2;235;234;232m▀[48;2;235;234;232m[38;2;0;0;0m▀[48;2;0;0;0m    [m
[48;2;0;0;0m[38;2;235;234;232m▀[38;2;33;57;7m▀▀▀▀▀▀▀▀▀▀▀▀▀▀▀▀▀▀▀▀▀▀▀▀▀▀▀▀▀[38;2;124;139;112m▀    [m
