[48;2;0;0;0m                       [48;2;56;117;167m[38;2;0;0;0m▀▀[48;2;55;117;168m▀▀▀[48;2;55;116;166m▀[48;2;61;108;146m▀[48;2;0;0;0m     [m
[48;2;0;0;0m      [48;2;231;231;231m[38;2;0;0;0m▀[48;2;53;85;8m[38;2;231;231;231m▀[48;2;33;57;7m▀▀[38;2;125;137;114m▀[38;2;231;231;231m▀▀[48;2;125;137;114m▀[48;2;231;231;231m[38;2;0;0;0m▀[48;2;0;0;0m        [48;2;55;117;168m[38;2;56;117;167m▀[38;2;0;0;0m▀ [48;2;55;116;166m[38;2;55;117;168m▀[48;2;55;115;164m[38;2;55;116;166m▀[48;2;56;113;160m[38;2;55;115;164m▀[48;2;56;112;158m[38;2;56;113;160m▀[48;2;0;0;0m     [m
[48;2;0;0;0m   [48;2;231;231;231m[38;2;0;0;0m▀[48;2;53;85;8m[38;2;231;231;231m▀[48;2;33;57;7m[38;2;125;137;114m▀ [48;2;254;140;139m[38;2;33;57;7m▀[38;2;53;85;8m▀▀▀▀[38;2;33;57;7m▀▀[48;2;33;57;7m [38;2;125;137;114m▀[48;2;231;231;231m[38;2;0;0;0m▀[48;2;0;0;0m   [48;2;56;117;167m▀[48;2;55;117;168m▀▀ [48;2;55;116;166m[38;2;55;117;168m▀[48;2;55;115;164m▀[48;2;56;113;160m[38;2;56;114;163m▀[48;2;56;112;158m[38;2;56;113;160m▀[48;2;57;111;156m[38;2;56;112;158m▀[48;2;58;110;154m[38;2;57;111;156m▀[48;2;254;202;74m[38;2;0;0;0m▀▀▀▀[48;2;0;0;0m [m
[48;2;0;0;0m  [48;2;125;137;114m[38;2;231;231;231m▀[48;2;33;57;7m[38;2;125;137;114m▀ [48;2;254;140;139m [48;2;33;57;7m[38;2;254;140;139m▀[48;2;53;85;8m▀[48;2;254;140;139m [48;2;33;57;7m▀▀▀▀▀[48;2;53;85;8m▀[48;2;33;57;7m  [38;2;231;231;231m▀[48;2;231;231;231m[38;2;0;0;0m▀[48;2;55;117;168m[38;2;56;117;167m▀  [48;2;55;116;166m[38;2;55;117;168m▀[48;2;55;115;164m[38;2;55;116;166m▀[48;2;56;113;160m[38;2;55;115;164m▀[48;2;56;112;158m[38;2;56;113;160m▀[48;2;57;111;156m[38;2;56;112;158m▀[48;2;58;110;154m[38;2;57;111;156m▀[48;2;60;109;151m[38;2;58;110;154m▀ [48;2;254;202;74m    [48;2;0;0;0m [m
[48;2;231;231;231m[38;2;0;0;0m▀[48;2;125;137;114m[38;2;231;231;231m▀[48;2;33;57;7m [48;2;53;85;8m[38;2;33;57;7m▀[48;2;254;140;139m [38;2;53;85;8m▀[48;2;33;57;7m [48;2;53;85;8m [48;2;254;140;139m [48;2;33;57;7m [48;2;125;137;114m   ▀[48;2;33;57;7m  [48;2;53;85;8m[38;2;33;57;7m▀[48;2;33;57;7m [38;2;125;137;114m▀[48;2;55;117;168m [48;2;55;116;166m[38;2;55;117;168m▀[48;2;55;115;164m[38;2;55;116;166m▀[48;2;56;113;160m[38;2;55;115;164m▀[48;2;254;201;78m[38;2;56;114;163m▀[38;2;0;0;0m▀[48;2;254;202;76m▀[48;2;254;202;74m▀▀▀     [48;2;0;0;0m [m
[48;2;125;137;114m[38;2;231;231;231m▀[48;2;33;57;7m  [48;2;254;140;139m     [38;2;53;85;8m▀[48;2;33;57;7m [48;2;125;137;114m   ▀[48;2;33;57;7m [48;2;254;140;139m  ▀[48;2;53;85;8m[38;2;33;57;7m▀[48;2;33;57;7m[38;2;55;116;166m▀[48;2;56;113;160m[38;2;55;115;164m▀[48;2;56;112;158m[38;2;56;113;160m▀ [48;2;254;202;76m[38;2;254;201;78m▀[48;2;254;202;74m[38;2;254;202;76m▀        [48;2;0;0;0m[38;2;254;202;74m▀ [m
[48;2;33;57;7m[38;2;53;85;8m▀ [48;2;53;85;8m[38;2;254;140;139m▀[48;2;254;140;139m      [48;2;33;57;7m [48;2;125;137;114m   [48;2;53;85;8m [38;2;33;57;7m▀[48;2;254;140;139m    [48;2;33;57;7m [48;2;53;85;8m[38;2;125;137;114m▀[48;2;231;231;231m[38;2;0;0;0m▀[48;2;0;0;0m [48;2;254;202;74m       [48;2;0;0;0m     [m
[48;2;53;85;8m[38;2;33;57;7m▀[48;2;33;57;7m [48;2;53;85;8m[38;2;254;140;139m▀[48;2;254;140;139m      [48;2;53;85;8m[38;2;33;57;7m▀[48;2;33;57;7m[38;2;53;85;8m▀[48;2;53;85;8m[38;2;125;137;114m▀[48;2;33;57;7m▀ [48;2;254;140;139m     [48;2;33;57;7m [48;2;125;137;114m [48;2;0;0;0m[38;2;231;231;231m▀ [38;2;254;202;74m▀[48;2;254;202;74m    [38;2;0;0;0m▀ [48;2;0;0;0m     [m
[48;2;125;137;114m[38;2;33;57;7m▀[48;2;33;57;7m [38;2;254;140;139m▀[48;2;254;140;139m      [38;2;53;85;8m▀[48;2;53;85;8m[38;2;33;57;7m▀[48;2;33;57;7m  [48;2;254;140;139m[38;2;53;85;8m▀     [48;2;53;85;8m[38;2;33;57;7m▀[48;2;33;57;7m[38;2;125;137;114m▀[48;2;125;137;114m[38;2;231;231;231m▀[48;2;0;0;0m             [m
[48;2;231;231;231m [48;2;53;85;8m[38;2;33;57;7m▀[48;2;33;57;7m [48;2;53;85;8m[38;2;254;140;139m▀[48;2;254;140;139m       [38;2;53;85;8m▀        [38;2;33;57;7m▀[48;2;53;85;8m▀[48;2;33;57;7m[38;2;125;137;114m▀[38;2;231;231;231m▀[38;2;0;0;0m▀[48;2;231;231;231m▀[48;2;0;0;0m         [m
[48;2;231;231;231m [48;2;33;57;7m[38;2;53;85;8m▀ [48;2;53;85;8m  [38;2;254;140;139m▀▀▀▀[48;2;254;140;139m             [38;2;53;85;8m▀▀[48;2;53;85;8m[38;2;33;57;7m▀[48;2;33;57;7m [38;2;125;137;114m▀[48;2;53;85;8m[38;2;231;231;231m▀[48;2;231;231;231m[38;2;0;0;0m▀[48;2;0;0;0m      [m
[48;2;231;231;231m [48;2;33;57;7m  [48;2;254;140;139m [38;2;53;85;8m▀▀▀▀▀[48;2;53;85;8m [38;2;254;140;139m▀[48;2;254;140;139m               [38;2;33;57;7m▀[48;2;53;85;8m▀[48;2;33;57;7m [38;2;231;231;231m▀[48;2;231;231;231m[38;2;0;0;0m▀[48;2;0;0;0m    [m
[48;2;0;0;0m[38;2;231;231;231m▀[38;2;33;57;7m▀▀▀▀▀▀▀▀▀▀▀▀▀▀▀▀▀▀▀▀▀▀▀▀▀▀▀▀▀[38;2;125;137;114m▀    [m
