[48;2;0;0;0m                                [m
[48;2;0;0;0m                                [m
[48;2;0;0;0m                 [48;2;11;4;2m[38;2;0;0;0m▀[48;2;81;33;33m▀[48;2;197;82;80m[38;2;11;4;2m▀[48;2;255;105;104m[38;2;22;10;14m▀[38;2;81;33;33m▀▀[38;2;44;22;23m▀[48;2;228;93;93m[38;2;11;4;2m▀[48;2;99;40;38m[38;2;0;0;0m▀[48;2;0;1;0m▀[48;2;0;0;0m     [m
[48;2;0;0;0m               [48;2;11;4;2m[38;2;0;0;0m▀[48;2;197;82;80m[38;2;11;4;2m▀[48;2;255;105;104m[38;2;161;66;66m▀[48;2;228;93;93m[38;2;255;105;104m▀[48;2;197;82;80m▀[48;2;255;105;104m [48;2;197;82;80m▀[48;2;5;10;7m[38;2;228;93;93m▀[48;2;31;40;28m[38;2;197;82;80m▀[48;2;16;27;16m▀[48;2;81;33;33m[38;2;255;105;104m▀[48;2;255;105;104m[38;2;197;82;80m▀[48;2;99;40;38m[38;2;0;1;0m▀[48;2;0;1;0m[38;2;0;0;0m▀[48;2;0;0;0m   [m
[48;2;0;0;0m             [48;2;0;1;0m[38;2;0;0;0m▀[48;2;161;66;66m[38;2;0;1;0m▀[48;2;255;105;104m[38;2;161;66;66m▀  [48;2;161;66;66m[38;2;81;33;33m▀[48;2;81;33;33m[38;2;11;4;2m▀[48;2;255;105;104m [48;2;81;33;33m[38;2;99;40;38m▀[48;2;94;106;78m[38;2;81;95;73m▀[48;2;122;139;103m[38;2;128;145;108m▀[48;2;128;145;108m [48;2;31;40;28m[38;2;13;17;9m▀[48;2;81;33;33m [38;2;11;4;2m▀[48;2;99;40;38m[38;2;22;10;14m▀[48;2;0;0;0m   [m
[48;2;0;0;0m            [48;2;11;4;2m[38;2;0;1;0m▀[48;2;255;105;104m[38;2;123;51;49m▀       [48;2;81;33;33m[38;2;55;23;23m▀[48;2;94;106;78m[38;2;106;123;92m▀[48;2;122;139;103m [48;2;128;145;108m[38;2;122;139;103m▀[48;2;16;27;16m[38;2;31;40;28m▀[48;2;228;93;93m[38;2;197;82;80m▀[48;2;255;105;104m [38;2;161;66;66m▀[48;2;0;1;0m [48;2;0;0;0m  [m
[48;2;0;0;0m           [48;2;44;22;23m[38;2;0;1;0m▀[48;2;81;33;33m [48;2;255;105;104m        [48;2;197;82;80m[38;2;123;51;49m▀[48;2;16;27;16m[38;2;70;80;59m▀[48;2;122;139;103m [48;2;106;123;92m[38;2;128;145;108m▀[48;2;55;23;23m[38;2;0;1;0m▀[48;2;255;105;104m   [48;2;81;33;33m[38;2;44;22;23m▀[48;2;0;0;0m  [m
[48;2;0;0;0m          [48;2;11;4;2m[38;2;0;1;0m▀[48;2;255;105;104m[38;2;197;82;80m▀[48;2;81;33;33m[38;2;11;4;2m▀[48;2;161;66;66m[38;2;255;105;104m▀[48;2;255;105;104m        [48;2;197;82;80m[38;2;44;22;23m▀[48;2;24;24;17m[38;2;94;106;78m▀[48;2;5;10;7m[38;2;57;65;48m▀[48;2;255;105;104m[38;2;161;66;66m▀   [48;2;55;23;23m[38;2;99;40;38m▀[48;2;0;0;0m  [m
[48;2;0;0;0m        [48;2;11;4;2m[38;2;0;0;0m▀[48;2;99;40;38m[38;2;11;4;2m▀[48;2;255;105;104m[38;2;161;66;66m▀ [38;2;228;93;93m▀[48;2;197;82;80m[38;2;22;10;14m▀[48;2;55;23;23m[38;2;228;93;93m▀[48;2;197;82;80m[38;2;255;105;104m▀[48;2;255;105;104m       [38;2;123;51;49m▀[48;2;228;93;93m[38;2;99;40;38m▀[48;2;255;105;104m   [48;2;123;51;49m[38;2;228;93;93m▀[48;2;0;0;0m[38;2;0;1;0m▀  [m
[48;2;0;0;0m      [48;2;55;23;23m[38;2;0;0;0m▀[48;2;197;82;80m[38;2;22;10;14m▀[48;2;255;105;104m[38;2;123;51;49m▀     [38;2;197;82;80m▀[48;2;228;93;93m[38;2;44;22;23m▀[48;2;99;40;38m[38;2;161;66;66m▀[48;2;55;23;23m[38;2;228;93;93m▀[48;2;123;51;49m▀[48;2;161;66;66m[38;2;255;105;104m▀[48;2;197;82;80m▀[48;2;255;105;104m       [48;2;0;1;0m[38;2;11;4;2m▀[48;2;0;0;0m   [m
[48;2;0;0;0m   [48;2;0;1;0m[38;2;0;0;0m▀[48;2;81;33;33m[38;2;11;4;2m▀[48;2;228;93;93m[38;2;99;40;38m▀[38;2;255;105;104m▀▀▀▀▀▀▀▀▀▀▀▀[38;2;161;66;66m▀[38;2;123;51;49m▀[38;2;197;82;80m▀[38;2;255;105;104m▀▀▀▀▀▀▀[48;2;0;1;0m [48;2;0;0;0m   [m
[48;2;0;0;0m   [38;2;0;1;0m▀[38;2;65;32;32m▀[38;2;55;23;23m▀▀▀▀▀▀▀▀▀▀▀▀▀▀▀▀▀▀▀▀▀▀▀[38;2;11;4;2m▀   [m
[48;2;0;0;0m                                [m
[48;2;0;0;0m                                [m
[48;2;0;0;0m                                [m
[48;2;0;0;0m                                [m
