[48;2;0;0;0m                                [m
[48;2;0;0;0m                                [m
[48;2;0;0;0m                 [48;2;0;1;0m[38;2;0;0;0m▀[48;2;11;4;2m▀[48;2;67;29;50m▀[48;2;106;44;75m▀[48;2;80;33;57m▀[48;2;22;10;14m▀[48;2;0;1;0m▀[48;2;0;0;0m        [m
[48;2;0;0;0m              [48;2;0;1;0m[38;2;0;0;0m▀[48;2;67;29;50m[38;2;0;1;0m▀[48;2;255;111;191m[38;2;22;10;14m▀[48;2;254;108;183m[38;2;191;80;135m▀[38;2;255;111;191m▀▀[48;2;255;111;191m[38;2;254;108;183m▀[48;2;254;108;183m [38;2;255;111;191m▀[48;2;255;111;191m[38;2;213;89;153m▀[38;2;42;18;28m▀[48;2;67;29;50m[38;2;0;1;0m▀[48;2;0;1;0m[38;2;0;0;0m▀[48;2;0;0;0m     [m
[48;2;0;0;0m             [48;2;57;24;42m[38;2;0;1;0m▀[48;2;255;111;191m[38;2;67;29;50m▀[48;2;254;108;183m[38;2;255;111;191m▀[48;2;145;60;105m▀[48;2;0;1;0m[38;2;235;99;170m▀[48;2;235;99;170m[38;2;254;108;183m▀[48;2;145;60;105m▀[48;2;44;54;37m[38;2;39;18;32m▀[48;2;128;145;108m[38;2;5;10;7m▀▀[48;2;31;40;28m[38;2;61;23;39m▀[48;2;80;33;57m[38;2;255;111;191m▀[48;2;0;1;0m[38;2;235;99;170m▀[48;2;80;33;57m[38;2;11;4;2m▀[48;2;0;0;0m     [m
[48;2;0;0;0m           [48;2;9;6;12m[38;2;0;0;0m▀[48;2;254;108;183m[38;2;42;18;28m▀   [38;2;170;71;121m▀[48;2;255;111;191m[38;2;0;1;0m▀[48;2;254;108;183m [48;2;131;58;96m[38;2;145;60;105m▀[48;2;70;80;59m [48;2;122;139;103m  [48;2;70;80;59m [48;2;131;58;96m[38;2;57;24;42m▀[48;2;255;111;191m[38;2;0;1;0m▀[48;2;254;108;183m[38;2;170;71;121m▀[48;2;0;1;0m [48;2;0;0;0m    [m
[48;2;0;0;0m          [48;2;0;1;0m [48;2;191;80;135m[38;2;131;58;96m▀[48;2;254;108;183m       [48;2;170;71;121m[38;2;145;60;105m▀[48;2;44;54;37m[38;2;70;80;59m▀[48;2;122;139;103m [48;2;128;145;108m[38;2;122;139;103m▀[48;2;23;42;24m[38;2;57;65;48m▀[48;2;191;80;135m[38;2;145;60;105m▀[48;2;254;108;183m [38;2;255;111;191m▀[48;2;131;58;96m[38;2;57;24;42m▀[48;2;0;1;0m[38;2;0;0;0m▀[48;2;0;0;0m   [m
[48;2;0;0;0m         [48;2;42;18;28m[38;2;0;1;0m▀[48;2;80;33;57m[38;2;22;10;14m▀[48;2;191;80;135m[38;2;213;89;153m▀[48;2;254;108;183m       [48;2;255;111;191m[38;2;235;99;170m▀[48;2;57;24;42m[38;2;5;10;7m▀[48;2;94;106;78m[38;2;128;145;108m▀▀[48;2;57;24;42m[38;2;0;1;0m▀[48;2;255;111;191m [48;2;254;108;183m  [48;2;191;80;135m[38;2;170;71;121m▀[48;2;0;1;0m [48;2;0;0;0m   [m
[48;2;0;0;0m      [48;2;0;1;0m[38;2;0;0;0m▀[48;2;9;6;12m▀[48;2;213;89;153m[38;2;0;1;0m▀[48;2;254;108;183m[38;2;191;80;135m▀[38;2;145;60;105m▀[48;2;11;4;2m[38;2;106;44;75m▀[48;2;213;89;153m[38;2;254;108;183m▀[48;2;254;108;183m       [38;2;213;89;153m▀[48;2;145;60;105m[38;2;5;10;7m▀[48;2;22;10;14m[38;2;31;40;28m▀[48;2;255;111;191m[38;2;191;80;135m▀[48;2;254;108;183m  [48;2;255;111;191m[38;2;254;108;183m▀[48;2;42;18;28m[38;2;145;60;105m▀[48;2;0;0;0m[38;2;0;1;0m▀   [m
[48;2;0;0;0m    [48;2;0;1;0m[38;2;0;0;0m▀[48;2;191;80;135m[38;2;0;1;0m▀[48;2;255;111;191m[38;2;80;33;57m▀[48;2;254;108;183m    [38;2;213;89;153m▀[48;2;213;89;153m[38;2;0;1;0m▀[48;2;22;10;14m[38;2;213;89;153m▀[48;2;67;29;50m[38;2;255;111;191m▀[48;2;170;71;121m[38;2;254;108;183m▀[48;2;254;108;183m [48;2;255;111;191m▀▀[48;2;254;108;183m  [38;2;255;111;191m▀[38;2;191;80;135m▀   [48;2;106;44;75m[38;2;235;99;170m▀[48;2;0;0;0m[38;2;0;1;0m▀    [m
[48;2;0;0;0m  [48;2;9;6;12m[38;2;0;0;0m▀[48;2;235;99;170m[38;2;11;4;2m▀[48;2;254;108;183m[38;2;235;99;170m▀[48;2;255;111;191m[38;2;254;108;183m▀▀▀▀▀▀▀▀ [38;2;170;71;121m▀[38;2;80;33;57m▀[38;2;0;1;0m▀[48;2;255;114;199m▀[48;2;255;111;191m[38;2;61;23;39m▀[48;2;254;108;183m[38;2;255;111;191m▀[48;2;255;111;191m[38;2;254;108;183m▀▀▀▀▀ [48;2;106;44;75m[38;2;57;24;42m▀[48;2;0;0;0m     [m
[48;2;0;0;0m [38;2;0;1;0m▀[38;2;42;18;28m▀[38;2;80;33;57m▀▀▀▀▀▀▀▀▀▀▀▀▀▀▀▀▀[48;2;162;92;26m▀[48;2;0;0;0m▀▀▀▀▀[38;2;42;18;28m▀[38;2;0;1;0m▀    [m
[48;2;0;0;0m             [48;2;231;128;36m[38;2;0;0;0m▀[48;2;227;131;34m▀[48;2;224;111;22m▀[48;2;229;121;43m▀[48;2;228;126;42m▀[48;2;229;121;43m[38;2;224;111;22m▀[48;2;227;126;50m[38;2;230;121;32m▀[48;2;228;126;42m[38;2;224;116;25m▀[48;2;224;116;25m[38;2;222;122;54m▀[48;2;219;119;37m[38;2;0;0;0m▀[48;2;224;116;25m▀[48;2;219;119;37m▀[48;2;0;0;0m   [48;2;225;123;29m▀[48;2;0;0;0m   [m
[48;2;0;0;0m            [48;2;213;131;51m[38;2;0;0;0m▀[48;2;232;122;22m[38;2;232;129;27m▀ [48;2;227;126;50m[38;2;228;132;53m▀[48;2;221;114;35m[38;2;229;121;43m▀[48;2;210;112;49m[38;2;221;108;49m▀[48;2;220;114;49m[38;2;229;121;43m▀[48;2;230;121;32m [48;2;229;121;43m[38;2;230;121;32m▀[48;2;232;129;27m[38;2;229;121;43m▀[48;2;225;123;29m[38;2;216;104;25m▀[48;2;204;91;19m[38;2;227;126;50m▀[48;2;216;104;25m[38;2;232;129;27m▀[48;2;219;119;37m[38;2;224;116;25m▀[48;2;202;99;23m[38;2;216;104;25m▀[48;2;217;127;62m[38;2;224;116;25m▀[48;2;0;0;0m[38;2;220;132;57m▀   [m
[48;2;0;0;0m           [48;2;234;155;68m[38;2;0;0;0m▀[48;2;227;131;44m[38;2;218;117;23m▀[38;2;224;116;25m▀[48;2;231;128;36m[38;2;221;114;35m▀[48;2;224;116;25m [38;2;225;123;29m▀[48;2;218;117;23m[38;2;224;111;22m▀[48;2;227;131;44m[38;2;230;121;32m▀[38;2;227;131;34m▀[48;2;231;145;50m[38;2;232;129;27m▀[48;2;222;141;56m[38;2;231;128;36m▀[48;2;212;120;41m[38;2;204;91;19m▀[48;2;209;111;35m[38;2;217;127;62m▀[48;2;217;123;36m[38;2;219;119;37m▀[48;2;217;127;62m[38;2;221;114;35m▀[48;2;0;0;0m      [m
[48;2;0;0;0m          [38;2;217;123;36m▀[48;2;223;147;74m[38;2;219;130;44m▀[48;2;234;157;62m[38;2;231;145;50m▀[38;2;235;139;41m▀[48;2;238;171;80m▀[48;2;234;155;68m[38;2;232;129;27m▀[48;2;0;0;0m[38;2;228;138;49m▀[38;2;231;145;50m▀              [m
