[48;2;0;0;0m                                [m
[48;2;0;0;0m                                [m
[48;2;0;0;0m             [48;2;0;1;0m[38;2;0;0;0m▀[48;2;9;6;12m▀[48;2;22;10;14m▀[48;2;0;1;0m▀▀[48;2;0;0;0m              [m
[48;2;0;0;0m         [48;2;0;1;0m[38;2;0;0;0m▀[48;2;21;12;24m▀[48;2;255;139;253m[38;2;11;4;2m▀[48;2;255;139;255m[38;2;103;61;112m▀ [38;2;254;142;253m▀▀[48;2;255;139;253m▀[48;2;255;139;255m[38;2;148;81;146m▀[48;2;254;142;253m[38;2;21;12;24m▀[48;2;75;41;76m[38;2;0;1;0m▀[48;2;0;0;0m            [m
[48;2;0;0;0m        [48;2;0;1;0m[38;2;0;0;0m▀[48;2;225;123;226m[38;2;21;12;24m▀[48;2;255;139;255m[38;2;254;142;253m▀[48;2;225;123;226m[38;2;255;139;255m▀[48;2;174;95;174m▀[48;2;255;139;253m▀[48;2;200;109;199m[38;2;255;139;253m▀[48;2;0;1;0m[38;2;225;123;226m▀[48;2;57;65;48m[38;2;174;95;174m▀[48;2;31;40;28m[38;2;200;109;199m▀[48;2;9;6;12m[38;2;254;142;253m▀[48;2;254;142;253m [48;2;103;61;112m[38;2;28;20;34m▀[48;2;0;1;0m[38;2;0;0;0m▀[48;2;0;0;0m          [m
[48;2;0;0;0m       [48;2;0;1;0m [48;2;254;142;253m[38;2;148;81;146m▀[48;2;255;139;255m [38;2;255;139;253m▀[48;2;174;95;174m[38;2;88;49;92m▀[48;2;57;32;58m[38;2;0;1;0m▀[48;2;254;142;253m [48;2;88;49;92m[38;2;103;61;112m▀[48;2;94;106;78m[38;2;81;95;73m▀[48;2;122;139;103m [38;2;128;145;108m▀[48;2;57;65;48m[38;2;31;40;28m▀[48;2;88;49;92m[38;2;57;32;58m▀[48;2;57;32;58m[38;2;0;1;0m▀[48;2;75;41;76m▀[48;2;0;0;0m          [m
[48;2;0;0;0m      [48;2;0;1;0m [48;2;225;123;226m[38;2;130;70;129m▀[48;2;255;139;255m[38;2;255;139;253m▀   ▀[48;2;255;139;253m[38;2;254;142;253m▀[48;2;103;61;112m[38;2;88;49;92m▀[48;2;81;95;73m[38;2;94;106;78m▀[48;2;122;139;103m  [48;2;44;54;37m [48;2;200;109;199m[38;2;174;95;174m▀[48;2;255;139;255m[38;2;255;139;253m▀[48;2;255;139;253m[38;2;225;123;226m▀[48;2;88;49;92m[38;2;0;1;0m▀[48;2;0;0;0m         [m
[48;2;0;0;0m      [48;2;88;49;92m[38;2;21;12;24m▀[48;2;255;139;253m[38;2;254;142;253m▀[48;2;255;139;255m      [48;2;225;123;226m[38;2;148;81;146m▀[48;2;13;17;9m[38;2;57;65;48m▀[48;2;128;145;108m[38;2;122;139;103m▀[48;2;122;139;103m[38;2;128;145;108m▀[48;2;21;12;24m[38;2;5;10;7m▀[48;2;254;142;253m [48;2;255;139;255m  [48;2;254;142;253m[38;2;200;109;199m▀[48;2;0;1;0m [48;2;0;0;0m        [m
[48;2;0;0;0m     [48;2;0;1;0m[38;2;0;0;0m▀[48;2;148;81;146m [48;2;255;139;255m       [38;2;254;142;253m▀[48;2;225;123;226m[38;2;57;32;58m▀[48;2;0;1;0m[38;2;94;106;78m▀[48;2;5;10;7m[38;2;70;80;59m▀[48;2;254;142;253m[38;2;103;61;112m▀[48;2;255;139;255m[38;2;255;139;253m▀  [48;2;174;95;174m[38;2;254;142;253m▀[48;2;0;1;0m [48;2;0;0;0m        [m
[48;2;0;0;0m    [48;2;0;1;0m[38;2;0;0;0m▀[48;2;103;61;112m[38;2;0;1;0m▀[48;2;0;1;0m[38;2;103;61;112m▀[48;2;225;123;226m[38;2;255;139;253m▀[48;2;255;139;255m       ▀[48;2;255;139;253m[38;2;130;70;129m▀[48;2;225;123;226m[38;2;75;41;76m▀[48;2;255;139;255m[38;2;254;142;253m▀  [48;2;254;142;253m [48;2;9;6;12m[38;2;75;41;76m▀[48;2;0;0;0m         [m
[48;2;0;0;0m   [48;2;75;41;76m[38;2;0;1;0m▀[48;2;255;139;253m[38;2;88;49;92m▀[48;2;255;139;255m[38;2;255;139;253m▀[38;2;225;123;226m▀[48;2;254;142;253m[38;2;0;1;0m▀[48;2;88;49;92m[38;2;148;81;146m▀[48;2;0;1;0m[38;2;254;142;253m▀[48;2;21;12;24m[38;2;255;139;253m▀[48;2;57;32;58m[38;2;255;139;255m▀[48;2;174;95;174m▀[48;2;255;139;255m        [48;2;225;123;226m [48;2;0;1;0m [48;2;0;0;0m         [m
[48;2;0;0;0m  [48;2;0;1;0m [38;2;148;81;146m▀[38;2;200;109;199m▀▀▀▀▀▀[38;2;174;95;174m▀[38;2;148;81;146m▀[38;2;174;95;174m▀[38;2;200;109;199m▀▀▀▀▀▀▀▀▀[38;2;9;6;12m▀[48;2;0;0;0m         [m
[48;2;0;0;0m                      [48;2;229;121;43m[38;2;0;0;0m▀[48;2;0;0;0m      [48;2;220;132;57m▀[48;2;0;0;0m  [m
[48;2;0;0;0m                      [48;2;230;121;32m[38;2;221;114;35m▀[48;2;216;104;25m[38;2;228;126;42m▀[48;2;224;116;25m[38;2;231;128;36m▀[38;2;218;117;23m▀[48;2;211;106;27m[38;2;221;114;35m▀[48;2;209;111;35m[38;2;224;116;25m▀[48;2;0;0;0m[38;2;219;125;28m▀   [m
[48;2;0;0;0m                     [48;2;232;129;27m [48;2;197;89;27m[38;2;216;104;25m▀[48;2;209;111;35m[38;2;210;112;49m▀[48;2;210;111;26m[38;2;211;106;27m▀[48;2;210;112;49m[38;2;224;116;25m▀[48;2;0;0;0m[38;2;195;106;45m▀     [m
[48;2;0;0;0m                      [38;2;222;141;56m▀[38;2;213;131;51m▀[38;2;222;141;56m▀       [m
