[48;2;0;0;0m                                [m
[48;2;0;0;0m                                [m
[48;2;0;0;0m                 [48;2;0;1;0m[38;2;0;0;0m▀[48;2;11;4;2m▀[48;2;42;18;28m▀[48;2;57;24;42m▀[48;2;42;18;28m▀[48;2;11;4;2m▀[48;2;0;1;0m▀[48;2;0;0;0m        [m
[48;2;0;0;0m              [48;2;0;1;0m[38;2;0;0;0m▀[48;2;42;18;28m▀[48;2;255;111;191m[38;2;11;4;2m▀[48;2;254;108;183m[38;2;145;60;105m▀[38;2;255;111;191m▀▀ ▀▀[38;2;170;71;121m▀[48;2;255;111;191m[38;2;22;10;14m▀[48;2;42;18;28m[38;2;0;1;0m▀[48;2;0;0;0m      [m
[48;2;0;0;0m             [48;2;22;10;14m[38;2;0;0;0m▀[48;2;255;111;191m[38;2;42;18;28m▀[48;2;254;108;183m[38;2;255;111;191m▀[48;2;170;71;121m[38;2;254;108;183m▀[48;2;0;1;0m▀[48;2;254;108;183m [48;2;170;71;121m▀[48;2;31;40;28m[38;2;80;33;57m▀[48;2;128;145;108m[38;2;0;1;0m▀▀[48;2;16;27;16m[38;2;106;44;75m▀[48;2;106;44;75m[38;2;255;111;191m▀[48;2;0;1;0m[38;2;235;99;170m▀[48;2;80;33;57m[38;2;0;1;0m▀[48;2;0;0;0m     [m
[48;2;0;0;0m           [48;2;0;1;0m[38;2;0;0;0m▀[48;2;235;99;170m[38;2;0;1;0m▀[48;2;254;108;183m   [38;2;145;60;105m▀[38;2;0;1;0m▀[38;2;235;99;170m▀[48;2;131;58;96m[38;2;145;60;105m▀[48;2;70;80;59m [48;2;122;139;103m  [48;2;70;80;59m[38;2;57;65;48m▀[48;2;131;58;96m[38;2;42;18;28m▀[48;2;254;108;183m[38;2;0;1;0m▀[48;2;235;99;170m[38;2;145;60;105m▀[48;2;0;1;0m [48;2;0;0;0m    [m
[48;2;0;0;0m          [48;2;0;1;0m [48;2;191;80;135m[38;2;106;44;75m▀[48;2;254;108;183m       [48;2;170;71;121m[38;2;131;58;96m▀[48;2;44;54;37m[38;2;70;80;59m▀[48;2;122;139;103m  [48;2;44;54;37m▀[48;2;170;71;121m[38;2;145;60;105m▀[48;2;254;108;183m [38;2;255;111;191m▀[48;2;131;58;96m[38;2;42;18;28m▀[48;2;0;1;0m[38;2;0;0;0m▀[48;2;0;0;0m   [m
[48;2;0;0;0m         [48;2;9;6;12m[38;2;0;1;0m▀[48;2;67;29;50m[38;2;11;4;2m▀[48;2;213;89;153m [48;2;254;108;183m       [48;2;255;111;191m[38;2;213;89;153m▀[48;2;22;10;14m[38;2;16;27;16m▀[48;2;106;123;92m[38;2;128;145;108m▀▀[48;2;22;10;14m[38;2;5;10;7m▀[48;2;255;111;191m[38;2;254;108;183m▀[48;2;254;108;183m  [48;2;191;80;135m[38;2;170;71;121m▀[48;2;0;1;0m [48;2;0;0;0m   [m
[48;2;0;0;0m       [48;2;0;1;0m[38;2;0;0;0m▀[48;2;131;58;96m[38;2;0;1;0m▀[48;2;254;108;183m[38;2;145;60;105m▀[48;2;235;99;170m▀[48;2;0;1;0m[38;2;131;58;96m▀[48;2;254;108;183m        [38;2;170;71;121m▀[48;2;80;33;57m[38;2;16;27;16m▀[48;2;0;1;0m[38;2;57;65;48m▀[48;2;255;111;191m[38;2;145;60;105m▀[48;2;254;108;183m  [48;2;255;111;191m[38;2;254;108;183m▀[48;2;80;33;57m[38;2;170;71;121m▀[48;2;0;0;0m    [m
[48;2;0;0;0m    [48;2;0;1;0m[38;2;0;0;0m▀[48;2;80;33;57m[38;2;0;1;0m▀[48;2;254;108;183m▀[38;2;213;89;153m▀   [38;2;145;60;105m▀[48;2;145;60;105m[38;2;42;18;28m▀[48;2;0;1;0m[38;2;255;111;191m▀[48;2;170;71;121m[38;2;254;108;183m▀[48;2;255;111;191m▀[48;2;254;108;183m      [38;2;106;44;75m▀   [48;2;145;60;105m[38;2;254;108;183m▀[48;2;0;1;0m [48;2;0;0;0m    [m
[48;2;0;0;0m  [48;2;0;1;0m[38;2;0;0;0m▀[48;2;170;71;121m[38;2;0;1;0m▀[48;2;254;108;183m[38;2;145;60;105m▀        [38;2;235;99;170m▀[38;2;61;23;39m▀[38;2;0;1;0m▀[48;2;235;99;170m[38;2;22;10;14m▀[48;2;213;89;153m[38;2;67;29;50m▀[48;2;191;80;135m[38;2;145;60;105m▀[48;2;254;108;183m      [48;2;255;111;191m [48;2;67;29;50m[38;2;57;24;42m▀[48;2;0;0;0m     [m
[48;2;0;0;0m [48;2;0;1;0m[38;2;0;0;0m▀[38;2;80;33;57m▀[38;2;213;89;153m▀[38;2;191;80;135m▀▀▀▀▀▀▀▀▀▀▀▀▀▀▀▀▀▀▀▀▀▀[38;2;106;44;75m▀[38;2;0;0;0m▀[48;2;0;0;0m    [m
[48;2;0;0;0m                      [48;2;229;121;43m[38;2;0;0;0m▀[48;2;0;0;0m      [48;2;220;132;57m▀[48;2;0;0;0m  [m
[48;2;0;0;0m                      [48;2;230;121;32m[38;2;221;114;35m▀[48;2;216;104;25m[38;2;228;126;42m▀[48;2;224;116;25m[38;2;231;128;36m▀[38;2;218;117;23m▀[48;2;211;106;27m[38;2;221;114;35m▀[48;2;209;111;35m[38;2;224;116;25m▀[48;2;0;0;0m[38;2;219;125;28m▀   [m
[48;2;0;0;0m                     [48;2;232;129;27m [48;2;197;89;27m[38;2;216;104;25m▀[48;2;209;111;35m[38;2;210;112;49m▀[48;2;210;111;26m[38;2;211;106;27m▀[48;2;210;112;49m[38;2;224;116;25m▀[48;2;0;0;0m[38;2;195;106;45m▀     [m
[48;2;0;0;0m                      [38;2;222;141;56m▀[38;2;213;131;51m▀[38;2;222;141;56m▀       [m
