[48;2;0;0;0m                                [m
[48;2;0;0;0m      [48;2;0;1;0m[38;2;0;0;0m▀[48;2;17;26;31m▀[48;2;57;76;107m▀▀[48;2;42;54;75m▀[48;2;0;1;0m▀▀[48;2;0;0;0m                   [m
[48;2;0;0;0m    [48;2;21;12;24m[38;2;0;0;0m▀[48;2;139;182;254m[38;2;9;6;12m▀[38;2;110;142;201m▀[38;2;144;189;255m▀  [48;2;144;189;255m[38;2;139;182;254m▀▀[48;2;139;182;254m[38;2;79;107;151m▀[48;2;110;142;201m[38;2;0;1;0m▀[48;2;0;1;0m[38;2;0;0;0m▀[48;2;0;0;0m                 [m
[48;2;0;0;0m  [48;2;0;1;0m[38;2;0;0;0m▀[48;2;110;142;201m[38;2;11;16;21m▀[48;2;139;182;254m [48;2;79;107;151m[38;2;139;182;254m▀[48;2;11;16;21m[38;2;144;189;255m▀[48;2;144;189;255m[38;2;139;182;254m▀[48;2;69;94;131m▀[48;2;44;54;37m[38;2;57;76;107m▀[48;2;122;139;103m[38;2;9;6;12m▀[38;2;21;12;24m▀[48;2;5;10;7m[38;2;79;107;151m▀[48;2;69;94;131m[38;2;144;189;255m▀[48;2;9;6;12m[38;2;69;94;131m▀[48;2;0;1;0m[38;2;0;0;0m▀[48;2;0;0;0m                [m
[48;2;0;0;0m [48;2;0;1;0m[38;2;0;0;0m▀[48;2;110;142;201m[38;2;30;40;56m▀[48;2;139;182;254m[38;2;144;189;255m▀ [38;2;57;76;107m▀[48;2;110;142;201m[38;2;0;1;0m▀[48;2;139;182;254m[38;2;144;189;255m▀[48;2;49;62;87m[38;2;57;76;107m▀[48;2;94;106;78m[38;2;81;95;73m▀[48;2;122;139;103m  [48;2;57;65;48m[38;2;44;54;37m▀[48;2;79;107;151m[38;2;17;26;31m▀[48;2;110;142;201m[38;2;0;1;0m▀[48;2;97;124;174m[38;2;11;16;21m▀[48;2;0;1;0m[38;2;0;0;0m▀[48;2;0;0;0m               [m
[48;2;0;0;0m [48;2;49;62;87m[38;2;9;6;12m▀[48;2;139;182;254m[38;2;144;189;255m▀     [48;2;69;94;131m[38;2;49;62;87m▀[48;2;70;80;59m[38;2;94;106;78m▀[48;2;122;139;103m [48;2;128;145;108m[38;2;122;139;103m▀[48;2;16;27;16m[38;2;44;54;37m▀[48;2;110;142;201m[38;2;97;124;174m▀[48;2;139;182;254m [38;2;144;189;255m▀[38;2;42;54;75m▀[48;2;0;1;0m[38;2;0;0;0m▀[48;2;0;0;0m              [m
[48;2;0;1;0m [48;2;79;107;151m[38;2;69;94;131m▀[48;2;139;182;254m      [48;2;144;189;255m[38;2;97;124;174m▀[48;2;0;1;0m[38;2;43;42;29m▀[48;2;122;139;103m[38;2;128;145;108m▀[48;2;94;106;78m▀[48;2;30;40;56m[38;2;0;1;0m▀[48;2;139;182;254m[38;2;144;189;255m▀   [48;2;110;142;201m[38;2;69;94;131m▀[48;2;0;1;0m[38;2;0;0;0m▀[48;2;0;0;0m             [m
[48;2;0;0;0m[38;2;0;1;0m▀[48;2;30;40;56m[38;2;69;94;131m▀[48;2;144;189;255m[38;2;139;182;254m▀[48;2;139;182;254m    [48;2;144;189;255m▀[48;2;176;156;159m▀[48;2;191;148;127m[38;2;79;107;151m▀[48;2;195;106;45m[38;2;31;40;28m▀[48;2;224;116;25m▀[48;2;209;111;35m[38;2;110;142;201m▀[48;2;224;116;25m[38;2;155;175;226m▀[48;2;224;111;22m[38;2;176;156;159m▀[48;2;227;131;34m[38;2;191;148;127m▀[48;2;231;145;50m[38;2;176;156;159m▀[48;2;235;139;41m[38;2;97;124;174m▀[48;2;227;131;44m[38;2;0;1;0m▀[48;2;220;132;57m[38;2;0;0;0m▀[48;2;0;0;0m  [48;2;201;115;50m▀[48;2;0;0;0m         [m
[48;2;0;0;0m [48;2;0;1;0m [48;2;11;16;21m[38;2;110;142;201m▀[48;2;139;182;254m  [48;2;192;130;73m[38;2;139;182;254m▀[48;2;224;116;25m[38;2;176;156;159m▀[48;2;219;119;37m[38;2;225;123;29m▀[48;2;202;99;23m[38;2;224;116;25m▀[48;2;212;120;41m[38;2;216;104;25m▀[48;2;222;141;56m[38;2;211;106;27m▀[38;2;216;104;25m▀[48;2;207;115;35m▀[48;2;204;91;19m[38;2;211;106;27m▀[48;2;211;106;27m[38;2;221;114;35m▀[48;2;228;138;49m▀[48;2;231;128;36m[38;2;232;129;27m▀[48;2;232;129;27m[38;2;225;123;29m▀[48;2;227;131;34m▀[48;2;225;123;29m [38;2;217;123;36m▀[48;2;219;125;28m[38;2;218;117;23m▀[48;2;218;117;23m[38;2;231;145;50m▀[48;2;189;130;39m[38;2;219;125;28m▀[48;2;186;108;21m[38;2;201;115;50m▀[48;2;181;108;35m[38;2;0;0;0m▀[48;2;195;106;45m▀[48;2;213;131;51m▀[48;2;223;147;74m▀[48;2;0;0;0m   [m
[48;2;0;0;0m [48;2;9;6;12m[38;2;0;1;0m▀[48;2;152;194;254m[38;2;97;124;174m▀[48;2;139;109;97m[38;2;17;26;31m▀[48;2;197;89;27m[38;2;176;156;159m▀[48;2;202;99;23m[38;2;221;114;35m▀[48;2;226;178;85m[38;2;210;111;26m▀[48;2;241;208;103m[38;2;189;130;39m▀ [48;2;235;217;163m[38;2;241;208;103m▀[48;2;225;199;135m[38;2;235;217;163m▀[48;2;218;186;109m▀[48;2;225;199;135m[38;2;237;222;178m▀[48;2;226;168;106m[38;2;222;182;119m▀[48;2;225;123;29m[38;2;221;114;35m▀[48;2;228;126;42m[38;2;227;131;44m▀[48;2;231;128;36m▀[48;2;229;121;43m[38;2;231;128;36m▀[48;2;230;121;32m[38;2;232;122;22m▀[48;2;224;111;22m[38;2;219;125;28m▀[48;2;211;106;27m[38;2;224;116;25m▀[48;2;163;106;28m[38;2;191;107;23m▀[48;2;75;113;29m[38;2;162;92;26m▀[48;2;56;79;23m[38;2;75;113;29m▀[48;2;75;113;29m[38;2;84;126;34m▀[48;2;81;102;35m▀[48;2;136;117;48m[38;2;175;87;14m▀[48;2;219;130;44m[38;2;210;111;26m▀[48;2;219;125;28m[38;2;217;123;36m▀[48;2;207;115;35m [48;2;194;101;31m[38;2;177;98;56m▀[48;2;177;98;56m[38;2;0;0;0m▀[m
[48;2;0;0;0m [48;2;159;77;19m[38;2;94;56;25m▀[48;2;204;91;19m[38;2;201;115;50m▀ [48;2;180;82;20m[38;2;204;91;19m▀[48;2;237;186;63m[38;2;189;130;39m▀[38;2;226;178;85m▀[48;2;251;227;145m[38;2;244;205;75m▀[48;2;225;199;135m[38;2;235;217;163m▀  [48;2;222;182;119m[38;2;218;186;109m▀[48;2;220;132;57m[38;2;226;168;106m▀[48;2;232;129;27m[38;2;225;123;29m▀[48;2;231;128;36m[38;2;227;131;44m▀[48;2;230;121;32m[38;2;228;126;42m▀[48;2;229;121;43m▀[48;2;231;128;36m[38;2;230;121;32m▀[48;2;221;114;35m[38;2;224;116;25m▀[48;2;211;106;27m[38;2;232;129;27m▀[48;2;163;106;28m[38;2;191;107;23m▀[48;2;76;109;39m[38;2;121;101;27m▀[48;2;56;79;23m [38;2;76;109;39m▀[48;2;83;92;37m▀[48;2;81;102;35m▀[38;2;121;101;27m▀[48;2;147;99;39m[38;2;210;111;26m▀[48;2;210;111;26m[38;2;218;117;23m▀[48;2;219;125;28m[38;2;210;111;26m▀[48;2;209;111;35m[38;2;194;101;31m▀[48;2;0;0;0m[38;2;195;116;61m▀[m
[48;2;0;0;0m [48;2;194;101;31m[38;2;193;92;30m▀[48;2;202;99;23m [48;2;186;81;21m [48;2;181;108;35m[38;2;191;107;23m▀[48;2;237;186;63m [48;2;241;208;103m[38;2;244;205;75m▀[48;2;225;199;135m[38;2;235;217;163m▀  [48;2;222;182;119m[38;2;225;199;135m▀[48;2;228;132;53m[38;2;223;147;74m▀[48;2;227;131;44m[38;2;231;128;36m▀[48;2;230;121;32m▀[48;2;232;122;22m▀[48;2;224;116;25m[38;2;221;114;35m▀[48;2;224;111;22m[38;2;230;121;32m▀[48;2;224;116;25m[38;2;228;126;42m▀[38;2;225;123;29m▀[48;2;232;129;27m[38;2;211;106;27m▀[48;2;210;111;26m[38;2;175;87;14m▀[48;2;195;106;45m[38;2;100;137;73m▀[48;2;195;116;61m[38;2;81;102;35m▀[48;2;159;77;19m[38;2;101;82;28m▀[48;2;81;102;35m [48;2;76;109;39m [48;2;80;104;51m[38;2;67;98;27m▀[48;2;104;105;37m[38;2;95;104;48m▀[48;2;221;114;35m[38;2;218;117;23m▀[38;2;217;123;36m▀[48;2;212;120;41m[38;2;209;111;35m▀[48;2;0;0;0m [m
[48;2;0;0;0m [38;2;194;101;31m▀[48;2;202;99;23m [48;2;180;82;20m[38;2;169;67;19m▀[48;2;169;67;19m [48;2;222;161;36m[38;2;237;186;63m▀[48;2;244;226;154m [48;2;225;199;135m [48;2;225;204;163m[38;2;225;199;135m▀[48;2;223;147;74m[38;2;222;182;119m▀[48;2;236;126;13m[38;2;227;131;44m▀[48;2;232;129;27m[38;2;230;121;32m▀[48;2;232;122;22m▀[48;2;231;128;36m [48;2;227;131;34m[38;2;227;131;44m▀[48;2;224;111;22m[38;2;219;119;37m▀[48;2;229;121;43m[38;2;224;111;22m▀[48;2;228;126;42m[38;2;231;128;36m▀[48;2;227;126;50m[38;2;230;121;32m▀▀[48;2;228;126;42m[38;2;224;116;25m▀[48;2;224;116;25m[38;2;222;122;54m▀[48;2;219;119;37m[38;2;217;127;62m▀[48;2;224;111;22m[38;2;201;115;50m▀[48;2;221;114;35m[38;2;162;92;26m▀[48;2;219;119;37m[38;2;147;99;39m▀[48;2;217;127;62m[38;2;104;105;37m▀[48;2;218;117;23m[38;2;181;108;35m▀[48;2;225;123;29m[38;2;227;131;34m▀[48;2;0;0;0m[38;2;211;106;27m▀  [m
[48;2;195;106;45m[38;2;0;0;0m▀[48;2;211;106;27m[38;2;193;92;30m▀[38;2;197;89;27m▀[48;2;202;99;23m[38;2;180;82;20m▀[48;2;193;92;30m [48;2;186;81;21m[38;2;175;87;14m▀[48;2;213;131;51m[38;2;251;227;145m▀[48;2;237;222;178m[38;2;235;217;163m▀[48;2;217;127;62m[38;2;213;159;103m▀[48;2;228;132;53m[38;2;224;116;25m▀[48;2;218;117;23m▀[48;2;235;139;41m[38;2;232;129;27m▀[48;2;228;138;49m[38;2;227;131;34m▀[48;2;232;122;22m[38;2;232;129;27m▀ [48;2;227;126;50m[38;2;228;132;53m▀[48;2;221;114;35m[38;2;229;121;43m▀[48;2;210;112;49m[38;2;221;108;49m▀[48;2;220;114;49m[38;2;229;121;43m▀[48;2;230;121;32m [48;2;229;121;43m[38;2;230;121;32m▀[48;2;232;129;27m[38;2;229;121;43m▀[48;2;225;123;29m[38;2;216;104;25m▀[48;2;204;91;19m[38;2;227;126;50m▀[48;2;216;104;25m[38;2;232;129;27m▀[48;2;219;119;37m[38;2;224;116;25m▀[48;2;202;99;23m[38;2;216;104;25m▀[48;2;217;127;62m[38;2;224;116;25m▀[48;2;0;0;0m[38;2;220;132;57m▀   [m
[48;2;201;115;50m[38;2;195;106;45m▀[48;2;202;99;23m[38;2;212;120;41m▀[48;2;210;111;26m[38;2;218;117;23m▀[38;2;219;119;37m▀[48;2;225;123;29m[38;2;211;106;27m▀[48;2;209;111;35m[38;2;202;99;23m▀[48;2;202;99;23m[38;2;204;91;19m▀[48;2;219;130;44m[38;2;212;120;41m▀[38;2;217;123;36m▀[48;2;220;132;57m[38;2;228;138;49m▀[48;2;227;131;44m [48;2;231;145;50m[38;2;232;129;27m▀[48;2;227;131;44m[38;2;218;117;23m▀[38;2;224;116;25m▀[48;2;231;128;36m[38;2;221;114;35m▀[48;2;224;116;25m [38;2;225;123;29m▀[48;2;218;117;23m[38;2;224;111;22m▀[48;2;227;131;44m[38;2;230;121;32m▀[38;2;227;131;34m▀[48;2;231;145;50m[38;2;232;129;27m▀[48;2;222;141;56m[38;2;231;128;36m▀[48;2;212;120;41m[38;2;204;91;19m▀[48;2;209;111;35m[38;2;217;127;62m▀[48;2;217;123;36m[38;2;219;119;37m▀[48;2;217;127;62m[38;2;221;114;35m▀[48;2;0;0;0m      [m
[48;2;0;0;0m [38;2;195;116;61m▀[38;2;209;111;35m▀[48;2;213;131;51m▀[48;2;0;0;0m[38;2;201;115;50m▀▀[38;2;212;120;41m▀[38;2;222;141;56m▀[38;2;219;130;44m▀[38;2;217;123;36m▀[38;2;212;120;41m▀[48;2;223;147;74m[38;2;219;130;44m▀[48;2;234;157;62m[38;2;231;145;50m▀[38;2;235;139;41m▀[48;2;238;171;80m▀[48;2;234;155;68m[38;2;232;129;27m▀[48;2;0;0;0m[38;2;228;138;49m▀[38;2;231;145;50m▀              [m
