[48;2;0;0;0m                                [m
[48;2;0;0;0m      [48;2;0;1;0m[38;2;0;0;0m▀[48;2;30;40;56m▀[48;2;57;76;107m▀[48;2;69;94;131m▀[48;2;49;62;87m▀[48;2;11;16;21m▀[48;2;0;1;0m▀[48;2;0;0;0m                   [m
[48;2;0;0;0m    [48;2;30;40;56m[38;2;0;0;0m▀[48;2;139;182;254m[38;2;11;16;21m▀[38;2;110;142;201m▀     [38;2;79;107;151m▀[48;2;110;142;201m[38;2;0;1;0m▀[48;2;0;1;0m[38;2;0;0;0m▀[48;2;0;0;0m                 [m
[48;2;0;0;0m  [48;2;0;1;0m[38;2;0;0;0m▀[48;2;110;142;201m[38;2;11;16;21m▀[48;2;139;182;254m [48;2;79;107;151m[38;2;139;182;254m▀[48;2;17;26;31m▀[48;2;144;189;255m▀[48;2;69;94;131m▀[48;2;44;54;37m[38;2;49;62;87m▀[48;2;122;139;103m[38;2;17;26;31m▀[48;2;106;123;92m▀[48;2;13;17;9m[38;2;79;107;151m▀[48;2;69;94;131m[38;2;139;182;254m▀[48;2;11;16;21m[38;2;57;76;107m▀[48;2;0;1;0m[38;2;0;0;0m▀[48;2;0;0;0m                [m
[48;2;0;0;0m [48;2;0;1;0m[38;2;0;0;0m▀[48;2;110;142;201m[38;2;42;54;75m▀[48;2;139;182;254m[38;2;144;189;255m▀ [38;2;57;76;107m▀[48;2;126;165;233m[38;2;5;10;7m▀[48;2;139;182;254m[38;2;144;189;255m▀[48;2;49;62;87m[38;2;57;76;107m▀[48;2;94;106;78m[38;2;81;95;73m▀[48;2;122;139;103m  [48;2;57;65;48m[38;2;44;54;37m▀[48;2;79;107;151m[38;2;30;40;56m▀[48;2;110;142;201m[38;2;11;16;21m▀[48;2;97;124;174m[38;2;17;26;31m▀[48;2;0;1;0m[38;2;0;0;0m▀[48;2;0;0;0m               [m
[48;2;0;0;0m [48;2;49;62;87m[38;2;11;16;21m▀[48;2;139;182;254m[38;2;144;189;255m▀     [48;2;69;94;131m[38;2;49;62;87m▀[48;2;70;80;59m[38;2;81;95;73m▀[48;2;122;139;103m [48;2;128;145;108m[38;2;122;139;103m▀[48;2;24;24;17m[38;2;44;54;37m▀[48;2;110;142;201m[38;2;97;124;174m▀[48;2;139;182;254m [38;2;144;189;255m▀[38;2;49;62;87m▀[48;2;11;16;21m[38;2;0;0;0m▀[48;2;0;0;0m              [m
[48;2;0;1;0m [48;2;79;107;151m[38;2;69;94;131m▀[48;2;139;182;254m      [48;2;144;189;255m[38;2;110;142;201m▀[48;2;11;16;21m[38;2;31;40;28m▀[48;2;106;123;92m[38;2;128;145;108m▀[48;2;94;106;78m[38;2;122;139;103m▀[48;2;42;54;75m[38;2;9;6;12m▀[48;2;139;182;254m[38;2;144;189;255m▀   [48;2;110;142;201m[38;2;69;94;131m▀[48;2;0;1;0m[38;2;0;0;0m▀[48;2;0;0;0m             [m
[48;2;0;0;0m [48;2;30;40;56m[38;2;69;94;131m▀[48;2;139;182;254m       [48;2;144;189;255m[38;2;97;124;174m▀[48;2;49;62;87m[38;2;31;40;28m▀[48;2;17;26;31m▀[48;2;144;189;255m[38;2;110;142;201m▀[48;2;139;182;254m    [48;2;69;94;131m[38;2;97;124;174m▀[48;2;0;0;0m[38;2;0;1;0m▀             [m
[48;2;0;0;0m [48;2;0;1;0m [48;2;17;26;31m[38;2;97;124;174m▀[48;2;126;165;233m[38;2;139;182;254m▀[48;2;139;182;254m       [38;2;97;124;174m▀     [38;2;79;107;151m▀[48;2;79;107;151m[38;2;11;16;21m▀[48;2;30;40;56m[38;2;0;0;0m▀[48;2;17;26;31m▀[48;2;0;0;0m           [m
[48;2;0;0;0m [48;2;9;6;12m[38;2;0;1;0m▀[48;2;152;194;254m[38;2;97;124;174m▀[48;2;97;124;174m[38;2;30;40;56m▀[48;2;17;26;31m[38;2;110;142;201m▀[48;2;79;107;151m[38;2;139;182;254m▀[48;2;126;165;233m▀▀▀[48;2;139;182;254m          [38;2;144;189;255m▀[38;2;110;142;201m▀[48;2;144;189;255m[38;2;49;62;87m▀[48;2;110;142;201m[38;2;17;26;31m▀[48;2;30;40;56m[38;2;0;0;0m▀[48;2;11;16;21m▀[48;2;0;0;0m       [m
[48;2;0;0;0m [48;2;0;1;0m [48;2;110;142;201m[38;2;144;189;255m▀[48;2;126;165;233m▀ [38;2;49;62;87m▀[48;2;110;142;201m[38;2;30;40;56m▀[48;2;69;94;131m[38;2;57;76;107m▀[48;2;57;76;107m[38;2;79;107;151m▀[48;2;69;94;131m[38;2;110;142;201m▀[48;2;126;165;233m[38;2;139;182;254m▀▀▀▀▀▀▀▀▀▀▀▀[38;2;144;189;255m▀▀[38;2;69;94;131m▀[48;2;79;107;151m[38;2;17;26;31m▀[48;2;5;10;7m[38;2;0;0;0m▀[48;2;0;0;0m     [m
[48;2;0;0;0m [38;2;0;1;0m▀[38;2;17;26;31m▀[38;2;30;40;56m▀▀▀▀▀[38;2;42;54;75m▀[38;2;30;40;56m▀▀▀▀▀▀▀▀▀▀▀▀▀▀▀▀▀[38;2;17;26;31m▀[38;2;0;1;0m▀    [m
[48;2;0;0;0m                                [m
[48;2;0;0;0m                                [m
[48;2;0;0;0m                                [m
[48;2;0;0;0m                                [m
