[48;2;0;0;0m                                [m
[48;2;0;0;0m                [48;2;11;4;2m[38;2;0;0;0m▀[48;2;119;65;64m▀[48;2;226;122;123m[38;2;0;1;0m▀[48;2;255;141;139m[38;2;33;21;18m▀[38;2;44;22;23m▀[38;2;11;4;2m▀[48;2;173;95;94m[38;2;0;1;0m▀[48;2;44;22;23m[38;2;0;0;0m▀[48;2;0;1;0m▀[48;2;0;0;0m       [m
[48;2;0;0;0m              [48;2;11;4;2m[38;2;0;0;0m▀[48;2;226;122;123m[38;2;11;4;2m▀[38;2;206;111;110m▀[48;2;237;132;126m[38;2;255;141;139m▀[48;2;255;141;139m [48;2;198;111;105m▀[48;2;5;10;7m▀[48;2;31;40;28m[38;2;206;111;110m▀[48;2;5;10;7m[38;2;237;132;126m▀[48;2;144;78;74m[38;2;255;141;139m▀[48;2;237;132;126m[38;2;90;50;49m▀[48;2;22;10;14m[38;2;0;1;0m▀[48;2;0;0;0m      [m
[48;2;0;0;0m            [48;2;0;1;0m[38;2;0;0;0m▀[48;2;119;65;64m[38;2;0;1;0m▀[48;2;255;141;139m[38;2;198;111;105m▀[38;2;255;148;145m▀[48;2;78;43;42m[38;2;33;21;18m▀[48;2;90;50;49m[38;2;65;32;32m▀[48;2;255;148;145m [48;2;22;10;14m[38;2;44;22;23m▀[48;2;122;139;103m[38;2;106;123;92m▀[38;2;128;145;108m▀[48;2;128;145;108m[38;2;122;139;103m▀[48;2;5;10;7m[38;2;11;4;2m▀[48;2;78;43;42m[38;2;65;32;32m▀[48;2;90;50;49m[38;2;5;10;7m▀[48;2;0;1;0m [48;2;0;0;0m     [m
[48;2;0;0;0m           [48;2;0;1;0m[38;2;0;0;0m▀[48;2;206;111;110m[38;2;33;21;18m▀[48;2;255;141;139m     [48;2;255;148;145m [48;2;22;10;14m[38;2;11;4;2m▀[48;2;122;139;103m[38;2;128;145;108m▀ [48;2;128;145;108m [48;2;0;1;0m[38;2;5;10;7m▀[48;2;255;141;139m [38;2;255;148;145m▀[48;2;144;78;74m[38;2;33;21;18m▀[48;2;0;0;0m     [m
[48;2;0;0;0m          [48;2;0;1;0m[38;2;0;0;0m▀[48;2;173;95;94m[38;2;44;22;23m▀[48;2;255;141;139m[38;2;255;148;145m▀      [48;2;144;78;74m[38;2;65;32;32m▀[48;2;57;65;48m[38;2;94;106;78m▀[48;2;122;139;103m [48;2;81;89;58m[38;2;122;139;103m▀[48;2;90;50;49m[38;2;22;10;14m▀[48;2;255;141;139m[38;2;255;148;145m▀ [38;2;206;111;110m▀[48;2;0;1;0m [48;2;0;0;0m    [m
[48;2;0;0;0m          [48;2;11;4;2m[38;2;0;1;0m▀[48;2;173;95;94m[38;2;206;111;110m▀[48;2;255;141;139m        [48;2;144;78;74m[38;2;5;10;7m▀[48;2;43;42;29m[38;2;122;139;103m▀[48;2;22;10;14m[38;2;31;40;28m▀[48;2;255;148;145m[38;2;198;111;105m▀[48;2;255;141;139m  [48;2;237;132;126m[38;2;255;148;145m▀[48;2;0;1;0m [48;2;0;0;0m    [m
[48;2;0;0;0m        [48;2;0;1;0m[38;2;0;0;0m▀[48;2;90;50;49m[38;2;0;1;0m▀[48;2;255;148;145m[38;2;144;78;74m▀[48;2;33;21;18m[38;2;65;32;32m▀[48;2;173;95;94m[38;2;255;141;139m▀[48;2;255;141;139m       [38;2;255;148;145m▀[48;2;226;122;123m[38;2;55;23;23m▀[48;2;255;141;139m[38;2;144;78;74m▀   [48;2;90;50;49m[38;2;173;95;94m▀[48;2;0;0;0m[38;2;0;1;0m▀    [m
[48;2;0;0;0m      [48;2;22;10;14m[38;2;0;0;0m▀[48;2;65;32;32m▀[48;2;255;141;139m[38;2;33;21;18m▀  [38;2;226;122;123m▀[48;2;226;122;123m[38;2;33;21;18m▀[48;2;44;22;23m[38;2;173;95;94m▀[48;2;119;65;64m[38;2;237;132;126m▀[48;2;198;111;105m[38;2;255;141;139m▀[48;2;226;122;123m▀[48;2;255;141;139m        [48;2;255;148;145m [48;2;0;1;0m[38;2;22;10;14m▀[48;2;0;0;0m     [m
[48;2;0;0;0m   [48;2;11;4;2m[38;2;0;0;0m▀[48;2;90;50;49m▀[48;2;255;141;139m[38;2;33;21;18m▀[48;2;255;148;145m[38;2;144;78;74m▀[48;2;255;141;139m[38;2;255;148;145m▀      [38;2;144;78;74m▀[48;2;255;148;145m[38;2;65;32;32m▀[48;2;255;141;139m[38;2;44;22;23m▀[38;2;206;111;110m▀       [38;2;255;148;145m▀[48;2;90;50;49m[38;2;22;10;14m▀[48;2;0;0;0m     [m
[48;2;0;0;0m  [48;2;0;1;0m[38;2;0;0;0m▀[48;2;206;111;110m[38;2;90;50;49m▀[48;2;226;122;123m[38;2;255;148;145m▀[38;2;255;141;139m▀▀▀▀▀▀▀▀▀▀▀▀▀▀▀▀▀▀▀▀▀[48;2;237;132;126m[38;2;206;111;110m▀[48;2;11;4;2m[38;2;0;1;0m▀[48;2;0;0;0m    [m
[48;2;0;0;0m  [38;2;0;1;0m▀[38;2;65;32;32m▀▀▀▀▀▀▀▀▀▀▀▀▀▀▀▀▀▀▀▀▀▀▀▀[38;2;11;4;2m▀    [m
[48;2;0;0;0m                                [m
[48;2;0;0;0m                                [m
[48;2;0;0;0m                                [m
[48;2;0;0;0m                                [m
