[48;2;0;0;0m                                [m
[48;2;0;0;0m       [48;2;0;1;0m[38;2;0;0;0m▀[48;2;17;26;31m▀[48;2;42;81;82m▀▀[48;2;30;55;53m▀[48;2;0;1;0m▀[48;2;0;0;0m                   [m
[48;2;0;0;0m     [48;2;17;26;31m[38;2;0;0;0m▀[48;2;134;255;255m[38;2;5;10;7m▀[38;2;94;182;182m▀  [48;2;105;198;197m[38;2;134;255;255m▀▀[48;2;134;255;255m [38;2;50;97;97m▀[48;2;81;150;150m[38;2;0;1;0m▀[48;2;0;1;0m[38;2;0;0;0m▀[48;2;0;0;0m                [m
[48;2;0;0;0m   [48;2;0;1;0m[38;2;0;0;0m▀[48;2;105;198;197m[38;2;5;10;7m▀[48;2;70;129;128m[38;2;134;255;255m▀[48;2;0;1;0m[38;2;105;198;197m▀[48;2;124;231;230m[38;2;134;255;255m▀[48;2;81;150;150m▀[48;2;57;65;48m[38;2;0;1;0m▀[48;2;122;139;103m[38;2;24;24;17m▀[48;2;128;145;108m▀[48;2;43;42;29m[38;2;5;10;7m▀[48;2;30;55;53m[38;2;134;255;255m▀[48;2;0;1;0m[38;2;116;215;212m▀[48;2;81;150;150m[38;2;35;68;68m▀[48;2;0;1;0m[38;2;0;0;0m▀[48;2;0;0;0m               [m
[48;2;0;0;0m  [48;2;0;1;0m[38;2;0;0;0m▀[48;2;105;198;197m[38;2;35;68;68m▀[48;2;134;255;255m [38;2;94;182;182m▀[38;2;5;10;7m▀ [48;2;70;129;128m [48;2;70;80;59m [48;2;122;139;103m  [48;2;70;80;59m [48;2;70;129;128m[38;2;35;68;68m▀[48;2;134;255;255m[38;2;5;10;7m▀ [48;2;50;97;97m[38;2;0;1;0m▀[48;2;0;0;0m               [m
[48;2;0;0;0m  [48;2;50;97;97m[38;2;13;17;9m▀[48;2;134;255;255m     [48;2;94;182;182m[38;2;81;150;150m▀[48;2;43;42;29m[38;2;57;65;48m▀[48;2;122;139;103m [48;2;128;145;108m[38;2;122;139;103m▀[48;2;31;40;28m[38;2;57;65;48m▀[48;2;105;198;197m[38;2;81;150;150m▀[48;2;134;255;255m   [48;2;116;215;212m[38;2;13;17;9m▀[48;2;0;1;0m[38;2;0;0;0m▀[48;2;0;0;0m             [m
[48;2;0;0;0m [48;2;0;1;0m[38;2;0;0;0m▀[48;2;94;182;182m[38;2;83;164;165m▀[48;2;134;255;255m      [48;2;35;68;68m[38;2;11;4;2m▀[48;2;81;95;73m[38;2;128;145;108m▀[48;2;94;106;78m▀[48;2;30;55;53m[38;2;0;1;0m▀[48;2;134;255;255m     [48;2;83;164;165m[38;2;35;68;68m▀[48;2;0;1;0m[38;2;0;0;0m▀[48;2;0;0;0m            [m
[48;2;0;0;0m [48;2;0;1;0m[38;2;0;0;0m▀[48;2;60;114;113m[38;2;83;164;165m▀[48;2;134;255;255m      [38;2;124;231;230m▀[48;2;81;150;150m[38;2;0;1;0m▀[48;2;11;16;21m[38;2;31;40;28m▀[48;2;134;255;255m[38;2;94;182;182m▀     [48;2;60;114;113m[38;2;83;164;165m▀[48;2;0;0;0m[38;2;0;1;0m▀            [m
[48;2;0;0;0m  [48;2;0;1;0m [48;2;60;114;113m[38;2;134;255;255m▀[48;2;134;255;255m       [38;2;105;198;197m▀      [48;2;124;231;230m[38;2;42;81;82m▀[48;2;5;10;7m[38;2;0;0;0m▀[48;2;0;1;0m▀[48;2;0;0;0m           [m
[48;2;0;0;0m  [48;2;23;41;41m[38;2;5;10;7m▀[48;2;134;255;255m[38;2;30;55;53m▀[48;2;5;10;7m[38;2;81;150;150m▀[48;2;81;150;150m[38;2;134;255;255m▀[48;2;134;255;255m              [38;2;124;231;230m▀[38;2;30;55;53m▀[38;2;0;1;0m▀[48;2;50;97;97m[38;2;0;0;0m▀[48;2;0;1;0m▀[48;2;0;0;0m       [m
[48;2;0;0;0m  [48;2;0;1;0m[38;2;23;41;41m▀[48;2;134;255;255m  [38;2;30;55;53m▀[48;2;116;215;212m[38;2;23;41;41m▀[48;2;23;41;41m[38;2;116;215;212m▀[48;2;0;1;0m[38;2;134;255;255m▀[48;2;83;164;165m▀[48;2;134;255;255m               [38;2;30;55;53m▀[48;2;116;215;212m[38;2;0;1;0m▀[48;2;5;10;7m[38;2;0;0;0m▀[48;2;0;1;0m▀[48;2;0;0;0m   [m
[48;2;0;0;0m  [38;2;0;1;0m▀[48;2;0;1;0m[38;2;94;182;182m▀[38;2;105;198;197m▀▀▀▀[38;2;94;182;182m▀[38;2;105;198;197m▀▀▀▀▀▀▀▀▀▀▀▀▀▀▀▀▀▀▀[38;2;35;68;68m▀ [38;2;0;0;0m▀[48;2;0;0;0m [m
[48;2;0;0;0m                      [48;2;229;121;43m[38;2;0;0;0m▀[48;2;0;0;0m      [48;2;220;132;57m▀[48;2;0;0;0m  [m
[48;2;0;0;0m                      [48;2;230;121;32m[38;2;221;114;35m▀[48;2;216;104;25m[38;2;228;126;42m▀[48;2;224;116;25m[38;2;231;128;36m▀[38;2;218;117;23m▀[48;2;211;106;27m[38;2;221;114;35m▀[48;2;209;111;35m[38;2;224;116;25m▀[48;2;0;0;0m[38;2;219;125;28m▀   [m
[48;2;0;0;0m                     [48;2;232;129;27m [48;2;197;89;27m[38;2;216;104;25m▀[48;2;209;111;35m[38;2;210;112;49m▀[48;2;210;111;26m[38;2;211;106;27m▀[48;2;210;112;49m[38;2;224;116;25m▀[48;2;0;0;0m[38;2;195;106;45m▀     [m
[48;2;0;0;0m                      [38;2;222;141;56m▀[38;2;213;131;51m▀[38;2;222;141;56m▀       [m
