[48;2;0;0;0m          [48;2;0;1;0m[38;2;0;0;0m▀▀[48;2;16;27;16m▀[48;2;13;17;9m▀[48;2;0;1;0m▀[48;2;0;0;0m                 [m
[48;2;0;0;0m       [48;2;0;1;0m[38;2;0;0;0m▀[48;2;43;80;43m▀[48;2;135;255;136m[38;2;16;27;16m▀[38;2;88;167;89m▀  [48;2;127;239;130m[38;2;135;255;136m▀[38;2;116;219;116m▀[48;2;135;255;136m[38;2;62;114;60m▀[48;2;101;194;104m[38;2;5;10;7m▀[48;2;5;10;7m[38;2;0;0;0m▀[48;2;0;0;0m              [m
[48;2;0;0;0m      [48;2;13;17;9m[38;2;0;0;0m▀[48;2;135;255;136m[38;2;43;80;43m▀[48;2;101;194;104m[38;2;135;255;136m▀[48;2;0;1;0m[38;2;116;219;116m▀[48;2;116;219;116m[38;2;135;255;136m▀[48;2;101;194;104m▀[48;2;24;24;17m[38;2;52;95;51m▀[48;2;128;145;108m[38;2;5;10;7m▀▀[48;2;57;65;48m[38;2;31;61;31m▀[48;2;52;95;51m[38;2;127;239;130m▀[48;2;0;1;0m[38;2;74;139;74m▀[48;2;5;10;7m[38;2;0;1;0m▀[48;2;0;0;0m             [m
[48;2;0;0;0m     [48;2;16;27;16m[38;2;0;1;0m▀[48;2;141;255;144m[38;2;88;167;89m▀[48;2;135;255;136m [38;2;101;194;104m▀[38;2;0;1;0m▀[38;2;116;219;116m▀[48;2;88;167;89m [48;2;44;54;37m[38;2;43;42;29m▀[48;2;122;139;103m  [48;2;94;106;78m [48;2;52;95;51m[38;2;31;61;31m▀[48;2;135;255;136m[38;2;0;1;0m▀[48;2;116;219;116m[38;2;43;80;43m▀[48;2;0;1;0m[38;2;0;0;0m▀[48;2;0;0;0m            [m
[48;2;0;0;0m    [48;2;0;1;0m[38;2;0;0;0m▀[48;2;116;219;116m[38;2;74;139;74m▀[48;2;135;255;136m     [48;2;116;219;116m[38;2;101;194;104m▀[48;2;24;24;17m[38;2;43;42;29m▀[48;2;128;145;108m[38;2;122;139;103m▀[48;2;122;139;103m [48;2;57;65;48m[38;2;81;95;73m▀[48;2;88;167;89m[38;2;62;114;60m▀[48;2;135;255;136m  [48;2;141;255;144m[38;2;74;139;74m▀[48;2;31;61;31m[38;2;0;1;0m▀[48;2;0;0;0m           [m
[48;2;0;0;0m    [48;2;16;27;16m[38;2;0;1;0m▀[48;2;141;255;144m [48;2;135;255;136m     [38;2;141;255;144m▀[48;2;62;114;60m[38;2;5;10;7m▀[48;2;57;65;48m[38;2;122;139;103m▀[48;2;106;123;92m[38;2;128;145;108m▀[48;2;16;27;16m[38;2;5;10;7m▀[48;2;141;255;144m[38;2;116;219;116m▀[48;2;135;255;136m   [48;2;141;255;144m▀[48;2;13;17;9m[38;2;0;1;0m▀[48;2;0;0;0m          [m
[48;2;0;0;0m    [48;2;0;1;0m[38;2;13;17;9m▀[48;2;127;239;130m[38;2;141;255;144m▀[48;2;135;255;136m       [48;2;101;194;104m[38;2;16;27;16m▀[48;2;5;10;7m[38;2;31;40;28m▀[48;2;135;255;136m[38;2;88;167;89m▀    [48;2;141;255;144m [48;2;0;1;0m[38;2;16;27;16m▀[48;2;0;0;0m          [m
[48;2;0;0;0m    [38;2;0;1;0m▀[48;2;0;1;0m[38;2;62;114;60m▀[48;2;88;167;89m[38;2;135;255;136m▀[48;2;127;239;130m▀[48;2;135;255;136m     [38;2;141;255;144m▀[38;2;101;194;104m▀     [48;2;127;239;130m [48;2;0;1;0m [48;2;0;0;0m          [m
[48;2;0;0;0m    [48;2;0;1;0m[38;2;0;0;0m▀[48;2;88;167;89m[38;2;43;80;43m▀[48;2;135;255;136m[38;2;31;61;31m▀[48;2;74;139;74m[38;2;62;114;60m▀[48;2;23;42;24m[38;2;116;219;116m▀[48;2;74;139;74m[38;2;127;239;130m▀[48;2;101;194;104m[38;2;135;255;136m▀[48;2;127;239;130m▀[48;2;135;255;136m         [48;2;141;255;144m[38;2;74;139;74m▀[48;2;116;219;116m[38;2;16;27;16m▀[48;2;62;114;60m[38;2;0;0;0m▀[48;2;23;42;24m▀[48;2;13;17;9m▀[48;2;0;0;0m      [m
[48;2;0;0;0m   [48;2;0;1;0m[38;2;0;0;0m▀[48;2;116;219;116m[38;2;23;42;24m▀[48;2;135;255;136m  [38;2;141;255;144m▀[38;2;127;239;130m▀[48;2;141;255;144m[38;2;74;139;74m▀[38;2;31;61;31m▀[48;2;135;255;136m[38;2;62;114;60m▀           [38;2;141;255;144m▀ [48;2;141;255;144m[38;2;62;114;60m▀[48;2;101;194;104m[38;2;16;27;16m▀[48;2;23;42;24m[38;2;0;0;0m▀[48;2;0;0;0m    [m
[48;2;0;0;0m   [48;2;52;95;51m[38;2;23;42;24m▀[48;2;116;219;116m[38;2;141;255;144m▀[38;2;135;255;136m▀▀▀▀▀▀▀▀▀▀▀▀▀▀▀▀▀▀▀▀▀[38;2;141;255;144m▀[48;2;127;239;130m [48;2;101;194;104m[38;2;23;42;24m▀[48;2;5;10;7m[38;2;0;0;0m▀[48;2;0;0;0m  [m
[48;2;0;0;0m   [38;2;16;27;16m▀[38;2;31;61;31m▀▀▀▀▀▀▀▀▀▀▀▀▀▀▀▀▀▀▀▀▀▀▀▀▀[38;2;16;27;16m▀[38;2;0;1;0m▀ [m
[48;2;0;0;0m                                [m
[48;2;0;0;0m                                [m
[48;2;0;0;0m                                [m
[48;2;0;0;0m                                [m
