[48;2;0;0;0m                                   [m
[48;2;0;0;0m                                   [m
[48;2;0;0;0m                                   [m
[48;2;0;0;0m             [48;2;69;71;72m[38;2;0;0;0m▀[48;2;70;68;66m▀[48;2;67;63;60m[38;2;73;74;74m▀[48;2;64;59;56m[38;2;70;70;69m▀[48;2;64;58;55m[38;2;70;68;66m▀[48;2;57;52;50m[38;2;66;64;62m▀[48;2;50;45;44m[38;2;60;56;56m▀[48;2;48;43;43m[38;2;62;59;55m▀[48;2;50;45;45m[38;2;67;60;57m▀[48;2;48;43;43m[38;2;62;59;55m▀[48;2;44;40;40m[38;2;60;55;52m▀[48;2;46;42;42m[38;2;62;57;53m▀[48;2;57;52;50m[38;2;66;61;58m▀[48;2;64;58;55m[38;2;69;66;64m▀[38;2;73;70;66m▀[48;2;64;59;56m[38;2;70;70;69m▀[48;2;67;62;58m[38;2;73;74;74m▀[48;2;69;66;64m[38;2;0;0;0m▀[48;2;73;70;66m▀[48;2;74;73;70m▀[48;2;0;0;0m  [m
[48;2;0;0;0m          [48;2;69;71;72m[38;2;0;0;0m▀[48;2;72;67;64m[38;2;71;71;69m▀[48;2;69;65;60m[38;2;70;68;66m▀[48;2;62;59;55m[38;2;66;64;62m▀[48;2;58;53;52m[38;2;65;60;56m▀[48;2;55;51;50m[38;2;62;57;56m▀[48;2;52;47;46m[38;2;59;54;53m▀[48;2;44;40;40m[38;2;55;49;48m▀[48;2;42;38;38m[38;2;50;45;45m▀[48;2;42;39;40m[38;2;45;41;40m▀[48;2;44;41;42m[38;2;44;40;40m▀[48;2;45;42;43m[38;2;44;41;42m▀[48;2;43;39;40m[38;2;42;39;40m▀[38;2;41;37;37m▀[48;2;44;40;40m[38;2;43;39;40m▀[48;2;43;39;40m[38;2;50;45;45m▀[48;2;46;41;42m[38;2;55;50;50m▀[48;2;50;46;45m[38;2;58;52;50m▀[38;2;57;52;50m▀[48;2;50;45;45m▀[48;2;55;50;47m[38;2;60;55;52m▀[48;2;60;55;52m[38;2;68;62;58m▀[48;2;62;57;53m[38;2;69;65;60m▀[48;2;66;61;58m[38;2;73;71;69m▀[48;2;70;68;66m[38;2;0;0;0m▀[m
[48;2;0;0;0m        [48;2;69;66;64m[38;2;0;0;0m▀[48;2;69;65;60m[38;2;73;71;69m▀[38;2;73;70;66m▀[48;2;62;59;55m[38;2;67;63;60m▀[48;2;55;49;46m[38;2;61;56;54m▀[48;2;49;44;42m[38;2;55;51;50m▀[48;2;47;44;41m[38;2;52;48;48m▀[48;2;46;42;42m[38;2;50;45;45m▀[48;2;44;41;42m[38;2;44;40;40m▀[48;2;42;38;38m[38;2;38;36;37m▀[48;2;42;39;40m[38;2;40;38;38m▀[48;2;40;36;37m[38;2;45;41;40m▀[48;2;39;35;37m[38;2;45;42;43m▀▀[48;2;40;36;38m[38;2;44;40;38m▀[48;2;39;35;37m[38;2;42;38;38m▀[38;2;42;39;37m▀[48;2;40;36;38m[38;2;41;37;37m▀[48;2;41;37;37m [48;2;43;39;40m[38;2;45;41;40m▀[48;2;46;42;42m [38;2;46;41;42m▀[48;2;46;42;41m[38;2;50;45;44m▀[48;2;48;44;43m[38;2;55;49;46m▀[48;2;55;49;48m[38;2;58;53;52m▀[48;2;55;51;50m[38;2;61;56;54m▀[48;2;60;55;52m[38;2;64;59;56m▀[m
[48;2;0;0;0m       [48;2;66;60;56m[38;2;63;63;59m▀[38;2;66;62;57m▀[38;2;68;62;58m▀[48;2;59;54;53m[38;2;66;61;58m▀[48;2;52;47;46m[38;2;57;52;50m▀[48;2;45;41;40m[38;2;49;44;42m▀ [48;2;44;41;42m[38;2;43;39;40m▀ [48;2;59;54;54m[38;2;45;42;43m▀[48;2;50;46;45m[38;2;45;40;41m▀[48;2;42;54;23m[38;2;48;44;45m▀[48;2;34;56;10m[38;2;46;42;42m▀[48;2;33;57;8m[38;2;36;44;23m▀[38;2;38;39;32m▀▀[38;2;56;52;49m▀[38;2;43;44;32m▀[48;2;37;57;13m[38;2;42;38;38m▀[48;2;45;52;29m[38;2;45;40;41m▀[48;2;46;42;42m[38;2;40;36;37m▀[48;2;40;36;38m[38;2;50;45;45m▀[48;2;46;41;42m [48;2;37;34;35m[38;2;41;37;37m▀[48;2;40;36;38m[38;2;42;38;38m▀[48;2;45;40;41m[38;2;48;43;43m▀[48;2;46;42;42m[38;2;50;46;45m▀[48;2;55;50;50m[38;2;59;54;53m▀[m
[48;2;0;0;0m      [48;2;62;61;60m[38;2;0;0;0m▀[48;2;62;57;53m[38;2;64;58;55m▀▀[48;2;60;55;52m[38;2;62;57;53m▀[48;2;52;47;46m[38;2;55;49;48m▀[48;2;45;41;40m[38;2;46;42;42m▀[48;2;42;38;38m[38;2;43;39;40m▀▀[48;2;47;44;44m[38;2;46;42;42m▀[48;2;49;52;36m[38;2;62;57;56m▀[48;2;37;57;13m[38;2;45;52;29m▀[48;2;57;90;8m[38;2;37;57;13m▀[48;2;33;57;8m[38;2;57;90;8m▀[48;2;57;90;8m[38;2;255;140;140m▀[48;2;255;140;140m [48;2;57;90;8m▀[48;2;33;57;8m▀▀▀[38;2;57;90;8m▀[48;2;57;90;8m[38;2;42;58;19m▀[48;2;33;57;8m[38;2;57;61;34m▀[48;2;46;42;42m[38;2;45;42;43m▀[48;2;39;35;37m [38;2;40;36;37m▀[48;2;40;36;37m[38;2;40;36;38m▀[38;2;43;39;40m▀▀[48;2;46;41;42m[38;2;50;46;48m▀[m
[48;2;0;0;0m      [48;2;64;58;55m[38;2;62;59;58m▀[48;2;60;54;50m[38;2;60;55;52m▀[48;2;58;52;50m▀[48;2;52;47;45m[38;2;56;51;48m▀[48;2;45;41;40m[38;2;49;44;42m▀[48;2;41;37;37m[38;2;42;39;37m▀[48;2;37;34;35m[38;2;39;35;35m▀[48;2;41;38;36m[38;2;41;37;37m▀[48;2;44;49;32m[38;2;46;46;38m▀[48;2;57;86;12m[38;2;42;54;23m▀[48;2;255;140;140m[38;2;57;90;8m▀▀[48;2;33;57;8m ▀[48;2;255;140;140m [48;2;33;57;8m [48;2;123;140;107m▀  [38;2;33;57;8m▀[48;2;33;57;8m   [48;2;47;44;44m[38;2;41;37;37m▀[48;2;39;35;37m [38;2;38;34;36m▀[48;2;36;35;35m[38;2;36;33;34m▀[48;2;37;34;35m▀[48;2;40;36;37m[38;2;41;37;37m▀[m
[48;2;0;0;0m      [48;2;62;59;55m [48;2;59;53;47m[38;2;60;54;50m▀[48;2;60;54;50m[38;2;56;51;48m▀[48;2;56;51;48m[38;2;55;49;46m▀[48;2;50;45;44m[38;2;49;44;42m▀[48;2;44;40;38m[38;2;42;39;37m▀[48;2;45;41;40m[38;2;41;37;37m▀[48;2;46;46;38m[38;2;44;43;37m▀[48;2;58;80;19m[38;2;42;54;23m▀[48;2;255;140;140m      [48;2;33;57;8m [48;2;123;140;107m   [38;2;66;123;0m▀[48;2;33;57;8m [48;2;255;140;140m [38;2;33;57;8m▀[48;2;33;57;8m [48;2;47;44;44m[38;2;45;40;41m▀[48;2;39;35;37m [48;2;38;34;36m[38;2;40;36;37m▀ [48;2;40;36;37m[38;2;39;35;35m▀[m
[48;2;0;0;0m      [48;2;62;61;60m [48;2;55;49;46m [48;2;54;48;46m[38;2;56;51;48m▀[48;2;52;47;45m[38;2;55;49;48m▀[48;2;45;41;40m[38;2;46;42;41m▀[48;2;57;52;50m[38;2;47;44;41m▀[48;2;43;44;32m[38;2;42;41;35m▀[48;2;42;54;23m[38;2;44;49;32m▀[48;2;241;134;134m[38;2;234;130;130m▀[48;2;255;140;140m      [48;2;33;57;8m [48;2;123;140;107m   [48;2;57;90;8m[38;2;123;140;107m▀[48;2;33;57;8m [48;2;255;140;140m  [48;2;57;90;8m[38;2;33;57;8m▀[48;2;33;57;8m [48;2;67;63;64m[38;2;44;41;42m▀[48;2;36;33;34m[38;2;37;34;35m▀[48;2;38;34;36m▀[48;2;37;34;35m[38;2;40;36;37m▀[m
[48;2;0;0;0m      [48;2;56;54;50m[38;2;57;54;53m▀[48;2;56;51;48m[38;2;54;48;46m▀[48;2;54;48;46m[38;2;53;45;43m▀[48;2;41;37;37m[38;2;49;44;42m▀[48;2;43;39;40m[38;2;52;47;46m▀[48;2;44;49;32m[38;2;44;43;37m▀[48;2;42;54;23m [48;2;183;107;106m[38;2;204;116;116m▀[48;2;234;130;130m [48;2;255;140;140m      [48;2;57;90;8m [48;2;33;57;8m[38;2;57;90;8m▀[48;2;123;140;107m [48;2;57;90;8m[38;2;123;140;107m▀[48;2;33;57;8m [48;2;57;90;8m[38;2;255;140;140m▀[48;2;255;140;140m  [38;2;57;90;8m▀[48;2;33;57;8m [48;2;105;109;87m [48;2;41;37;37m[38;2;27;26;29m▀[48;2;36;33;34m[38;2;39;35;35m▀[48;2;42;36;36m[38;2;40;34;34m▀[m
[48;2;0;0;0m       [48;2;53;51;48m[38;2;57;52;50m▀[48;2;40;36;38m[38;2;55;49;46m▀[48;2;46;42;42m[38;2;40;36;38m▀[48;2;44;49;32m [48;2;42;54;23m [48;2;58;80;19m[38;2;54;73;21m▀[48;2;57;86;12m[38;2;204;116;116m▀[48;2;255;140;140m[38;2;241;134;134m▀      [38;2;57;90;8m▀[48;2;57;90;8m[38;2;33;57;8m▀[48;2;33;57;8m  [48;2;57;90;8m▀[48;2;255;140;140m   [48;2;57;90;8m [48;2;33;57;8m [48;2;0;0;0m[38;2;105;109;87m▀[48;2;73;58;55m[38;2;56;46;46m▀[48;2;49;43;42m[38;2;42;36;36m▀[48;2;44;38;39m[38;2;41;37;37m▀[m
[48;2;0;0;0m        [48;2;52;57;36m[38;2;87;84;82m▀[48;2;56;52;49m[38;2;54;48;46m▀[48;2;57;61;34m[38;2;53;50;43m▀[48;2;204;116;116m[38;2;138;78;77m▀[48;2;253;139;139m[38;2;204;116;116m▀[48;2;57;90;8m [48;2;255;140;140m         [38;2;57;90;8m▀▀    [48;2;33;57;8m [48;2;0;0;0m[38;2;33;57;8m▀  [38;2;64;50;50m▀[38;2;49;43;42m▀[m
[48;2;0;0;0m      [48;2;33;57;8m[38;2;0;0;0m▀ [48;2;57;90;8m[38;2;39;56;17m▀[48;2;253;139;139m[38;2;204;116;116m▀[48;2;255;140;140m[38;2;250;138;137m▀  [38;2;57;90;8m▀▀[48;2;57;90;8m  [38;2;255;140;140m▀▀[48;2;255;140;140m         [38;2;57;90;8m▀[48;2;33;57;8m [48;2;0;0;0m     [m
[48;2;0;0;0m    [48;2;33;57;8m[38;2;0;0;0m▀ [48;2;57;90;8m [48;2;255;140;140m                     [38;2;57;90;8m▀[48;2;33;57;8m [48;2;0;0;0m     [m
[48;2;0;0;0m   [48;2;33;57;8m [48;2;57;90;8m[38;2;33;57;8m▀[48;2;255;140;140m                       [38;2;57;90;8m▀[48;2;33;57;8m [38;2;0;0;0m▀[48;2;0;0;0m    [m
[48;2;0;0;0m   [38;2;33;57;8m▀▀▀▀▀▀▀▀▀▀▀▀▀▀▀▀▀▀▀▀▀▀▀▀▀▀▀▀    [m
