[48;2;0;0;0m                                                        [48;2;61;73;86m[38;2;0;0;0m▀[48;2;115;144;197m[38;2;50;46;61m▀[48;2;139;181;254m[38;2;94;118;157m▀ [48;2;115;144;197m [m
[48;2;0;0;0m                                                      [48;2;61;73;86m[38;2;0;0;0m▀[48;2;132;171;239m[38;2;61;73;86m▀[48;2;139;181;254m[38;2;132;171;239m▀  [48;2;115;144;197m[38;2;139;181;254m▀[48;2;50;46;61m[38;2;79;87;105m▀[m
[48;2;0;0;0m                                                    [48;2;62;57;71m[38;2;0;0;0m▀[48;2;125;161;225m[38;2;61;73;86m▀[48;2;139;181;254m[38;2;132;171;239m▀   [48;2;115;144;197m[38;2;139;181;254m▀[48;2;94;118;157m[38;2;61;73;86m▀[48;2;132;171;239m[38;2;54;49;63m▀[m
[48;2;0;0;0m                                                  [48;2;62;57;71m[38;2;0;0;0m▀[48;2;115;144;197m[38;2;50;46;61m▀[48;2;139;181;254m[38;2;115;144;197m▀     [48;2;132;171;239m [48;2;79;87;105m[38;2;139;181;254m▀[48;2;0;0;0m[38;2;94;118;157m▀[m
[48;2;0;0;0m                                                [48;2;71;112;120m[38;2;0;0;0m▀[48;2;139;181;254m[38;2;61;73;86m▀[38;2;125;161;225m▀    [48;2;132;171;239m[38;2;139;181;254m▀[48;2;94;118;157m▀[48;2;50;46;61m[38;2;125;161;225m▀[48;2;0;0;0m[38;2;61;73;86m▀  [m
[48;2;0;0;0m                                             [48;2;79;87;105m[38;2;0;0;0m▀[48;2;132;171;239m[38;2;62;57;71m▀[48;2;139;181;254m[38;2;115;144;197m▀    [48;2;94;118;157m[38;2;139;181;254m▀[48;2;62;57;71m[38;2;132;171;239m▀[48;2;0;0;0m[38;2;94;118;157m▀[38;2;62;57;71m▀     [m
[48;2;0;0;0m           [48;2;43;39;56m[38;2;0;0;0m▀[48;2;34;29;43m▀▀[48;2;25;22;36m▀[48;2;34;29;43m▀▀[48;2;43;39;56m▀[48;2;48;44;59m▀[48;2;0;0;0m                      [48;2;50;46;61m▀[48;2;71;112;120m▀[48;2;132;171;239m[38;2;62;57;71m▀[48;2;139;181;254m[38;2;115;144;197m▀    [48;2;115;144;197m[38;2;139;181;254m▀[48;2;62;57;71m[38;2;125;161;225m▀[48;2;0;0;0m[38;2;79;87;105m▀         [m
[48;2;0;0;0m        [48;2;34;29;43m[38;2;0;0;0m▀[48;2;8;6;8m[38;2;43;39;56m▀[48;2;62;57;71m[38;2;18;25;19m▀[48;2;125;161;225m[38;2;8;6;8m▀[48;2;144;187;255m[38;2;43;39;56m▀[48;2;148;193;255m[38;2;79;87;105m▀▀▀[48;2;144;187;255m[38;2;50;46;61m▀[48;2;132;171;239m[38;2;8;6;8m▀[48;2;94;118;157m▀[48;2;33;38;47m[38;2;25;22;36m▀[48;2;8;6;8m[38;2;48;44;59m▀[48;2;34;29;43m[38;2;0;0;0m▀[48;2;0;0;0m                [48;2;62;57;71m▀[48;2;94;118;157m▀[48;2;139;181;254m[38;2;61;73;86m▀[38;2;115;144;197m▀     [48;2;71;112;120m[38;2;139;181;254m▀[48;2;0;0;0m[38;2;94;118;157m▀[38;2;50;46;61m▀           [m
[48;2;0;0;0m      [48;2;43;39;56m[38;2;0;0;0m▀[48;2;8;6;8m[38;2;34;29;43m▀[48;2;71;112;120m[38;2;8;6;8m▀[48;2;148;193;255m[38;2;71;112;120m▀[38;2;144;187;255m▀[48;2;132;171;239m[38;2;148;193;255m▀[48;2;115;144;197m[38;2;144;187;255m▀[48;2;125;161;225m▀[48;2;144;187;255m[38;2;139;181;254m▀▀[48;2;132;171;239m▀[48;2;43;39;56m[38;2;144;187;255m▀[48;2;79;87;105m[38;2;148;193;255m▀[48;2;144;187;255m[38;2;139;181;254m▀[48;2;148;193;255m[38;2;94;118;157m▀[48;2;125;161;225m[38;2;18;25;19m▀[48;2;62;57;71m▀[48;2;8;6;8m[38;2;43;39;56m▀[48;2;34;29;43m[38;2;0;0;0m▀[48;2;0;0;0m     [48;2;48;44;59m▀▀[48;2;50;46;61m▀[48;2;0;0;0m  [48;2;79;87;105m▀[48;2;125;161;225m[38;2;50;46;61m▀[48;2;139;181;254m[38;2;94;118;157m▀[38;2;132;171;239m▀     [48;2;132;171;239m[38;2;139;181;254m▀[48;2;61;73;86m[38;2;132;171;239m▀[48;2;0;0;0m[38;2;79;87;105m▀              [m
[48;2;0;0;0m     [48;2;50;46;61m[38;2;0;0;0m▀[48;2;8;6;8m[38;2;43;39;56m▀[48;2;94;118;157m[38;2;38;34;53m▀[48;2;148;193;255m[38;2;144;187;255m▀[48;2;79;87;105m▀[48;2;8;6;8m[38;2;79;87;105m▀[48;2;75;101;71m[38;2;18;25;19m▀[48;2;118;142;102m[38;2;8;6;8m▀[48;2;75;101;71m▀[48;2;8;6;8m[38;2;79;87;105m▀[48;2;115;144;197m[38;2;148;193;255m▀[48;2;148;193;255m[38;2;115;144;197m▀[48;2;79;87;105m[38;2;8;6;8m▀[48;2;54;49;63m▀[48;2;139;181;254m[38;2;125;161;225m▀[38;2;144;187;255m▀▀ [48;2;8;6;8m[38;2;94;118;157m▀ [48;2;61;73;86m[38;2;33;38;47m▀[48;2;8;6;8m[38;2;0;0;0m▀[48;2;139;181;254m[38;2;61;73;86m▀[38;2;71;112;120m▀[48;2;144;187;255m[38;2;8;6;8m▀[48;2;148;193;255m▀[38;2;115;144;197m▀[48;2;139;181;254m[38;2;125;161;225m▀[48;2;115;144;197m[38;2;94;118;157m▀[48;2;50;46;61m[38;2;62;57;71m▀[48;2;94;118;157m[38;2;125;161;225m▀[48;2;148;193;255m[38;2;144;187;255m▀[48;2;139;181;254m     [48;2;125;161;225m[38;2;139;181;254m▀[48;2;61;73;86m[38;2;125;161;225m▀[48;2;0;0;0m[38;2;61;73;86m▀                [m
[48;2;0;0;0m     [48;2;62;57;71m [48;2;8;6;8m [38;2;94;118;157m▀[48;2;25;22;36m[38;2;125;161;225m▀[48;2;31;16;19m[38;2;34;29;43m▀[48;2;57;78;55m[38;2;75;101;71m▀[48;2;132;148;111m [48;2;118;142;102m[38;2;132;148;111m▀[48;2;132;148;111m [48;2;95;123;85m[38;2;37;43;27m▀[48;2;31;16;19m[38;2;61;73;86m▀[48;2;132;171;239m[38;2;148;193;255m▀[48;2;144;187;255m [48;2;139;181;254m[38;2;144;187;255m▀[48;2;8;6;8m[38;2;139;181;254m▀▀[48;2;139;181;254m[38;2;8;6;8m▀▀  [38;2;148;193;255m▀ [48;2;144;187;255m[38;2;139;181;254m▀[48;2;132;171;239m[38;2;144;187;255m▀[48;2;61;73;86m[38;2;132;171;239m▀[48;2;34;29;43m[38;2;94;118;157m▀[48;2;38;34;53m[38;2;79;87;105m▀[48;2;43;39;56m[38;2;62;57;71m▀[48;2;48;44;59m[38;2;38;34;53m▀▀[48;2;54;49;63m[38;2;79;87;105m▀[48;2;125;161;225m[38;2;144;187;255m▀[48;2;144;187;255m[38;2;139;181;254m▀[48;2;139;181;254m  [48;2;125;161;225m▀[48;2;61;73;86m[38;2;125;161;225m▀[48;2;0;0;0m[38;2;61;73;86m▀                  [m
[48;2;0;0;0m     [48;2;54;49;63m[38;2;62;57;71m▀[48;2;8;6;8m [48;2;94;118;157m[38;2;8;6;8m▀[48;2;115;144;197m▀[38;2;54;49;63m▀[48;2;8;6;8m[38;2;37;43;27m▀[48;2;95;123;85m[38;2;132;148;111m▀[48;2;132;148;111m[38;2;118;142;102m▀[48;2;118;142;102m [48;2;132;148;111m▀[48;2;8;6;8m[38;2;18;25;19m▀[38;2;94;118;157m▀ [48;2;139;181;254m[38;2;8;6;8m▀     [48;2;8;6;8m[38;2;139;181;254m▀▀[48;2;132;171;239m[38;2;8;6;8m▀[48;2;94;118;157m▀[48;2;8;6;8m[38;2;43;39;56m▀[48;2;33;38;47m[38;2;38;34;53m▀[48;2;50;46;61m [48;2;48;44;59m    [48;2;43;39;56m [48;2;61;73;86m[38;2;94;118;157m▀[48;2;144;187;255m [48;2;132;171;239m[38;2;139;181;254m▀[48;2;61;73;86m[38;2;125;161;225m▀[48;2;0;0;0m[38;2;61;73;86m▀                    [m
[48;2;0;0;0m     [48;2;50;46;61m[38;2;54;49;63m▀[48;2;8;6;8m [48;2;115;144;197m [48;2;144;187;255m[38;2;148;193;255m▀ [48;2;115;144;197m[38;2;48;44;59m▀[48;2;8;6;8m[38;2;66;58;48m▀[38;2;132;148;111m▀[48;2;132;148;111m[38;2;118;142;102m▀[48;2;115;144;197m[38;2;8;6;8m▀[48;2;144;187;255m▀[38;2;94;118;157m▀[48;2;139;181;254m[38;2;144;187;255m▀   [48;2;8;6;8m[38;2;139;181;254m▀[48;2;125;161;225m[38;2;8;6;8m▀[48;2;139;181;254m▀[38;2;125;161;225m▀▀[48;2;144;187;255m[38;2;132;171;239m▀[48;2;132;171;239m[38;2;125;161;225m▀[48;2;25;22;36m[38;2;18;25;19m▀[48;2;43;39;56m [48;2;48;44;59m[38;2;50;46;61m▀     [48;2;43;39;56m[38;2;54;49;63m▀[48;2;62;57;71m[38;2;115;144;197m▀[48;2;0;0;0m[38;2;79;87;105m▀                      [m
[48;2;0;0;0m     [38;2;50;46;61m▀[48;2;18;25;19m[38;2;8;6;8m▀[48;2;8;6;8m[38;2;94;118;157m▀[38;2;144;187;255m▀[38;2;139;181;254m▀[48;2;139;181;254m[38;2;8;6;8m▀[48;2;144;187;255m[38;2;61;73;86m▀[38;2;94;118;157m▀[48;2;139;181;254m[38;2;144;187;255m▀▀    [48;2;8;6;8m[38;2;139;181;254m▀[48;2;132;171;239m[38;2;8;6;8m▀[48;2;139;181;254m[38;2;132;171;239m▀    [48;2;148;193;255m[38;2;144;187;255m▀[48;2;79;87;105m[38;2;115;144;197m▀[48;2;8;6;8m [48;2;50;46;61m[38;2;48;44;59m▀[48;2;48;44;59m        [48;2;0;0;0m[38;2;50;46;61m▀                      [m
[48;2;0;0;0m   [48;2;50;46;61m[38;2;0;0;0m▀[48;2;8;6;8m▀[48;2;125;161;225m[38;2;48;44;59m▀[48;2;144;187;255m[38;2;8;6;8m▀[38;2;94;118;157m▀[48;2;139;181;254m[38;2;144;187;255m▀      [48;2;144;187;255m[38;2;139;181;254m▀[48;2;132;171;239m▀[48;2;8;6;8m[38;2;132;171;239m▀[48;2;139;181;254m[38;2;8;6;8m▀[38;2;132;171;239m▀    [48;2;144;187;255m[38;2;139;181;254m▀ [48;2;62;57;71m[38;2;125;161;225m▀[48;2;8;6;8m[38;2;25;22;36m▀[48;2;50;46;61m[38;2;38;34;53m▀[48;2;48;44;59m[38;2;50;46;61m▀     [48;2;50;46;61m [48;2;43;39;56m [48;2;0;0;0m[38;2;48;44;59m▀                       [m
[48;2;0;0;0m  [48;2;8;6;8m[38;2;54;49;63m▀[48;2;132;171;239m[38;2;8;6;8m▀[48;2;139;181;254m          [48;2;8;6;8m[38;2;144;187;255m▀[48;2;125;161;225m[38;2;8;6;8m▀[48;2;139;181;254m▀     [48;2;148;193;255m[38;2;139;181;254m▀[48;2;125;161;225m[38;2;144;187;255m▀[48;2;35;56;60m[38;2;139;181;254m▀[48;2;8;6;8m[38;2;61;73;86m▀[48;2;43;39;56m[38;2;8;6;8m▀[48;2;50;46;61m[38;2;48;44;59m▀[48;2;48;44;59m[38;2;50;46;61m▀     [48;2;38;34;53m▀[48;2;0;0;0m[38;2;38;34;53m▀                         [m
[48;2;0;0;0m [48;2;8;6;8m[38;2;79;87;105m▀[48;2;139;181;254m[38;2;132;171;239m▀       [48;2;144;187;255m[38;2;139;181;254m▀[48;2;139;181;254m [48;2;125;161;225m▀[48;2;132;171;239m[38;2;8;6;8m▀[48;2;139;181;254m[38;2;125;161;225m▀  [48;2;144;187;255m[38;2;139;181;254m▀[48;2;148;193;255m▀[48;2;144;187;255m▀[48;2;115;144;197m[38;2;144;187;255m▀[48;2;33;38;47m[38;2;139;181;254m▀[48;2;8;6;8m[38;2;94;118;157m▀[48;2;37;43;27m[38;2;8;6;8m▀[48;2;38;34;53m▀[48;2;50;46;61m[38;2;43;39;56m▀[48;2;48;44;59m[38;2;50;46;61m▀     [48;2;34;29;43m[38;2;48;44;59m▀[48;2;79;87;105m[38;2;62;57;71m▀[48;2;0;0;0m[38;2;54;49;63m▀                          [m
[48;2;54;49;63m[38;2;62;57;71m▀[48;2;132;171;239m[38;2;125;161;225m▀[48;2;139;181;254m      [48;2;144;187;255m[38;2;139;181;254m▀[48;2;125;161;225m[38;2;144;187;255m▀[48;2;33;38;47m[38;2;132;171;239m▀[48;2;34;29;43m[38;2;8;6;8m▀[48;2;62;57;71m[38;2;139;181;254m▀[38;2;148;193;255m▀[48;2;33;38;47m[38;2;144;187;255m▀▀▀[48;2;18;25;19m[38;2;132;171;239m▀[48;2;8;6;8m[38;2;94;118;157m▀[38;2;35;56;60m▀[48;2;25;22;36m[38;2;8;6;8m▀[48;2;38;34;53m▀[48;2;190;170;47m[38;2;130;116;48m▀[48;2;93;81;47m▀[48;2;38;34;53m[38;2;34;29;43m▀[48;2;48;44;59m[38;2;50;46;61m▀     [48;2;43;39;56m[38;2;48;44;59m▀[48;2;62;57;71m▀[48;2;54;49;63m[38;2;76;70;69m▀[48;2;0;0;0m                           [m
[48;2;43;39;56m[38;2;50;46;61m▀[48;2;71;112;120m[38;2;125;161;225m▀[48;2;148;193;255m[38;2;144;187;255m▀[48;2;144;187;255m[38;2;139;181;254m▀▀▀[48;2;139;181;254m [48;2;94;118;157m[38;2;148;193;255m▀[48;2;50;46;61m[38;2;115;144;197m▀[48;2;43;39;56m[38;2;54;49;63m▀[48;2;50;46;61m[38;2;25;22;36m▀[38;2;18;25;19m▀▀[48;2;43;39;56m[38;2;31;16;19m▀[48;2;160;143;48m[38;2;93;81;47m▀[48;2;130;116;48m[38;2;37;43;27m▀[48;2;43;39;56m[38;2;31;16;19m▀[48;2;50;46;61m[38;2;25;22;36m▀[38;2;43;39;56m▀[48;2;48;44;59m[38;2;50;46;61m▀[48;2;43;39;56m▀[48;2;76;70;69m▀[48;2;190;170;47m [48;2;34;29;43m[38;2;66;58;48m▀[48;2;48;44;59m[38;2;43;39;56m▀      ▀[48;2;43;39;56m[38;2;62;57;71m▀[48;2;62;57;71m [48;2;0;0;0m                           [m
[48;2;0;0;0m [48;2;62;57;71m[38;2;61;73;86m▀[48;2;54;49;63m[38;2;115;144;197m▀[48;2;48;44;59m[38;2;132;171;239m▀[48;2;43;39;56m[38;2;115;144;197m▀[48;2;38;34;53m[38;2;94;118;157m▀[48;2;43;39;56m[38;2;61;73;86m▀[48;2;48;44;59m[38;2;38;34;53m▀[38;2;43;39;56m▀    ▀[48;2;38;34;53m[38;2;76;70;69m▀[48;2;160;143;48m[38;2;219;196;44m▀[48;2;130;116;48m[38;2;50;46;61m▀[48;2;38;34;53m[38;2;48;44;59m▀[48;2;48;44;59m  [48;2;38;34;53m [48;2;190;170;47m[38;2;130;116;48m▀[48;2;93;81;47m[38;2;160;143;48m▀[48;2;38;34;53m[38;2;25;22;36m▀[48;2;50;46;61m [48;2;48;44;59m       [48;2;43;39;56m[38;2;38;34;53m▀[48;2;79;87;105m[38;2;76;70;69m▀[48;2;0;0;0m                           [m
[48;2;0;0;0m  [38;2;48;44;59m▀▀▀▀[38;2;43;39;56m▀[48;2;38;34;53m[38;2;48;44;59m▀[48;2;50;46;61m▀[48;2;48;44;59m     [38;2;43;39;56m▀[48;2;38;34;53m[38;2;76;70;69m▀[48;2;160;143;48m[38;2;219;196;44m▀[48;2;219;196;44m[38;2;66;58;48m▀[48;2;62;57;71m[38;2;38;34;53m▀[48;2;43;39;56m [48;2;190;170;47m[38;2;76;70;69m▀[48;2;130;116;48m[38;2;190;170;47m▀[48;2;25;22;36m[38;2;34;29;43m▀[48;2;50;46;61m[38;2;48;44;59m▀[48;2;48;44;59m        [48;2;50;46;61m▀[48;2;38;34;53m[38;2;43;39;56m▀[48;2;0;0;0m                           [m
[48;2;0;0;0m       [48;2;38;34;53m [48;2;50;46;61m [48;2;48;44;59m      [38;2;43;39;56m▀[48;2;43;39;56m [38;2;190;170;47m▀[48;2;160;143;48m[38;2;240;214;44m▀[48;2;219;196;44m▀[48;2;34;29;43m[38;2;190;170;47m▀[48;2;38;34;53m[38;2;34;29;43m▀[48;2;50;46;61m[38;2;43;39;56m▀[48;2;48;44;59m         [48;2;50;46;61m [48;2;38;34;53m [48;2;0;0;0m                           [m
[48;2;0;0;0m       [48;2;43;39;56m [48;2;50;46;61m [48;2;48;44;59m      [48;2;43;39;56m[38;2;48;44;59m▀[48;2;38;34;53m▀[48;2;130;116;48m[38;2;38;34;53m▀[48;2;255;232;44m[38;2;190;170;47m▀[38;2;240;214;44m▀[48;2;190;170;47m[38;2;66;58;48m▀[48;2;48;44;59m[38;2;43;39;56m▀[48;2;38;34;53m[38;2;48;44;59m▀[48;2;48;44;59m         [48;2;50;46;61m [48;2;38;34;53m [48;2;0;0;0m                           [m
[48;2;0;0;0m      [48;2;48;44;59m[38;2;0;0;0m▀[38;2;43;39;56m▀[38;2;50;46;61m▀     [48;2;54;49;63m[38;2;48;44;59m▀[48;2;190;170;47m[38;2;93;81;47m▀[48;2;255;232;44m[38;2;190;170;47m▀    [38;2;219;196;44m▀[48;2;240;214;44m[38;2;130;116;48m▀[48;2;93;81;47m[38;2;54;49;63m▀[48;2;43;39;56m[38;2;48;44;59m▀[48;2;48;44;59m       [48;2;50;46;61m [48;2;48;44;59m[38;2;43;39;56m▀[38;2;0;0;0m▀[48;2;0;0;0m                          [m
[48;2;0;0;0m      [48;2;43;39;56m [48;2;48;44;59m        [38;2;38;34;53m▀[48;2;38;34;53m[38;2;93;81;47m▀[48;2;66;58;48m[38;2;219;196;44m▀[48;2;240;214;44m[38;2;255;232;44m▀[48;2;255;232;44m [48;2;130;116;48m[38;2;240;214;44m▀[48;2;8;6;8m[38;2;130;116;48m▀[48;2;38;34;53m[38;2;34;29;43m▀[48;2;50;46;61m[38;2;25;22;36m▀[48;2;48;44;59m        [38;2;50;46;61m▀[48;2;50;46;61m[38;2;43;39;56m▀[48;2;43;39;56m[38;2;48;44;59m▀[48;2;0;0;0m                          [m
[48;2;0;0;0m      [48;2;38;34;53m[38;2;43;39;56m▀[48;2;50;46;61m [48;2;48;44;59m         [48;2;43;39;56m[38;2;38;34;53m▀[48;2;66;58;48m[38;2;160;143;48m▀[48;2;93;81;47m[38;2;219;196;44m▀[48;2;25;22;36m[38;2;34;29;43m▀[48;2;50;46;61m[38;2;43;39;56m▀[48;2;48;44;59m[38;2;50;46;61m▀          [48;2;50;46;61m [48;2;38;34;53m[38;2;43;39;56m▀[48;2;0;0;0m                          [m
[48;2;0;0;0m      [38;2;38;34;53m▀[38;2;50;46;61m▀[38;2;48;44;59m▀▀▀▀▀▀▀▀▀▀▀[38;2;38;34;53m▀[38;2;48;44;59m▀▀▀▀▀▀▀▀▀▀▀▀▀[38;2;50;46;61m▀[38;2;38;34;53m▀                          [m
