[48;2;0;0;0m                                                        [48;2;84;57;86m[38;2;0;0;0m▀[48;2;211;90;206m[38;2;54;49;63m▀[48;2;255;104;248m[38;2;155;68;150m▀[38;2;245;101;237m▀[48;2;197;84;192m[38;2;211;90;206m▀[m
[48;2;0;0;0m                                                      [48;2;84;57;86m[38;2;0;0;0m▀[48;2;245;101;237m[38;2;84;57;86m▀[48;2;255;104;248m[38;2;235;97;228m▀  [48;2;211;90;206m[38;2;255;104;248m▀[48;2;48;44;59m[38;2;127;78;137m▀[m
[48;2;0;0;0m                                                    [48;2;77;50;66m[38;2;0;0;0m▀[48;2;224;94;218m[38;2;84;57;86m▀[48;2;255;104;248m[38;2;235;97;228m▀   [48;2;174;77;169m[38;2;245;101;237m▀[38;2;84;57;86m▀[48;2;235;97;228m[38;2;54;49;63m▀[m
[48;2;0;0;0m                                                  [48;2;62;57;71m[38;2;0;0;0m▀[48;2;197;84;192m[38;2;50;46;61m▀[48;2;255;104;248m[38;2;197;84;192m▀     [48;2;245;101;237m [48;2;104;66;111m[38;2;255;104;248m▀[48;2;0;0;0m[38;2;127;78;137m▀[m
[48;2;0;0;0m                                                [48;2;127;78;137m[38;2;0;0;0m▀[48;2;245;101;237m[38;2;84;57;86m▀[48;2;255;104;248m[38;2;224;94;218m▀    [48;2;245;101;237m[38;2;255;104;248m▀[48;2;155;68;150m▀[48;2;54;49;63m[38;2;211;90;206m▀[48;2;0;0;0m[38;2;84;57;86m▀  [m
[48;2;0;0;0m                                             [48;2;104;66;111m[38;2;0;0;0m▀[48;2;235;97;228m[38;2;62;57;71m▀[48;2;255;104;248m[38;2;197;84;192m▀    [48;2;174;77;169m[38;2;255;104;248m▀[48;2;62;57;71m[38;2;245;101;237m▀[48;2;0;0;0m[38;2;155;68;150m▀[38;2;77;50;66m▀     [m
[48;2;0;0;0m         [48;2;50;46;61m[38;2;0;0;0m▀[48;2;62;57;71m▀▀▀[48;2;54;49;63m▀[48;2;0;0;0m                           [48;2;48;44;59m▀[48;2;127;78;137m▀[48;2;235;97;228m[38;2;77;50;66m▀[48;2;255;104;248m[38;2;174;77;169m▀    [48;2;197;84;192m[38;2;255;104;248m▀[48;2;77;50;66m[38;2;235;97;228m▀[48;2;0;0;0m[38;2;104;66;111m▀         [m
[48;2;0;0;0m      [48;2;34;29;43m[38;2;0;0;0m▀[48;2;8;6;8m[38;2;43;39;56m▀[48;2;69;30;49m[38;2;25;22;36m▀[48;2;174;77;169m[38;2;8;6;8m▀[48;2;224;94;218m▀[48;2;245;101;237m▀[48;2;235;97;228m▀[48;2;211;90;206m▀[48;2;155;68;150m▀[48;2;69;30;49m[38;2;25;22;36m▀[48;2;8;6;8m[38;2;43;39;56m▀[48;2;25;22;36m[38;2;0;0;0m▀[48;2;43;39;56m▀[48;2;0;0;0m                   [48;2;62;57;71m▀[48;2;174;77;169m▀[48;2;255;104;248m[38;2;84;57;86m▀[38;2;211;90;206m▀     [48;2;127;78;137m[38;2;255;104;248m▀[48;2;0;0;0m[38;2;174;77;169m▀[38;2;48;44;59m▀           [m
[48;2;0;0;0m    [48;2;34;29;43m[38;2;0;0;0m▀[48;2;8;6;8m[38;2;25;22;36m▀[48;2;197;84;192m[38;2;8;6;8m▀[48;2;255;109;255m[38;2;174;77;169m▀   [38;2;255;104;248m▀[48;2;255;104;248m [38;2;255;109;255m▀[48;2;197;84;192m▀▀[48;2;255;109;255m[38;2;197;84;192m▀[38;2;69;30;49m▀[48;2;155;68;150m[38;2;8;6;8m▀[48;2;31;16;19m[38;2;34;29;43m▀[48;2;18;25;19m[38;2;0;0;0m▀[48;2;43;39;56m▀[48;2;0;0;0m        [48;2;50;46;61m▀[48;2;62;57;71m▀[48;2;54;49;63m▀[48;2;0;0;0m  [48;2;104;66;111m▀[48;2;224;94;218m[38;2;54;49;63m▀[48;2;255;104;248m[38;2;127;78;137m▀[38;2;235;97;228m▀     [48;2;235;97;228m[38;2;255;104;248m▀[48;2;104;66;111m[38;2;245;101;237m▀[48;2;0;0;0m[38;2;104;66;111m▀              [m
[48;2;0;0;0m   [48;2;62;57;71m[38;2;48;44;59m▀[48;2;69;30;49m[38;2;8;6;8m▀[48;2;255;109;255m[38;2;174;77;169m▀[48;2;235;97;228m[38;2;255;109;255m▀[48;2;69;30;49m[38;2;245;101;237m▀[48;2;8;6;8m[38;2;155;68;150m▀[48;2;57;78;55m[38;2;69;30;49m▀[48;2;45;61;39m▀[48;2;8;6;8m[38;2;197;84;192m▀[48;2;211;90;206m[38;2;255;109;255m▀[48;2;255;109;255m[38;2;255;104;248m▀[48;2;69;30;49m[38;2;31;16;19m▀[48;2;8;6;8m [48;2;197;84;192m[38;2;211;90;206m▀[48;2;255;109;255m [48;2;255;104;248m[38;2;255;109;255m▀[48;2;255;109;255m[38;2;224;94;218m▀[38;2;69;30;49m▀[48;2;116;49;92m[38;2;8;6;8m▀[48;2;8;6;8m[38;2;54;49;63m▀[38;2;0;0;0m▀▀[48;2;127;78;137m▀[48;2;8;6;8m▀[48;2;255;104;248m[38;2;84;57;86m▀[38;2;127;78;137m▀[38;2;8;6;8m▀▀[38;2;245;101;237m▀[48;2;245;101;237m[38;2;224;123;223m▀[48;2;197;84;192m[38;2;145;90;157m▀[48;2;50;46;61m[38;2;62;57;71m▀[48;2;174;77;169m[38;2;224;94;218m▀[48;2;255;109;255m[38;2;255;104;248m▀[48;2;255;104;248m     [48;2;224;94;218m▀[48;2;84;57;86m[38;2;235;97;228m▀[48;2;0;0;0m[38;2;84;57;86m▀                [m
[48;2;0;0;0m  [48;2;54;49;63m[38;2;0;0;0m▀[48;2;8;6;8m[38;2;34;29;43m▀[48;2;69;30;49m[38;2;155;68;150m▀[48;2;116;49;92m[38;2;255;109;255m▀[48;2;69;30;49m[38;2;116;49;92m▀[48;2;45;61;39m[38;2;18;25;19m▀[48;2;132;148;111m[38;2;118;142;102m▀[48;2;118;142;102m[38;2;132;148;111m▀[48;2;132;148;111m [48;2;95;123;85m[38;2;37;43;27m▀[48;2;8;6;8m[38;2;116;49;92m▀[48;2;235;97;228m[38;2;255;109;255m▀[48;2;255;109;255m[38;2;235;97;228m▀[38;2;174;77;169m▀[48;2;255;104;248m[38;2;245;101;237m▀  [48;2;8;6;8m[38;2;255;104;248m▀[38;2;255;109;255m▀[48;2;255;104;248m[38;2;8;6;8m▀[48;2;255;109;255m▀[38;2;84;57;86m▀[48;2;255;104;248m[38;2;224;94;218m▀  [48;2;255;109;255m[38;2;255;104;248m▀[48;2;235;97;228m[38;2;255;109;255m▀[48;2;84;57;86m[38;2;245;101;237m▀[48;2;33;38;47m[38;2;155;68;150m▀[38;2;104;66;111m▀[48;2;43;39;56m[38;2;77;50;66m▀[48;2;48;44;59m[38;2;43;39;56m▀[38;2;33;38;47m▀[48;2;54;49;63m[38;2;104;66;111m▀[48;2;224;94;218m[38;2;255;109;255m▀[48;2;255;109;255m[38;2;255;104;248m▀[48;2;255;104;248m  [48;2;224;94;218m▀[48;2;84;57;86m[38;2;224;94;218m▀[48;2;0;0;0m[38;2;84;57;86m▀                  [m
[48;2;0;0;0m  [48;2;50;46;61m[38;2;62;57;71m▀[48;2;8;6;8m [48;2;69;30;49m[38;2;8;6;8m▀▀[48;2;155;68;150m[38;2;31;16;19m▀[48;2;31;16;19m[38;2;37;43;27m▀[48;2;95;123;85m[38;2;132;148;111m▀[48;2;132;148;111m[38;2;118;142;102m▀[48;2;118;142;102m [48;2;132;148;111m [48;2;57;78;55m[38;2;18;25;19m▀[48;2;69;30;49m[38;2;155;68;150m▀[48;2;255;109;255m [48;2;8;6;8m[38;2;255;104;248m▀▀ [48;2;255;104;248m[38;2;8;6;8m▀     [48;2;8;6;8m[38;2;255;104;248m▀[38;2;255;109;255m▀[48;2;155;68;150m[38;2;8;6;8m▀[48;2;54;49;63m▀[48;2;43;39;56m[38;2;84;57;86m▀[48;2;48;44;59m[38;2;33;38;47m▀     [48;2;43;39;56m▀[48;2;84;57;86m[38;2;174;77;169m▀[48;2;255;104;248m[38;2;255;109;255m▀[48;2;235;97;228m[38;2;255;104;248m▀[48;2;84;57;86m[38;2;235;97;228m▀[48;2;0;0;0m[38;2;84;57;86m▀                    [m
[48;2;0;0;0m   [48;2;33;38;47m[38;2;18;25;19m▀[48;2;143;67;111m[38;2;155;68;150m▀[48;2;255;109;255m  [48;2;174;77;169m[38;2;69;30;49m▀[48;2;8;6;8m[38;2;45;61;39m▀[48;2;118;142;102m[38;2;132;148;111m▀ [48;2;132;148;111m [48;2;8;6;8m[38;2;75;101;71m▀[48;2;34;29;43m[38;2;31;16;19m▀[48;2;245;101;237m[38;2;8;6;8m▀[48;2;255;104;248m▀     [48;2;8;6;8m[38;2;255;104;248m▀[48;2;235;97;228m[38;2;8;6;8m▀[48;2;255;104;248m▀[48;2;255;109;255m[38;2;224;94;218m▀[48;2;69;30;49m[38;2;34;29;43m▀[48;2;34;29;43m[38;2;18;25;19m▀[48;2;50;46;61m[38;2;48;44;59m▀[48;2;48;44;59m        [48;2;43;39;56m[38;2;50;46;61m▀[48;2;62;57;71m[38;2;211;90;206m▀[48;2;0;0;0m[38;2;104;66;111m▀                      [m
[48;2;0;0;0m   [48;2;50;46;61m[38;2;33;38;47m▀[48;2;116;49;92m [48;2;255;109;255m [48;2;255;104;248m [48;2;8;6;8m[38;2;255;109;255m▀[38;2;69;30;49m▀[38;2;37;43;27m▀[48;2;208;107;178m[38;2;8;6;8m▀[48;2;255;104;248m[38;2;132;148;111m▀[38;2;179;103;179m▀[48;2;255;109;255m[38;2;235;97;228m▀[48;2;255;104;248m    [48;2;245;101;237m[38;2;255;104;248m▀[48;2;8;6;8m▀[48;2;245;101;237m[38;2;8;6;8m▀[48;2;255;104;248m[38;2;235;97;228m▀ [48;2;255;109;255m[38;2;255;104;248m▀[48;2;224;94;218m▀[48;2;8;6;8m[38;2;69;30;49m▀[48;2;43;39;56m[38;2;34;29;43m▀[48;2;50;46;61m [48;2;48;44;59m          [48;2;0;0;0m[38;2;48;44;59m▀                      [m
[48;2;0;0;0m   [48;2;76;70;69m[38;2;62;57;71m▀[48;2;8;6;8m[38;2;69;30;49m▀[48;2;255;104;248m[38;2;255;109;255m▀[38;2;8;6;8m▀  [38;2;255;109;255m▀      [48;2;245;101;237m[38;2;255;104;248m▀[48;2;8;6;8m[38;2;245;101;237m▀[48;2;255;104;248m[38;2;8;6;8m▀[38;2;245;101;237m▀  [48;2;255;109;255m[38;2;255;104;248m▀[48;2;211;90;206m[38;2;255;109;255m▀[48;2;8;6;8m[38;2;143;67;111m▀[48;2;38;34;53m[38;2;8;6;8m▀[48;2;50;46;61m [48;2;48;44;59m        [48;2;50;46;61m [48;2;43;39;56m [48;2;0;0;0m[38;2;48;44;59m▀                       [m
[48;2;0;0;0m  [48;2;8;6;8m[38;2;54;49;63m▀[48;2;255;104;248m[38;2;8;6;8m▀          [48;2;8;6;8m[38;2;255;104;248m▀[48;2;235;97;228m[38;2;8;6;8m▀[48;2;255;104;248m▀   [48;2;255;109;255m[38;2;255;104;248m▀[48;2;211;90;206m[38;2;255;109;255m▀[48;2;34;29;43m[38;2;235;97;228m▀[48;2;37;43;27m[38;2;34;29;43m▀[48;2;43;39;56m[38;2;8;6;8m▀[48;2;50;46;61m [48;2;48;44;59m        [48;2;38;34;53m[38;2;50;46;61m▀[48;2;0;0;0m[38;2;38;34;53m▀                         [m
[48;2;0;0;0m [48;2;8;6;8m[38;2;104;66;111m▀[48;2;255;104;248m          [48;2;224;94;218m[38;2;255;104;248m▀[48;2;235;97;228m[38;2;8;6;8m▀[48;2;255;104;248m[38;2;235;97;228m▀ [48;2;255;109;255m[38;2;255;104;248m▀▀[48;2;211;90;206m[38;2;255;109;255m▀[48;2;69;30;49m▀[48;2;8;6;8m[38;2;155;68;150m▀[48;2;25;22;36m[38;2;8;6;8m▀[48;2;130;116;48m[38;2;66;58;48m▀[48;2;160;143;48m[38;2;190;170;47m▀[48;2;25;22;36m[38;2;34;29;43m▀[48;2;50;46;61m [48;2;48;44;59m      [48;2;34;29;43m[38;2;48;44;59m▀[48;2;79;87;105m[38;2;62;57;71m▀[48;2;0;0;0m[38;2;54;49;63m▀                          [m
[48;2;54;49;63m[38;2;62;57;71m▀[48;2;245;101;237m[38;2;224;94;218m▀[48;2;255;104;248m      [48;2;255;109;255m[38;2;255;104;248m▀[48;2;224;94;218m[38;2;255;109;255m▀[48;2;174;77;169m[38;2;255;104;248m▀[38;2;8;6;8m▀[38;2;255;104;248m▀[38;2;255;109;255m▀[48;2;155;68;150m▀[48;2;69;30;49m▀[48;2;8;6;8m[38;2;211;90;206m▀[38;2;116;49;92m▀[48;2;18;25;19m[38;2;8;6;8m▀[48;2;43;39;56m▀[48;2;50;46;61m[38;2;38;34;53m▀[48;2;38;34;53m [48;2;190;170;47m[38;2;160;143;48m▀[48;2;93;81;47m[38;2;130;116;48m▀[48;2;38;34;53m[38;2;34;29;43m▀[48;2;48;44;59m[38;2;50;46;61m▀     [48;2;43;39;56m[38;2;48;44;59m▀[48;2;62;57;71m▀[48;2;54;49;63m[38;2;76;70;69m▀[48;2;0;0;0m                           [m
[48;2;43;39;56m[38;2;50;46;61m▀[48;2;127;78;137m[38;2;211;90;206m▀[48;2;255;109;255m [38;2;255;104;248m▀▀▀[48;2;255;104;248m [48;2;174;77;169m[38;2;255;109;255m▀[48;2;48;44;59m[38;2;197;84;192m▀[48;2;33;38;47m[38;2;31;16;19m▀[48;2;43;39;56m[38;2;8;6;8m▀[48;2;48;44;59m▀▀[48;2;38;34;53m▀[48;2;160;143;48m[38;2;18;25;19m▀[48;2;130;116;48m▀[48;2;38;34;53m[38;2;34;29;43m▀[48;2;50;46;61m[38;2;43;39;56m▀[48;2;48;44;59m[38;2;50;46;61m▀▀[48;2;43;39;56m[38;2;48;44;59m▀[48;2;76;70;69m[38;2;50;46;61m▀[48;2;190;170;47m [48;2;34;29;43m[38;2;66;58;48m▀[48;2;48;44;59m[38;2;43;39;56m▀      ▀[48;2;43;39;56m[38;2;62;57;71m▀[48;2;62;57;71m [48;2;0;0;0m                           [m
[48;2;0;0;0m [48;2;62;57;71m[38;2;84;57;86m▀[48;2;54;49;63m[38;2;197;84;192m▀[48;2;48;44;59m[38;2;235;97;228m▀[48;2;43;39;56m[38;2;197;84;192m▀[48;2;33;38;47m[38;2;155;68;150m▀[48;2;43;39;56m[38;2;84;57;86m▀[48;2;48;44;59m[38;2;33;38;47m▀ [38;2;50;46;61m▀▀  [38;2;43;39;56m▀[48;2;38;34;53m[38;2;76;70;69m▀[48;2;160;143;48m[38;2;190;170;47m▀[48;2;130;116;48m[38;2;50;46;61m▀[48;2;38;34;53m[38;2;48;44;59m▀[48;2;48;44;59m  [48;2;38;34;53m [48;2;190;170;47m[38;2;130;116;48m▀[48;2;93;81;47m[38;2;160;143;48m▀[48;2;38;34;53m[38;2;25;22;36m▀[48;2;50;46;61m [48;2;48;44;59m       [48;2;43;39;56m[38;2;38;34;53m▀[48;2;79;87;105m[38;2;76;70;69m▀[48;2;0;0;0m                           [m
[48;2;0;0;0m  [38;2;48;44;59m▀▀▀▀[38;2;43;39;56m▀[48;2;38;34;53m[38;2;48;44;59m▀[48;2;50;46;61m▀[48;2;48;44;59m     [38;2;43;39;56m▀[48;2;38;34;53m[38;2;76;70;69m▀[48;2;160;143;48m[38;2;219;196;44m▀[48;2;219;196;44m[38;2;66;58;48m▀[48;2;62;57;71m[38;2;38;34;53m▀[48;2;43;39;56m [48;2;190;170;47m[38;2;76;70;69m▀[48;2;130;116;48m[38;2;190;170;47m▀[48;2;25;22;36m[38;2;34;29;43m▀[48;2;50;46;61m[38;2;48;44;59m▀[48;2;48;44;59m        [48;2;50;46;61m▀[48;2;38;34;53m[38;2;43;39;56m▀[48;2;0;0;0m                           [m
[48;2;0;0;0m       [48;2;38;34;53m [48;2;50;46;61m [48;2;48;44;59m      [38;2;43;39;56m▀[48;2;43;39;56m [38;2;190;170;47m▀[48;2;160;143;48m[38;2;240;214;44m▀[48;2;219;196;44m▀[48;2;34;29;43m[38;2;190;170;47m▀[48;2;38;34;53m[38;2;34;29;43m▀[48;2;50;46;61m[38;2;43;39;56m▀[48;2;48;44;59m         [48;2;50;46;61m [48;2;38;34;53m [48;2;0;0;0m                           [m
[48;2;0;0;0m       [48;2;43;39;56m [48;2;50;46;61m [48;2;48;44;59m      [48;2;43;39;56m[38;2;48;44;59m▀[48;2;38;34;53m▀[48;2;130;116;48m[38;2;38;34;53m▀[48;2;255;232;44m[38;2;190;170;47m▀[38;2;240;214;44m▀[48;2;190;170;47m[38;2;66;58;48m▀[48;2;48;44;59m[38;2;43;39;56m▀[48;2;38;34;53m[38;2;48;44;59m▀[48;2;48;44;59m         [48;2;50;46;61m [48;2;38;34;53m [48;2;0;0;0m                           [m
[48;2;0;0;0m      [48;2;48;44;59m[38;2;0;0;0m▀[38;2;43;39;56m▀[38;2;50;46;61m▀     [48;2;54;49;63m[38;2;48;44;59m▀[48;2;190;170;47m[38;2;93;81;47m▀[48;2;255;232;44m[38;2;190;170;47m▀    [38;2;219;196;44m▀[48;2;240;214;44m[38;2;130;116;48m▀[48;2;93;81;47m[38;2;54;49;63m▀[48;2;43;39;56m[38;2;48;44;59m▀[48;2;48;44;59m       [48;2;50;46;61m [48;2;48;44;59m[38;2;43;39;56m▀[38;2;0;0;0m▀[48;2;0;0;0m                          [m
[48;2;0;0;0m      [48;2;43;39;56m [48;2;48;44;59m        [38;2;38;34;53m▀[48;2;38;34;53m[38;2;93;81;47m▀[48;2;66;58;48m[38;2;219;196;44m▀[48;2;240;214;44m[38;2;255;232;44m▀[48;2;255;232;44m [48;2;130;116;48m[38;2;240;214;44m▀[48;2;8;6;8m[38;2;130;116;48m▀[48;2;38;34;53m[38;2;34;29;43m▀[48;2;50;46;61m[38;2;25;22;36m▀[48;2;48;44;59m        [38;2;50;46;61m▀[48;2;50;46;61m[38;2;43;39;56m▀[48;2;43;39;56m[38;2;48;44;59m▀[48;2;0;0;0m                          [m
[48;2;0;0;0m      [48;2;38;34;53m[38;2;43;39;56m▀[48;2;50;46;61m [48;2;48;44;59m         [48;2;43;39;56m[38;2;38;34;53m▀[48;2;66;58;48m[38;2;160;143;48m▀[48;2;93;81;47m[38;2;219;196;44m▀[48;2;25;22;36m[38;2;34;29;43m▀[48;2;50;46;61m[38;2;43;39;56m▀[48;2;48;44;59m[38;2;50;46;61m▀          [48;2;50;46;61m [48;2;38;34;53m[38;2;43;39;56m▀[48;2;0;0;0m                          [m
[48;2;0;0;0m      [38;2;38;34;53m▀[38;2;50;46;61m▀[38;2;48;44;59m▀▀▀▀▀▀▀▀▀▀▀[38;2;38;34;53m▀[38;2;48;44;59m▀▀▀▀▀▀▀▀▀▀▀▀▀[38;2;50;46;61m▀[38;2;38;34;53m▀                          [m
