[48;2;0;0;0m                                                        [48;2;84;57;86m[38;2;0;0;0m▀[48;2;174;115;202m[38;2;50;46;61m▀[48;2;215;140;255m[38;2;145;90;157m▀[38;2;207;135;243m▀[48;2;174;115;202m [m
[48;2;0;0;0m                                                      [48;2;84;57;86m[38;2;0;0;0m▀[48;2;207;135;243m[38;2;84;57;86m▀[48;2;215;140;255m[38;2;199;130;234m▀  [48;2;174;115;202m[38;2;215;140;255m▀[48;2;48;44;59m[38;2;127;78;137m▀[m
[48;2;0;0;0m                                                    [48;2;62;57;71m[38;2;0;0;0m▀[48;2;190;124;224m[38;2;84;57;86m▀[48;2;215;140;255m[38;2;199;130;234m▀   [48;2;153;101;171m[38;2;207;135;243m▀[38;2;84;57;86m▀[48;2;199;130;234m[38;2;54;49;63m▀[m
[48;2;0;0;0m                                                  [48;2;62;57;71m[38;2;0;0;0m▀[48;2;174;115;202m[38;2;50;46;61m▀[48;2;215;140;255m[38;2;174;115;202m▀     [48;2;207;135;243m[38;2;215;140;255m▀[48;2;104;66;111m▀[48;2;0;0;0m[38;2;127;78;137m▀[m
[48;2;0;0;0m                                                [48;2;127;78;137m[38;2;0;0;0m▀[48;2;207;135;243m[38;2;84;57;86m▀[48;2;215;140;255m[38;2;190;124;224m▀    [48;2;207;135;243m[38;2;215;140;255m▀[48;2;145;90;157m▀[48;2;50;46;61m[38;2;174;115;202m▀[48;2;0;0;0m[38;2;84;57;86m▀  [m
[48;2;0;0;0m                                             [48;2;104;66;111m[38;2;0;0;0m▀[48;2;199;130;234m[38;2;62;57;71m▀[48;2;215;140;255m[38;2;174;115;202m▀    [48;2;153;101;171m[38;2;215;140;255m▀[48;2;62;57;71m[38;2;207;135;243m▀[48;2;0;0;0m[38;2;145;90;157m▀[38;2;62;57;71m▀     [m
[48;2;0;0;0m             [48;2;54;49;63m[38;2;0;0;0m▀[48;2;50;46;61m▀[48;2;0;0;0m                          [48;2;50;46;61m▀[48;2;127;78;137m▀[48;2;199;130;234m[38;2;62;57;71m▀[48;2;215;140;255m[38;2;153;101;171m▀    [48;2;174;115;202m[38;2;215;140;255m▀[48;2;62;57;71m[38;2;199;130;234m▀[48;2;0;0;0m[38;2;104;66;111m▀         [m
[48;2;0;0;0m        [48;2;38;34;53m[38;2;0;0;0m▀[48;2;8;6;8m▀[48;2;31;16;19m[38;2;34;29;43m▀[48;2;104;66;111m[38;2;31;16;19m▀[48;2;153;101;171m[38;2;8;6;8m▀[48;2;174;115;202m▀[48;2;153;101;171m▀[48;2;145;90;157m▀[48;2;84;57;86m[38;2;25;22;36m▀[48;2;8;6;8m[38;2;38;34;53m▀[38;2;48;44;59m▀[48;2;34;29;43m[38;2;0;0;0m▀[48;2;0;0;0m                  [48;2;62;57;71m▀[48;2;153;101;171m▀[48;2;215;140;255m[38;2;84;57;86m▀[38;2;174;115;202m▀     [48;2;127;78;137m[38;2;215;140;255m▀[48;2;0;0;0m[38;2;145;90;157m▀[38;2;50;46;61m▀           [m
[48;2;0;0;0m      [48;2;38;34;53m[38;2;0;0;0m▀[48;2;8;6;8m[38;2;34;29;43m▀[48;2;127;78;137m[38;2;8;6;8m▀[48;2;228;148;255m[38;2;104;66;111m▀[38;2;199;130;234m▀  [48;2;220;143;255m [48;2;215;140;255m[38;2;228;148;255m▀[48;2;220;143;255m▀[48;2;199;130;234m▀[48;2;207;135;243m[38;2;199;130;234m▀[48;2;228;148;255m[38;2;127;78;137m▀[48;2;199;130;234m[38;2;31;16;19m▀[48;2;84;57;86m[38;2;18;25;19m▀[48;2;8;6;8m[38;2;43;39;56m▀[48;2;25;22;36m[38;2;0;0;0m▀[48;2;0;0;0m       [48;2;48;44;59m▀[48;2;50;46;61m▀[48;2;54;49;63m▀[48;2;0;0;0m  [48;2;104;66;111m▀[48;2;190;124;224m[38;2;54;49;63m▀[48;2;215;140;255m[38;2;127;78;137m▀[38;2;207;135;243m▀     [48;2;199;130;234m[38;2;215;140;255m▀[48;2;104;66;111m[38;2;207;135;243m▀[48;2;0;0;0m[38;2;104;66;111m▀              [m
[48;2;0;0;0m     [48;2;62;57;71m[38;2;50;46;61m▀[48;2;31;16;19m[38;2;8;6;8m▀[48;2;215;140;255m[38;2;104;66;111m▀[48;2;220;143;255m[38;2;228;148;255m▀[48;2;84;57;86m▀[48;2;8;6;8m[38;2;174;115;202m▀[48;2;18;25;19m[38;2;127;78;137m▀▀[48;2;25;22;36m[38;2;199;130;234m▀[48;2;199;130;234m[38;2;220;143;255m▀[48;2;220;143;255m[38;2;215;140;255m▀[48;2;38;34;53m[38;2;43;39;56m▀[48;2;8;6;8m[38;2;25;22;36m▀[48;2;153;101;171m[38;2;199;130;234m▀[48;2;228;148;255m [48;2;215;140;255m[38;2;228;148;255m▀[48;2;228;148;255m[38;2;153;101;171m▀[48;2;199;130;234m[38;2;31;16;19m▀[48;2;8;6;8m[38;2;25;22;36m▀[38;2;54;49;63m▀[48;2;127;78;137m[38;2;0;0;0m▀[48;2;8;6;8m▀[48;2;220;143;255m[38;2;62;57;71m▀[38;2;127;78;137m▀[38;2;8;6;8m▀[48;2;228;148;255m▀[38;2;190;124;224m▀[48;2;207;135;243m [48;2;174;115;202m[38;2;153;101;171m▀[48;2;48;44;59m[38;2;62;57;71m▀[48;2;145;90;157m[38;2;190;124;224m▀[48;2;228;148;255m[38;2;220;143;255m▀[48;2;215;140;255m     [48;2;190;124;224m[38;2;215;140;255m▀[48;2;84;57;86m[38;2;199;130;234m▀[48;2;0;0;0m[38;2;84;57;86m▀                [m
[48;2;0;0;0m    [48;2;54;49;63m[38;2;0;0;0m▀[48;2;8;6;8m[38;2;34;29;43m▀[48;2;84;57;86m[38;2;127;78;137m▀[48;2;153;101;171m[38;2;255;147;255m▀[48;2;84;57;86m[38;2;127;78;137m▀[48;2;45;61;39m[38;2;8;6;8m▀[48;2;132;148;111m[38;2;95;123;85m▀[48;2;118;142;102m[38;2;132;148;111m▀[48;2;132;148;111m [48;2;75;101;71m[38;2;18;25;19m▀[48;2;25;22;36m[38;2;104;66;111m▀[48;2;207;135;243m[38;2;228;148;255m▀[48;2;228;148;255m[38;2;174;115;202m▀[38;2;104;66;111m▀[48;2;220;143;255m[38;2;199;130;234m▀[48;2;8;6;8m[38;2;220;143;255m▀[38;2;215;140;255m▀[48;2;215;140;255m[38;2;8;6;8m▀▀[48;2;220;143;255m[38;2;207;135;243m▀[38;2;190;124;224m▀[48;2;215;140;255m  [48;2;228;148;255m[38;2;215;140;255m▀[48;2;199;130;234m[38;2;220;143;255m▀[48;2;84;57;86m[38;2;207;135;243m▀[48;2;34;29;43m[38;2;145;90;157m▀[48;2;33;38;47m[38;2;104;66;111m▀[48;2;43;39;56m[38;2;62;57;71m▀[48;2;48;44;59m[38;2;43;39;56m▀[38;2;33;38;47m▀[48;2;54;49;63m[38;2;104;66;111m▀[48;2;199;130;234m[38;2;220;143;255m▀[48;2;220;143;255m[38;2;215;140;255m▀[48;2;215;140;255m  [48;2;190;124;224m▀[48;2;84;57;86m[38;2;190;124;224m▀[48;2;0;0;0m[38;2;84;57;86m▀                  [m
[48;2;0;0;0m    [48;2;50;46;61m[38;2;54;49;63m▀[48;2;8;6;8m [48;2;34;29;43m[38;2;8;6;8m▀[48;2;8;6;8m [48;2;104;66;111m[38;2;31;16;19m▀[48;2;25;22;36m[38;2;37;43;27m▀[48;2;118;142;102m[38;2;132;148;111m▀  [48;2;132;148;111m[38;2;118;142;102m▀[48;2;45;61;39m[38;2;18;25;19m▀[48;2;8;6;8m[38;2;153;101;171m▀[38;2;228;148;255m▀ [48;2;215;140;255m[38;2;8;6;8m▀     [48;2;8;6;8m[38;2;215;140;255m▀▀[48;2;174;115;202m[38;2;8;6;8m▀[48;2;25;22;36m▀[48;2;34;29;43m[38;2;84;57;86m▀[48;2;50;46;61m[38;2;33;38;47m▀[48;2;48;44;59m     [48;2;43;39;56m▀[48;2;84;57;86m[38;2;153;101;171m▀[48;2;220;143;255m[38;2;228;148;255m▀[48;2;199;130;234m[38;2;215;140;255m▀[48;2;84;57;86m[38;2;199;130;234m▀[48;2;0;0;0m[38;2;84;57;86m▀                    [m
[48;2;0;0;0m     [48;2;25;22;36m[38;2;8;6;8m▀[48;2;127;78;137m [48;2;228;148;255m[38;2;199;130;234m▀[38;2;220;143;255m▀[48;2;145;90;157m[38;2;38;34;53m▀[48;2;8;6;8m[38;2;57;78;55m▀[48;2;118;142;102m[38;2;132;148;111m▀[48;2;8;6;8m[38;2;118;142;102m▀[48;2;132;148;111m▀[48;2;178;140;183m[38;2;8;6;8m▀[48;2;199;130;234m▀[48;2;215;140;255m[38;2;220;143;255m▀    [48;2;8;6;8m[38;2;215;140;255m▀[48;2;199;130;234m[38;2;8;6;8m▀[48;2;215;140;255m▀[38;2;190;124;224m▀▀[48;2;228;148;255m▀[48;2;50;46;61m[38;2;25;22;36m▀[48;2;34;29;43m▀[48;2;50;46;61m [48;2;48;44;59m      [48;2;43;39;56m[38;2;50;46;61m▀[48;2;62;57;71m[38;2;174;115;202m▀[48;2;0;0;0m[38;2;104;66;111m▀                      [m
[48;2;0;0;0m     [48;2;38;34;53m[38;2;34;29;43m▀[48;2;104;66;111m [48;2;8;6;8m[38;2;228;148;255m▀[38;2;215;140;255m▀▀[48;2;190;124;224m[38;2;8;6;8m▀[48;2;199;130;234m[38;2;76;70;69m▀[48;2;220;143;255m[38;2;178;140;183m▀[48;2;215;140;255m[38;2;207;135;243m▀[38;2;220;143;255m▀▀  [48;2;207;135;243m[38;2;215;140;255m▀[48;2;8;6;8m▀[48;2;207;135;243m[38;2;8;6;8m▀[48;2;215;140;255m[38;2;199;130;234m▀[38;2;220;143;255m▀  [48;2;220;143;255m[38;2;215;140;255m▀[48;2;199;130;234m[38;2;220;143;255m▀[48;2;31;16;19m[38;2;43;39;56m▀[48;2;38;34;53m[38;2;34;29;43m▀[48;2;50;46;61m [48;2;48;44;59m        [48;2;0;0;0m[38;2;50;46;61m▀                      [m
[48;2;0;0;0m   [48;2;50;46;61m[38;2;0;0;0m▀[48;2;8;6;8m▀[48;2;190;124;224m[38;2;48;44;59m▀[48;2;215;140;255m[38;2;8;6;8m▀[38;2;228;148;255m▀  [38;2;220;143;255m▀▀   [48;2;220;143;255m[38;2;215;140;255m▀[48;2;207;135;243m[38;2;220;143;255m▀[48;2;8;6;8m[38;2;207;135;243m▀[48;2;215;140;255m[38;2;8;6;8m▀[38;2;207;135;243m▀[38;2;220;143;255m▀   [48;2;220;143;255m[38;2;215;140;255m▀[48;2;207;135;243m[38;2;228;148;255m▀[48;2;34;29;43m[38;2;145;90;157m▀[38;2;8;6;8m▀[48;2;50;46;61m [48;2;48;44;59m      [48;2;50;46;61m [48;2;43;39;56m [48;2;0;0;0m[38;2;48;44;59m▀                       [m
[48;2;0;0;0m  [48;2;8;6;8m[38;2;50;46;61m▀[48;2;215;140;255m[38;2;8;6;8m▀ [38;2;220;143;255m▀       [48;2;220;143;255m[38;2;215;140;255m▀[48;2;8;6;8m▀[48;2;190;124;224m[38;2;8;6;8m▀[48;2;215;140;255m▀     [48;2;228;148;255m[38;2;215;140;255m▀[48;2;215;140;255m[38;2;220;143;255m▀[48;2;84;57;86m▀[48;2;8;6;8m[38;2;84;57;86m▀[48;2;48;44;59m[38;2;8;6;8m▀[48;2;50;46;61m [48;2;48;44;59m      [48;2;38;34;53m[38;2;50;46;61m▀[48;2;0;0;0m[38;2;38;34;53m▀                         [m
[48;2;0;0;0m [48;2;8;6;8m[38;2;79;87;105m▀[48;2;215;140;255m          [48;2;190;124;224m[38;2;215;140;255m▀[48;2;199;130;234m[38;2;8;6;8m▀[48;2;220;143;255m[38;2;199;130;234m▀[48;2;215;140;255m   [48;2;220;143;255m[38;2;215;140;255m▀[48;2;228;148;255m▀[48;2;207;135;243m[38;2;220;143;255m▀[48;2;104;66;111m[38;2;228;148;255m▀[48;2;8;6;8m[38;2;174;115;202m▀[48;2;18;25;19m[38;2;38;34;53m▀[48;2;38;34;53m[38;2;8;6;8m▀[48;2;50;46;61m[38;2;43;39;56m▀[48;2;48;44;59m[38;2;50;46;61m▀     [48;2;34;29;43m[38;2;48;44;59m▀[48;2;79;87;105m[38;2;62;57;71m▀[48;2;0;0;0m[38;2;54;49;63m▀                          [m
[48;2;54;49;63m[38;2;62;57;71m▀[48;2;207;135;243m[38;2;190;124;224m▀[48;2;215;140;255m      [48;2;228;148;255m[38;2;215;140;255m▀[48;2;174;115;202m[38;2;220;143;255m▀[48;2;145;90;157m▀[48;2;207;135;243m[38;2;8;6;8m▀ [48;2;199;130;234m[38;2;220;143;255m▀[48;2;190;124;224m▀▀[48;2;174;115;202m▀[48;2;127;78;137m[38;2;228;148;255m▀[48;2;25;22;36m[38;2;215;140;255m▀[48;2;8;6;8m[38;2;145;90;157m▀[38;2;25;22;36m▀[48;2;34;29;43m[38;2;8;6;8m▀[48;2;190;170;47m[38;2;130;116;48m▀[48;2;93;81;47m▀[48;2;38;34;53m[38;2;34;29;43m▀[48;2;50;46;61m [48;2;48;44;59m     [48;2;43;39;56m[38;2;48;44;59m▀[48;2;62;57;71m▀[48;2;54;49;63m[38;2;76;70;69m▀[48;2;0;0;0m                           [m
[48;2;43;39;56m[38;2;50;46;61m▀[48;2;127;78;137m[38;2;190;124;224m▀[48;2;228;148;255m[38;2;220;143;255m▀[48;2;220;143;255m[38;2;215;140;255m▀▀[48;2;228;148;255m▀[48;2;220;143;255m▀[48;2;153;101;171m[38;2;228;148;255m▀[48;2;48;44;59m[38;2;174;115;202m▀[48;2;38;34;53m[38;2;34;29;43m▀[48;2;33;38;47m[38;2;8;6;8m▀[48;2;34;29;43m[38;2;25;22;36m▀▀[48;2;25;22;36m[38;2;31;16;19m▀[48;2;130;116;48m[38;2;8;6;8m▀▀[48;2;25;22;36m▀[48;2;48;44;59m▀[48;2;50;46;61m[38;2;18;25;19m▀[38;2;34;29;43m▀[48;2;43;39;56m[38;2;48;44;59m▀[48;2;76;70;69m[38;2;50;46;61m▀[48;2;190;170;47m [48;2;34;29;43m[38;2;66;58;48m▀[48;2;48;44;59m[38;2;43;39;56m▀      ▀[48;2;43;39;56m[38;2;62;57;71m▀[48;2;62;57;71m [48;2;0;0;0m                           [m
[48;2;0;0;0m [48;2;62;57;71m[38;2;61;73;86m▀[48;2;54;49;63m[38;2;174;115;202m▀[48;2;48;44;59m[38;2;199;130;234m▀[48;2;43;39;56m[38;2;174;115;202m▀[48;2;33;38;47m[38;2;145;90;157m▀[48;2;43;39;56m[38;2;84;57;86m▀[48;2;48;44;59m[38;2;33;38;47m▀[38;2;43;39;56m▀[38;2;50;46;61m▀▀▀▀ [48;2;38;34;53m[38;2;66;58;48m▀[48;2;160;143;48m[38;2;219;196;44m▀[48;2;130;116;48m[38;2;54;49;63m▀[48;2;38;34;53m[38;2;48;44;59m▀[48;2;48;44;59m  [48;2;38;34;53m [48;2;190;170;47m[38;2;130;116;48m▀[48;2;93;81;47m[38;2;160;143;48m▀[48;2;38;34;53m[38;2;25;22;36m▀[48;2;50;46;61m [48;2;48;44;59m       [48;2;43;39;56m[38;2;38;34;53m▀[48;2;79;87;105m[38;2;76;70;69m▀[48;2;0;0;0m                           [m
[48;2;0;0;0m  [38;2;48;44;59m▀▀▀▀[38;2;43;39;56m▀[48;2;38;34;53m[38;2;48;44;59m▀[48;2;50;46;61m▀[48;2;48;44;59m     [38;2;43;39;56m▀[48;2;38;34;53m[38;2;76;70;69m▀[48;2;160;143;48m[38;2;219;196;44m▀[48;2;219;196;44m[38;2;66;58;48m▀[48;2;62;57;71m[38;2;38;34;53m▀[48;2;43;39;56m [48;2;190;170;47m[38;2;76;70;69m▀[48;2;130;116;48m[38;2;190;170;47m▀[48;2;25;22;36m[38;2;34;29;43m▀[48;2;50;46;61m[38;2;48;44;59m▀[48;2;48;44;59m        [48;2;50;46;61m▀[48;2;38;34;53m[38;2;43;39;56m▀[48;2;0;0;0m                           [m
[48;2;0;0;0m       [48;2;38;34;53m [48;2;50;46;61m [48;2;48;44;59m      [38;2;43;39;56m▀[48;2;43;39;56m [38;2;190;170;47m▀[48;2;160;143;48m[38;2;240;214;44m▀[48;2;219;196;44m▀[48;2;34;29;43m[38;2;190;170;47m▀[48;2;38;34;53m[38;2;34;29;43m▀[48;2;50;46;61m[38;2;43;39;56m▀[48;2;48;44;59m         [48;2;50;46;61m [48;2;38;34;53m [48;2;0;0;0m                           [m
[48;2;0;0;0m       [48;2;43;39;56m [48;2;50;46;61m [48;2;48;44;59m      [48;2;43;39;56m[38;2;48;44;59m▀[48;2;38;34;53m▀[48;2;130;116;48m[38;2;38;34;53m▀[48;2;255;232;44m[38;2;190;170;47m▀[38;2;240;214;44m▀[48;2;190;170;47m[38;2;66;58;48m▀[48;2;48;44;59m[38;2;43;39;56m▀[48;2;38;34;53m[38;2;48;44;59m▀[48;2;48;44;59m         [48;2;50;46;61m [48;2;38;34;53m [48;2;0;0;0m                           [m
[48;2;0;0;0m      [48;2;48;44;59m[38;2;0;0;0m▀[38;2;43;39;56m▀[38;2;50;46;61m▀     [48;2;54;49;63m[38;2;48;44;59m▀[48;2;190;170;47m[38;2;93;81;47m▀[48;2;255;232;44m[38;2;190;170;47m▀    [38;2;219;196;44m▀[48;2;240;214;44m[38;2;130;116;48m▀[48;2;93;81;47m[38;2;54;49;63m▀[48;2;43;39;56m[38;2;48;44;59m▀[48;2;48;44;59m       [48;2;50;46;61m [48;2;48;44;59m[38;2;43;39;56m▀[38;2;0;0;0m▀[48;2;0;0;0m                          [m
[48;2;0;0;0m      [48;2;43;39;56m [48;2;48;44;59m        [38;2;38;34;53m▀[48;2;38;34;53m[38;2;93;81;47m▀[48;2;66;58;48m[38;2;219;196;44m▀[48;2;240;214;44m[38;2;255;232;44m▀[48;2;255;232;44m [48;2;130;116;48m[38;2;240;214;44m▀[48;2;8;6;8m[38;2;130;116;48m▀[48;2;38;34;53m[38;2;34;29;43m▀[48;2;50;46;61m[38;2;25;22;36m▀[48;2;48;44;59m        [38;2;50;46;61m▀[48;2;50;46;61m[38;2;43;39;56m▀[48;2;43;39;56m[38;2;48;44;59m▀[48;2;0;0;0m                          [m
[48;2;0;0;0m      [48;2;38;34;53m[38;2;43;39;56m▀[48;2;50;46;61m [48;2;48;44;59m         [48;2;43;39;56m[38;2;38;34;53m▀[48;2;66;58;48m[38;2;160;143;48m▀[48;2;93;81;47m[38;2;219;196;44m▀[48;2;25;22;36m[38;2;34;29;43m▀[48;2;50;46;61m[38;2;43;39;56m▀[48;2;48;44;59m[38;2;50;46;61m▀          [48;2;50;46;61m [48;2;38;34;53m[38;2;43;39;56m▀[48;2;0;0;0m                          [m
[48;2;0;0;0m      [38;2;38;34;53m▀[38;2;50;46;61m▀[38;2;48;44;59m▀▀▀▀▀▀▀▀▀▀▀[38;2;38;34;53m▀[38;2;48;44;59m▀▀▀▀▀▀▀▀▀▀▀▀▀[38;2;50;46;61m▀[38;2;38;34;53m▀                          [m
