[48;2;0;0;0m                  [48;2;255;255;255m[38;2;0;0;0m▀▀▀[48;2;220;228;213m▀[48;2;255;255;255m▀▀[48;2;220;228;213m▀[48;2;255;255;255m▀▀[48;2;0;0;0m        [m
[48;2;0;0;0m                [48;2;255;255;255m[38;2;0;0;0m▀[48;2;220;228;213m[38;2;255;255;255m▀[48;2;52;76;24m▀[38;2;220;228;213m▀   ▀[38;2;105;146;38m▀[38;2;220;228;213m▀[38;2;255;255;255m▀[48;2;220;228;213m[38;2;0;0;0m▀[48;2;0;0;0m       [m
[48;2;0;0;0m              [48;2;255;255;255m[38;2;0;0;0m▀[48;2;52;76;24m[38;2;255;255;255m▀ [48;2;105;146;38m[38;2;52;76;24m▀[48;2;52;76;24m[38;2;105;146;38m▀[48;2;105;146;38m[38;2;255;255;255m▀[48;2;255;255;255m [48;2;105;146;38m▀[48;2;52;76;24m▀▀▀[38;2;105;146;38m▀[48;2;105;146;38m[38;2;52;76;24m▀[48;2;52;76;24m [48;2;220;228;213m[38;2;255;255;255m▀[48;2;0;0;0m      [m
[48;2;0;0;0m             [48;2;220;228;213m[38;2;255;255;255m▀[48;2;52;76;24m [48;2;105;146;38m[38;2;52;76;24m▀[48;2;255;255;255m[38;2;105;146;38m▀▀[48;2;52;76;24m ▀[48;2;255;255;255m [48;2;52;76;24m [48;2;220;228;213m▀  [38;2;52;76;24m▀[48;2;52;76;24m   [48;2;220;228;213m[38;2;255;255;255m▀[48;2;0;0;0m     [m
[48;2;0;0;0m            [48;2;105;146;38m[38;2;255;255;255m▀[48;2;52;76;24m [48;2;105;146;38m[38;2;52;76;24m▀[48;2;255;255;255m      [48;2;52;76;24m [48;2;220;228;213m   [38;2;131;203;33m▀[48;2;52;76;24m [48;2;255;255;255m [38;2;52;76;24m▀[48;2;52;76;24m [48;2;220;228;213m[38;2;255;255;255m▀[48;2;0;0;0m    [m
[48;2;0;0;0m           [48;2;255;255;255m [48;2;52;76;24m  [48;2;255;255;255m       [48;2;52;76;24m [48;2;220;228;213m   [48;2;105;146;38m[38;2;220;228;213m▀[48;2;52;76;24m [48;2;255;255;255m  [48;2;105;146;38m[38;2;52;76;24m▀[48;2;52;76;24m [48;2;255;255;255m [48;2;0;0;0m   [m
[48;2;0;0;0m          [48;2;255;255;255m [48;2;52;76;24m  [48;2;255;255;255m        [48;2;105;146;38m [48;2;52;76;24m[38;2;105;146;38m▀[48;2;220;228;213m [48;2;105;146;38m[38;2;220;228;213m▀[48;2;52;76;24m [48;2;105;146;38m[38;2;255;255;255m▀[48;2;255;255;255m  [38;2;105;146;38m▀[48;2;52;76;24m [48;2;220;228;213m [48;2;0;0;0m   [m
[48;2;0;0;0m         [48;2;255;255;255m[38;2;0;0;0m▀[48;2;52;76;24m  [48;2;105;146;38m [38;2;255;255;255m▀[48;2;255;255;255m       [38;2;105;146;38m▀[48;2;105;146;38m[38;2;52;76;24m▀[48;2;52;76;24m  [48;2;105;146;38m▀[48;2;255;255;255m   [48;2;105;146;38m [48;2;52;76;24m [48;2;255;255;255m[38;2;220;228;213m▀[48;2;0;0;0m   [m
[48;2;0;0;0m       [48;2;255;255;255m[38;2;0;0;0m▀[48;2;52;76;24m[38;2;255;255;255m▀ [48;2;105;146;38m[38;2;52;76;24m▀[48;2;255;255;255m  [48;2;105;146;38m [48;2;255;255;255m         [38;2;105;146;38m▀▀    [48;2;52;76;24m [48;2;220;228;213m[38;2;52;76;24m▀[48;2;0;0;0m[38;2;255;255;255m▀   [m
[48;2;0;0;0m    [48;2;255;255;255m[38;2;0;0;0m▀[48;2;220;228;213m[38;2;255;255;255m▀[48;2;52;76;24m▀ [48;2;105;146;38m[38;2;52;76;24m▀[48;2;255;255;255m    [38;2;105;146;38m▀▀[48;2;105;146;38m  [38;2;255;255;255m▀▀[48;2;255;255;255m         [38;2;105;146;38m▀[48;2;52;76;24m [48;2;255;255;255m [48;2;0;0;0m    [m
[48;2;0;0;0m   [48;2;255;255;255m[38;2;0;0;0m▀[48;2;52;76;24m[38;2;220;228;213m▀ [48;2;105;146;38m [48;2;255;255;255m                     [38;2;105;146;38m▀[48;2;52;76;24m [48;2;255;255;255m [48;2;0;0;0m    [m
[48;2;0;0;0m [48;2;255;255;255m[38;2;0;0;0m▀[48;2;220;228;213m[38;2;255;255;255m▀[48;2;52;76;24m [48;2;105;146;38m[38;2;52;76;24m▀[48;2;255;255;255m                       [38;2;105;146;38m▀[48;2;52;76;24m [38;2;220;228;213m▀[48;2;0;0;0m    [m
[48;2;0;0;0m [38;2;255;255;255m▀[38;2;220;228;213m▀[38;2;52;76;24m▀▀▀▀▀▀▀▀▀▀▀▀▀▀▀▀▀▀▀▀▀▀▀▀▀▀▀▀    [m
