[48;2;0;0;0m                                   [m
[48;2;0;0;0m                                   [m
[48;2;0;0;0m            [48;2;254;254;254m[38;2;0;0;0m▀▀[48;2;252;252;252m▀▀[48;2;254;254;254m▀[48;2;0;0;0m                  [m
[48;2;0;0;0m         [48;2;254;254;254m[38;2;0;0;0m▀[48;2;129;125;126m[38;2;254;254;254m▀[48;2;39;51;37m[38;2;209;212;212m▀[48;2;103;188;104m[38;2;99;97;97m▀[48;2;124;221;124m[38;2;39;51;37m▀[48;2;133;242;134m[38;2;40;39;38m▀[48;2;138;247;138m[38;2;39;51;37m▀[48;2;127;230;127m[38;2;51;55;50m▀[48;2;72;136;73m[38;2;129;125;126m▀[48;2;40;39;38m[38;2;244;244;244m▀[48;2;244;244;244m[38;2;0;0;0m▀[48;2;252;252;252m▀[48;2;219;220;220m▀[48;2;205;207;206m▀▀[48;2;209;212;212m▀[48;2;244;244;244m▀[48;2;0;0;0m         [m
[48;2;0;0;0m        [48;2;228;227;227m[38;2;0;0;0m▀[48;2;34;37;29m[38;2;141;143;142m▀[48;2;140;255;140m[38;2;51;78;50m▀[48;2;58;101;58m[38;2;103;188;104m▀[48;2;2;1;1m[38;2;92;162;93m▀[48;2;127;230;127m[38;2;140;255;140m▀[48;2;72;136;73m▀[48;2;32;29;22m[38;2;72;136;73m▀[48;2;73;74;72m[38;2;58;101;58m▀[48;2;34;37;29m[38;2;124;221;124m▀[48;2;51;78;50m[38;2;72;136;73m▀[48;2;2;1;1m[38;2;51;55;50m▀[48;2;146;79;77m[38;2;63;64;60m▀[48;2;255;114;114m[38;2;75;28;28m▀[38;2;90;32;32m▀▀[38;2;75;28;28m▀[38;2;32;15;20m▀[48;2;90;32;32m[38;2;141;143;142m▀[48;2;108;108;108m[38;2;252;252;252m▀[48;2;254;254;254m[38;2;0;0;0m▀[48;2;0;0;0m      [m
[48;2;0;0;0m       [48;2;252;252;252m[38;2;0;0;0m▀[48;2;51;55;50m[38;2;123;125;125m▀[48;2;124;221;124m[38;2;92;162;93m▀[48;2;138;247;138m[38;2;148;255;148m▀[48;2;148;255;148m[38;2;92;162;93m▀[48;2;140;255;140m[38;2;39;51;37m▀[48;2;133;242;134m[38;2;127;230;127m▀[48;2;34;37;29m[38;2;39;51;37m▀[48;2;121;136;106m[38;2;113;126;97m▀[48;2;139;156;120m[38;2;148;166;127m▀[48;2;86;96;74m[38;2;72;85;64m▀[48;2;51;78;50m [48;2;148;255;148m[38;2;64;114;65m▀[48;2;21;33;26m[38;2;18;23;23m▀[48;2;135;57;59m[38;2;194;85;85m▀[48;2;255;114;114m [48;2;46;26;39m[38;2;219;93;93m▀[48;2;51;78;50m[38;2;109;50;50m▀[48;2;51;55;50m[38;2;135;57;59m▀[48;2;37;21;27m[38;2;194;85;85m▀[48;2;32;15;20m[38;2;2;1;1m▀[48;2;73;74;72m[38;2;194;197;196m▀[48;2;254;254;254m[38;2;0;0;0m▀[48;2;0;0;0m     [m
[48;2;0;0;0m       [48;2;200;200;199m[38;2;236;236;236m▀[48;2;51;78;50m[38;2;39;51;37m▀[48;2;148;255;148m[38;2;140;255;140m▀[48;2;140;255;140m   [48;2;148;255;148m[38;2;138;247;138m▀[48;2;51;78;50m[38;2;39;51;37m▀[48;2;86;96;74m[38;2;113;126;97m▀[48;2;148;166;127m[38;2;143;160;123m▀[48;2;73;74;72m[38;2;86;96;74m▀[48;2;64;114;65m[38;2;51;78;50m▀[48;2;148;255;148m [38;2;114;205;114m▀[48;2;92;162;93m[38;2;34;37;29m▀[48;2;2;1;1m[38;2;135;57;59m▀[48;2;63;64;60m[38;2;40;39;38m▀[48;2;139;156;120m[38;2;143;160;123m▀[38;2;134;151;116m▀[48;2;39;51;37m[38;2;32;29;22m▀[48;2;185;76;77m[38;2;194;85;85m▀[48;2;75;28;28m[38;2;57;40;40m▀[48;2;232;233;233m[38;2;246;247;247m▀[48;2;0;0;0m     [m
[48;2;0;0;0m       [48;2;132;133;133m[38;2;165;164;164m▀[48;2;72;136;73m[38;2;64;114;65m▀[48;2;148;255;148m [48;2;140;255;140m   [38;2;148;255;148m▀[38;2;92;162;93m▀[48;2;51;78;50m[38;2;40;39;38m▀[48;2;9;7;8m[38;2;125;142;109m▀[48;2;64;114;65m[38;2;32;29;22m▀[48;2;148;255;148m[38;2;114;205;114m▀[48;2;140;255;140m [38;2;148;255;148m▀[48;2;103;188;104m[38;2;114;205;114m▀[48;2;32;15;20m[38;2;18;23;23m▀[48;2;40;39;38m[38;2;63;64;60m▀[48;2;129;146;112m[38;2;136;154;118m▀[48;2;136;154;118m[38;2;139;156;120m▀[48;2;34;37;29m[38;2;39;51;37m▀[48;2;206;86;87m[38;2;185;76;77m▀[48;2;248;105;105m[38;2;135;57;59m▀[48;2;37;21;27m[38;2;132;133;133m▀[48;2;246;247;247m[38;2;0;0;0m▀[48;2;0;0;0m    [m
[48;2;0;0;0m       [48;2;234;234;233m[38;2;174;176;175m▀[48;2;21;33;26m[38;2;58;101;58m▀[48;2;133;235;133m[38;2;148;255;148m▀[48;2;140;255;140m     [38;2;124;221;124m▀[48;2;133;235;133m[38;2;39;51;37m▀[48;2;140;255;140m[38;2;124;221;124m▀   [48;2;138;247;138m[38;2;114;205;114m▀[48;2;39;51;37m[38;2;71;39;40m▀[48;2;109;50;50m[38;2;84;41;42m▀[48;2;32;29;22m[38;2;88;106;80m▀[48;2;18;23;23m▀[48;2;194;85;85m[38;2;61;30;30m▀[48;2;255;107;107m [48;2;255;114;114m [48;2;109;50;50m[38;2;90;32;32m▀[48;2;194;197;196m[38;2;209;212;212m▀[48;2;0;0;0m    [m
[48;2;0;0;0m       [48;2;238;238;237m[38;2;249;250;249m▀[48;2;34;37;29m[38;2;32;29;22m▀[48;2;9;16;11m[38;2;64;114;65m▀[48;2;72;136;73m[38;2;148;255;148m▀[48;2;148;255;148m[38;2;140;255;140m▀▀▀[48;2;140;255;140m        [48;2;148;255;148m[38;2;114;205;114m▀[48;2;133;242;134m[38;2;40;39;38m▀[48;2;64;114;65m[38;2;9;7;8m▀[48;2;46;26;39m[38;2;97;52;52m▀[48;2;221;103;104m[38;2;255;114;114m▀[48;2;255;107;107m [48;2;234;100;100m▀[48;2;37;21;27m[38;2;90;32;32m▀[48;2;246;247;247m[38;2;209;212;212m▀[48;2;0;0;0m    [m
[48;2;0;0;0m       [48;2;143;139;143m[38;2;231;231;231m▀[48;2;58;101;58m[38;2;21;33;26m▀[48;2;148;255;148m[38;2;124;221;124m▀[38;2;51;78;50m▀[48;2;114;205;114m[38;2;39;51;37m▀[48;2;64;114;65m[38;2;58;101;58m▀[48;2;103;188;104m [48;2;140;255;140m          [38;2;148;255;148m▀[48;2;148;255;148m[38;2;72;136;73m▀[48;2;51;78;50m[38;2;61;30;30m▀[48;2;135;57;59m[38;2;255;114;114m▀[48;2;61;30;30m[38;2;135;57;59m▀[48;2;236;236;236m[38;2;132;133;133m▀[48;2;0;0;0m     [m
[48;2;0;0;0m      [48;2;165;164;164m[38;2;240;241;240m▀[48;2;64;114;65m[38;2;34;37;29m▀[48;2;140;255;140m[38;2;133;235;133m▀[48;2;133;242;134m[38;2;148;255;148m▀[38;2;140;255;140m▀[38;2;148;255;148m▀▀▀[38;2;140;255;140m▀▀▀▀▀▀▀▀▀▀▀[48;2;138;247;138m[38;2;148;255;148m▀[48;2;124;221;124m[38;2;103;188;104m▀[48;2;18;23;23m[38;2;19;15;18m▀[48;2;165;164;164m[38;2;99;97;97m▀[48;2;0;0;0m[38;2;254;254;254m▀     [m
[48;2;0;0;0m      [38;2;141;140;139m▀[38;2;9;7;8m▀[38;2;21;33;26m▀▀▀▀▀▀▀▀▀▀▀▀▀▀▀▀▀▀▀[38;2;9;7;8m▀[38;2;216;216;215m▀      [m
