[48;2;0;0;0m                                   [m
[48;2;0;0;0m                                   [m
[48;2;0;0;0m                                   [m
[48;2;0;0;0m        [48;2;224;225;224m[38;2;0;0;0m▀[48;2;51;55;50m[38;2;254;254;254m▀[48;2;33;55;56m[38;2;236;236;236m▀[48;2;41;74;73m[38;2;230;229;229m▀[48;2;33;55;56m[38;2;231;231;231m▀[38;2;236;236;236m▀[48;2;27;38;44m[38;2;249;250;249m▀[48;2;99;97;97m[38;2;254;254;254m▀[48;2;224;225;224m[38;2;0;0;0m▀[48;2;209;212;212m▀[48;2;73;74;72m[38;2;254;254;254m▀[48;2;46;26;39m[38;2;236;236;236m▀[48;2;97;52;52m[38;2;194;197;196m▀[48;2;109;50;50m[38;2;183;186;186m▀[48;2;97;52;52m[38;2;194;197;196m▀[48;2;61;30;30m[38;2;224;225;224m▀[48;2;40;39;38m[38;2;252;252;252m▀[48;2;190;192;191m[38;2;0;0;0m▀[48;2;254;254;254m▀[48;2;0;0;0m        [m
[48;2;0;0;0m      [48;2;252;252;252m[38;2;0;0;0m▀[48;2;63;64;60m[38;2;228;227;227m▀[48;2;88;159;161m[38;2;18;23;23m▀[48;2;99;178;178m[38;2;105;194;195m▀[48;2;134;242;242m[38;2;147;255;255m▀[48;2;140;255;255m▀[48;2;135;238;236m▀[48;2;88;159;161m▀[48;2;99;178;178m[38;2;140;247;247m▀[48;2;147;255;255m[38;2;92;166;165m▀[48;2;99;178;178m[38;2;27;38;44m▀[48;2;37;45;52m[38;2;37;21;27m▀[48;2;34;37;29m[38;2;175;94;94m▀[48;2;97;52;52m[38;2;244;136;135m▀[48;2;255;147;146m [48;2;205;115;115m[38;2;255;152;151m▀[48;2;84;41;42m[38;2;255;156;155m▀[48;2;97;52;52m[38;2;255;152;151m▀[48;2;239;134;133m[38;2;216;119;119m▀[48;2;97;52;52m[38;2;37;21;27m▀[48;2;2;1;1m[38;2;165;164;164m▀[48;2;236;236;236m[38;2;0;0;0m▀[48;2;0;0;0m       [m
[48;2;0;0;0m     [48;2;254;254;254m[38;2;0;0;0m▀[48;2;73;74;72m[38;2;184;184;182m▀[48;2;114;203;203m[38;2;53;103;103m▀[48;2;120;213;214m[38;2;99;178;178m▀[48;2;19;15;18m[38;2;2;1;1m▀[48;2;99;178;178m[38;2;88;159;161m▀[48;2;114;203;203m[38;2;147;255;255m▀[48;2;34;37;29m[38;2;41;74;73m▀[48;2;139;156;120m[38;2;34;37;29m▀[48;2;125;142;109m[38;2;32;29;22m▀[48;2;19;15;18m[38;2;33;55;56m▀[48;2;53;103;103m[38;2;18;23;23m▀[48;2;126;224;224m[38;2;69;121;120m▀[48;2;27;38;44m[38;2;9;16;11m▀[48;2;160;90;90m[38;2;61;30;30m▀[48;2;194;107;107m[38;2;239;134;133m▀[48;2;40;39;38m[38;2;46;26;39m▀[48;2;143;160;123m[38;2;72;85;64m▀[48;2;136;154;118m[38;2;51;78;50m▀[48;2;34;37;29m[38;2;84;41;42m▀[48;2;203;111;112m[38;2;97;52;52m▀[48;2;233;130;130m[38;2;2;1;1m▀[48;2;46;26;39m[38;2;141;140;139m▀[48;2;244;244;244m[38;2;0;0;0m▀[48;2;0;0;0m      [m
[48;2;0;0;0m     [48;2;165;164;164m[38;2;230;229;229m▀[48;2;69;121;120m[38;2;33;55;56m▀[48;2;147;255;255m[38;2;140;255;255m▀[48;2;140;255;255m [38;2;140;247;247m▀[48;2;147;255;255m [48;2;88;159;161m [48;2;53;50;33m [48;2;136;154;118m[38;2;139;156;120m▀ [48;2;40;39;38m [48;2;99;178;178m[38;2;105;194;195m▀[48;2;147;255;255m [38;2;99;178;178m▀[48;2;41;74;73m[38;2;57;40;40m▀[48;2;113;66;64m[38;2;160;90;90m▀[48;2;39;51;37m [48;2;139;156;120m  [48;2;39;51;37m [48;2;160;90;90m[38;2;175;94;94m▀[48;2;255;152;151m[38;2;255;156;155m▀[48;2;183;99;99m[38;2;109;50;50m▀[48;2;108;108;108m[38;2;174;176;175m▀[48;2;0;0;0m      [m
[48;2;0;0;0m     [48;2;99;97;97m[38;2;108;108;108m▀[48;2;105;194;195m[38;2;99;178;178m▀[48;2;140;255;255m[38;2;147;255;255m▀   [38;2;114;203;203m▀[48;2;33;55;56m[38;2;34;37;29m▀[48;2;102;117;88m[38;2;134;151;116m▀▀[48;2;37;45;52m[38;2;34;37;29m▀[48;2;140;255;255m[38;2;114;203;203m▀ [48;2;147;255;255m [48;2;53;103;103m[38;2;69;121;120m▀[48;2;146;79;77m[38;2;113;66;64m▀[48;2;97;52;52m[38;2;57;40;40m▀[48;2;72;85;64m[38;2;125;142;109m▀[48;2;88;106;80m[38;2;136;154;118m▀[48;2;71;39;40m[38;2;34;37;29m▀[48;2;253;140;139m[38;2;203;111;112m▀[48;2;255;147;146m [48;2;175;94;94m[38;2;194;107;107m▀[48;2;108;108;108m[38;2;99;97;97m▀[48;2;0;0;0m      [m
[48;2;0;0;0m     [48;2;129;125;126m[38;2;99;97;97m▀[48;2;73;132;129m[38;2;99;178;178m▀[48;2;147;255;255m [48;2;140;255;255m   [38;2;147;255;255m▀[48;2;147;255;255m[38;2;92;166;165m▀[48;2;53;103;103m[38;2;32;29;22m▀[48;2;41;74;73m▀[48;2;147;255;255m[38;2;99;178;178m▀[48;2;140;255;255m[38;2;147;255;255m▀ [48;2;147;255;255m[38;2;140;255;255m▀[48;2;41;74;73m [48;2;160;90;90m[38;2;194;107;107m▀[48;2;255;156;155m[38;2;233;130;130m▀[48;2;160;90;90m[38;2;37;21;27m▀[48;2;97;52;52m[38;2;19;15;18m▀[48;2;255;147;146m[38;2;205;115;115m▀[48;2;253;140;139m[38;2;255;143;142m▀[48;2;244;136;135m[38;2;255;152;151m▀[48;2;46;26;39m[38;2;109;50;50m▀[48;2;240;241;240m[38;2;179;180;180m▀[48;2;0;0;0m      [m
[48;2;0;0;0m     [48;2;254;254;254m[38;2;216;216;215m▀[48;2;87;87;87m[38;2;33;55;56m▀[48;2;79;145;145m[38;2;147;255;255m▀[48;2;147;255;255m[38;2;140;255;255m▀[48;2;140;255;255m    [38;2;135;238;236m▀[38;2;120;213;214m▀   [38;2;147;255;255m▀[48;2;147;255;255m[38;2;99;178;178m▀[48;2;53;103;103m[38;2;46;26;39m▀[48;2;61;30;30m[38;2;245;141;140m▀[48;2;233;130;130m[38;2;255;147;146m▀[48;2;255;152;151m[38;2;244;136;135m▀[48;2;253;140;139m [48;2;255;147;146m [48;2;97;52;52m[38;2;175;94;94m▀[48;2;190;192;191m[38;2;99;97;97m▀[48;2;0;0;0m[38;2;254;254;254m▀      [m
[48;2;0;0;0m      [48;2;165;164;164m[38;2;188;188;187m▀[48;2;41;74;73m[38;2;2;1;1m▀[38;2;88;159;161m▀[38;2;147;255;255m▀[48;2;105;194;195m▀[48;2;126;224;224m[38;2;140;255;255m▀[48;2;140;255;255m         [48;2;147;255;255m[38;2;73;132;129m▀[48;2;120;213;214m[38;2;32;29;22m▀[48;2;53;103;103m[38;2;113;66;64m▀[48;2;21;33;26m[38;2;226;126;126m▀[48;2;113;66;64m[38;2;255;152;151m▀[48;2;57;40;40m[38;2;61;30;30m▀[48;2;234;234;233m[38;2;232;233;233m▀[48;2;0;0;0m       [m
[48;2;0;0;0m      [48;2;99;97;97m[38;2;129;125;126m▀[48;2;92;166;165m[38;2;88;159;161m▀[48;2;140;255;255m[38;2;147;255;255m▀[48;2;147;255;255m[38;2;79;145;145m▀[48;2;140;255;255m[38;2;41;54;72m▀[48;2;135;238;236m[38;2;41;74;73m▀ [48;2;134;242;242m[38;2;140;255;255m▀▀▀▀▀▀▀▀▀[38;2;147;255;255m▀▀[48;2;140;247;247m[38;2;134;242;242m▀[48;2;140;255;255m[38;2;53;103;103m▀[48;2;41;74;73m[38;2;9;7;8m▀[48;2;141;143;142m[38;2;219;220;220m▀[48;2;0;0;0m       [m
[48;2;0;0;0m      [38;2;123;125;125m▀[38;2;9;16;11m▀[38;2;21;33;26m▀▀▀[38;2;27;38;44m▀[38;2;21;33;26m▀▀▀▀▀▀▀▀▀▀▀▀▀[38;2;27;38;44m▀[38;2;18;23;23m▀[38;2;13;12;10m▀[38;2;236;236;236m▀      [m
