[48;2;0;0;0m                                   [m
[48;2;0;0;0m                                   [m
[48;2;0;0;0m               [48;2;249;250;249m[38;2;0;0;0m▀[48;2;190;191;193m▀[48;2;123;125;125m▀▀[48;2;153;154;155m▀[48;2;234;234;233m▀[48;2;0;0;0m              [m
[48;2;0;0;0m        [48;2;216;216;215m[38;2;0;0;0m▀[48;2;63;64;60m[38;2;254;254;254m▀[48;2;27;38;44m[38;2;238;238;237m▀[48;2;41;54;72m[38;2;228;227;227m▀[38;2;230;229;229m▀[48;2;37;45;52m[38;2;238;238;237m▀[48;2;9;7;8m[38;2;202;202;201m▀[48;2;64;62;41m[38;2;51;55;50m▀[48;2;237;210;141m[38;2;85;76;47m▀[48;2;255;236;154m[38;2;167;142;91m▀[48;2;255;228;149m▀[48;2;255;236;154m[38;2;126;108;68m▀[48;2;244;210;137m[38;2;32;29;22m▀[48;2;53;50;33m[38;2;153;154;155m▀[48;2;174;176;175m[38;2;254;254;254m▀[48;2;0;0;0m            [m
[48;2;0;0;0m      [48;2;200;200;199m[38;2;0;0;0m▀[48;2;24;23;32m[38;2;179;180;180m▀[48;2;133;173;231m[38;2;18;23;23m▀[48;2;155;201;255m[38;2;103;135;184m▀[48;2;139;181;255m[38;2;142;185;255m▀[48;2;142;185;255m [48;2;147;191;255m ▀[38;2;125;163;224m▀[48;2;155;201;255m[38;2;64;86;117m▀[48;2;89;119;166m[38;2;32;29;22m▀[48;2;18;23;23m[38;2;207;178;117m▀[48;2;51;55;50m[38;2;173;151;98m▀[48;2;21;33;26m[38;2;155;134;85m▀[48;2;85;76;47m[38;2;244;210;137m▀[48;2;99;86;56m[38;2;64;62;41m▀[48;2;64;62;41m[38;2;2;1;1m▀[48;2;63;64;60m[38;2;228;227;227m▀[48;2;216;216;215m[38;2;0;0;0m▀[48;2;254;254;254m▀[48;2;0;0;0m         [m
[48;2;0;0;0m    [48;2;254;254;254m[38;2;0;0;0m▀[48;2;108;108;108m[38;2;240;241;240m▀[48;2;79;103;138m[38;2;24;23;32m▀[48;2;155;201;255m[38;2;125;163;224m▀[48;2;64;86;117m[38;2;103;135;184m▀[48;2;2;1;1m[38;2;54;71;96m▀[48;2;112;146;201m[38;2;139;181;255m▀[48;2;41;54;72m[38;2;125;163;224m▀[48;2;64;62;41m[38;2;54;71;96m▀[48;2;72;85;64m[38;2;41;54;72m▀[48;2;37;45;52m[38;2;120;156;214m▀[48;2;79;103;138m▀[48;2;18;23;23m[38;2;79;103;138m▀[48;2;79;103;138m[38;2;37;45;52m▀[48;2;40;39;38m[38;2;113;126;97m▀[48;2;139;156;120m[38;2;143;160;123m▀[48;2;51;55;50m[38;2;34;37;29m▀[48;2;155;134;85m[38;2;207;178;117m▀[48;2;255;236;154m [48;2;188;164;106m[38;2;99;86;56m▀[48;2;67;35;54m[38;2;9;7;8m▀[48;2;131;53;96m[38;2;87;87;87m▀[48;2;63;64;60m[38;2;246;247;247m▀[48;2;254;254;254m[38;2;0;0;0m▀[48;2;0;0;0m       [m
[48;2;0;0;0m    [48;2;179;180;180m[38;2;238;238;237m▀[48;2;64;86;117m[38;2;27;38;44m▀[48;2;147;191;255m[38;2;137;178;245m▀[48;2;139;181;255m[38;2;147;191;255m▀[48;2;142;185;255m[38;2;112;146;201m▀[48;2;155;201;255m[38;2;54;71;96m▀[48;2;112;146;201m[38;2;103;135;184m▀[48;2;34;37;29m[38;2;40;39;38m▀[48;2;134;151;116m [48;2;139;156;120m[38;2;143;160;123m▀[48;2;64;62;41m[38;2;39;51;37m▀[48;2;79;103;138m[38;2;89;119;166m▀[48;2;155;201;255m[38;2;112;146;201m▀[48;2;142;185;255m[38;2;147;191;255m▀[48;2;125;163;224m[38;2;54;71;96m▀[48;2;40;39;38m[38;2;72;85;64m▀[48;2;39;51;37m[38;2;63;64;60m▀[48;2;167;142;91m[38;2;141;121;79m▀[48;2;255;228;149m [48;2;241;205;134m[38;2;225;193;125m▀[48;2;40;39;38m[38;2;32;29;22m▀[48;2;37;21;27m[38;2;67;35;54m▀[48;2;46;26;39m[38;2;2;1;1m▀[48;2;153;154;155m[38;2;216;216;215m▀[48;2;0;0;0m       [m
[48;2;0;0;0m    [48;2;132;133;133m[38;2;141;140;139m▀[48;2;89;119;166m [48;2;147;191;255m [48;2;139;181;255m  [38;2;142;185;255m▀[48;2;137;178;245m[38;2;120;156;214m▀[48;2;27;38;44m[38;2;34;37;29m▀[48;2;113;126;97m[38;2;130;147;113m▀[48;2;143;160;123m[38;2;136;154;118m▀[48;2;39;51;37m[38;2;64;62;41m▀[48;2;89;119;166m[38;2;79;103;138m▀[48;2;147;191;255m [48;2;139;181;255m [48;2;137;178;245m[38;2;139;181;255m▀[48;2;27;38;44m[38;2;37;45;52m▀[48;2;167;142;91m[38;2;40;39;38m▀[48;2;255;222;145m[38;2;231;199;130m▀[48;2;255;216;141m [48;2;255;213;139m [48;2;53;50;33m [48;2;13;12;10m[38;2;24;23;32m▀[48;2;206;86;150m[38;2;171;70;127m▀[48;2;95;38;89m[38;2;57;40;40m▀[48;2;188;188;187m[38;2;249;250;249m▀[48;2;0;0;0m      [m
[48;2;0;0;0m    [48;2;165;164;164m[38;2;141;140;139m▀[48;2;64;86;117m[38;2;89;119;166m▀[48;2;147;191;255m [48;2;139;181;255m   [48;2;142;185;255m[38;2;147;191;255m▀[48;2;135;176;243m[38;2;64;86;117m▀[48;2;37;45;52m[38;2;64;62;41m▀[48;2;9;7;8m[38;2;102;117;88m▀[48;2;103;135;184m[38;2;27;38;44m▀[48;2;147;191;255m[38;2;135;176;243m▀[48;2;139;181;255m[38;2;142;185;255m▀[48;2;142;185;255m [48;2;125;163;224m[38;2;120;156;214m▀[48;2;40;39;38m [48;2;231;199;130m[38;2;247;216;141m▀[48;2;255;216;141m [48;2;255;213;139m [48;2;255;222;145m[38;2;255;216;141m▀[48;2;85;76;47m[38;2;53;50;33m▀[48;2;93;40;71m[38;2;24;23;32m▀[48;2;255;108;185m[38;2;230;97;167m▀[48;2;247;103;178m[38;2;206;86;150m▀[48;2;46;26;39m[38;2;73;74;72m▀[48;2;251;251;251m[38;2;254;254;254m▀[48;2;0;0;0m     [m
[48;2;0;0;0m    [48;2;234;234;233m[38;2;205;207;206m▀[48;2;2;1;1m[38;2;41;54;72m▀[48;2;103;135;184m[38;2;147;191;255m▀[48;2;147;191;255m[38;2;139;181;255m▀[48;2;139;181;255m   [38;2;147;191;255m▀[48;2;142;185;255m[38;2;103;135;184m▀[48;2;137;178;245m[38;2;41;54;72m▀[48;2;139;181;255m[38;2;142;185;255m▀   [48;2;142;185;255m[38;2;147;191;255m▀[48;2;137;178;245m[38;2;54;71;96m▀[48;2;27;38;44m[38;2;99;86;56m▀[48;2;99;86;56m[38;2;255;228;149m▀[48;2;244;210;137m[38;2;255;216;141m▀[48;2;255;228;149m [48;2;247;216;141m[38;2;155;134;85m▀[48;2;39;51;37m[38;2;82;37;63m▀[48;2;187;88;141m[38;2;255;113;193m▀[48;2;255;108;185m [48;2;46;26;39m [48;2;251;251;251m[38;2;246;247;247m▀[48;2;0;0;0m     [m
[48;2;0;0;0m    [48;2;254;254;254m[38;2;244;244;244m▀[48;2;73;74;72m[38;2;9;7;8m▀[48;2;64;86;117m[38;2;18;23;23m▀[48;2;27;38;44m[38;2;120;156;214m▀[48;2;79;103;138m[38;2;147;191;255m▀[48;2;133;173;231m[38;2;142;185;255m▀[48;2;139;181;255m   ▀     ▀[48;2;142;185;255m[38;2;137;178;245m▀[48;2;147;191;255m[38;2;54;71;96m▀[48;2;112;146;201m[38;2;32;29;22m▀[48;2;54;71;96m[38;2;126;108;68m▀[48;2;24;23;32m[38;2;241;205;134m▀[48;2;105;95;57m[38;2;188;164;106m▀[48;2;64;62;41m[38;2;67;35;54m▀[48;2;19;15;18m[38;2;181;76;133m▀[48;2;200;200;199m[38;2;87;87;87m▀[48;2;0;0;0m[38;2;254;254;254m▀     [m
[48;2;0;0;0m     [48;2;249;250;249m[38;2;184;184;182m▀[48;2;37;45;52m[38;2;64;86;117m▀[48;2;120;156;214m[38;2;133;173;231m▀[48;2;142;185;255m[38;2;54;71;96m▀[48;2;125;163;224m[38;2;27;38;44m▀[48;2;112;146;201m[38;2;41;54;72m▀[48;2;133;173;241m [48;2;135;176;243m[38;2;142;185;255m▀[48;2;133;173;241m▀[38;2;139;181;255m▀[38;2;142;185;255m▀[38;2;139;181;255m▀[38;2;142;185;255m▀[38;2;139;181;255m▀[38;2;142;185;255m▀▀[38;2;139;181;255m▀[38;2;147;191;255m▀[48;2;135;176;243m▀[48;2;137;178;245m[38;2;133;173;241m▀[48;2;147;191;255m[38;2;64;86;117m▀[48;2;64;86;117m[38;2;13;12;10m▀[48;2;51;55;50m [48;2;251;251;251m[38;2;246;247;247m▀[48;2;0;0;0m      [m
[48;2;0;0;0m      [38;2;123;125;125m▀[38;2;9;7;8m▀[38;2;24;23;32m▀▀[38;2;27;38;44m▀[38;2;24;23;32m▀▀▀▀[38;2;18;23;23m▀[38;2;24;23;32m▀▀[38;2;18;23;23m▀[38;2;24;23;32m▀▀▀▀▀▀▀▀[38;2;9;7;8m▀[38;2;228;227;227m▀      [m
