[48;2;0;0;0m                                   [m
[48;2;0;0;0m      [48;2;231;231;231m[38;2;0;0;0m▀[48;2;53;84;8m[38;2;231;231;231m▀[48;2;33;57;7m▀▀[38;2;121;138;96m▀[38;2;231;231;231m▀▀[48;2;121;138;96m▀[48;2;231;231;231m[38;2;0;0;0m▀[48;2;0;0;0m                    [m
[48;2;0;0;0m   [48;2;231;231;231m[38;2;0;0;0m▀[48;2;53;84;8m[38;2;231;231;231m▀[48;2;33;57;7m[38;2;121;138;96m▀ [48;2;254;107;107m[38;2;33;57;7m▀[38;2;53;84;8m▀▀▀▀[38;2;33;57;7m▀▀[48;2;33;57;7m [38;2;121;138;96m▀[48;2;231;231;231m[38;2;0;0;0m▀[48;2;0;0;0m                  [m
[48;2;0;0;0m  [48;2;121;138;96m[38;2;231;231;231m▀[48;2;33;57;7m[38;2;121;138;96m▀ [48;2;254;107;107m [48;2;33;57;7m[38;2;254;107;107m▀[48;2;53;84;8m▀[48;2;254;107;107m [48;2;33;57;7m▀▀▀▀▀[48;2;53;84;8m▀[48;2;33;57;7m  [38;2;231;231;231m▀[48;2;231;231;231m[38;2;0;0;0m▀[48;2;0;0;0m                [m
[48;2;231;231;231m[38;2;0;0;0m▀[48;2;121;138;96m[38;2;231;231;231m▀[48;2;33;57;7m [48;2;53;84;8m[38;2;33;57;7m▀[48;2;254;107;107m [38;2;53;84;8m▀[48;2;33;57;7m [48;2;53;84;8m [48;2;254;107;107m [48;2;33;57;7m [48;2;121;138;96m   ▀[48;2;33;57;7m  [48;2;53;84;8m[38;2;33;57;7m▀[48;2;33;57;7m [38;2;121;138;96m▀[48;2;231;231;231m[38;2;0;0;0m▀[48;2;0;0;0m               [m
[48;2;121;138;96m[38;2;231;231;231m▀[48;2;33;57;7m  [48;2;254;107;107m     [38;2;53;84;8m▀[48;2;33;57;7m [48;2;121;138;96m   ▀[48;2;33;57;7m [48;2;254;107;107m  ▀[48;2;53;84;8m[38;2;33;57;7m▀[48;2;33;57;7m[38;2;121;138;96m▀[48;2;231;231;231m[38;2;0;0;0m▀[48;2;0;0;0m              [m
[48;2;33;57;7m[38;2;53;84;8m▀ [48;2;53;84;8m[38;2;254;107;107m▀[48;2;254;107;107m      [48;2;33;57;7m [48;2;121;138;96m   [48;2;53;84;8m [38;2;33;57;7m▀[48;2;254;107;107m    [48;2;33;57;7m [48;2;120;137;33m[38;2;121;138;96m▀[48;2;125;138;34m[38;2;0;0;0m▀[48;2;120;137;33m[38;2;244;105;76m▀[48;2;121;137;32m[38;2;245;100;85m▀[48;2;120;137;33m[38;2;149;139;36m▀[48;2;125;138;34m  [48;2;185;137;37m[38;2;244;105;76m▀[48;2;138;138;35m▀[48;2;125;138;34m[38;2;0;0;0m▀▀[48;2;0;0;0m    [m
[48;2;53;84;8m[38;2;33;57;7m▀[48;2;33;57;7m [48;2;53;84;8m[38;2;254;107;107m▀[48;2;254;107;107m      [48;2;53;84;8m[38;2;33;57;7m▀[48;2;33;57;7m[38;2;53;84;8m▀[48;2;53;84;8m[38;2;121;138;96m▀[48;2;33;57;7m▀ [48;2;254;107;107m  [48;2;240;118;118m[38;2;254;107;107m▀[48;2;125;138;34m▀[38;2;246;98;90m▀[48;2;121;137;32m [48;2;220;139;38m[38;2;121;137;32m▀[48;2;243;139;31m▀[38;2;185;137;37m▀[38;2;225;140;38m▀[38;2;242;139;31m▀[38;2;234;139;36m▀[38;2;196;139;38m▀[38;2;138;138;35m▀[48;2;242;139;31m[38;2;120;137;33m▀[48;2;149;139;36m[38;2;125;138;34m▀[48;2;120;137;33m[38;2;123;138;32m▀[48;2;244;112;65m[38;2;244;105;76m▀[48;2;0;0;0m   [m
[48;2;121;138;96m[38;2;33;57;7m▀[48;2;33;57;7m [38;2;254;107;107m▀[48;2;254;107;107m      [38;2;53;84;8m▀[48;2;53;84;8m[38;2;33;57;7m▀[48;2;33;57;7m  [48;2;254;107;107m[38;2;53;84;8m▀ [48;2;254;107;105m[38;2;254;107;107m▀[48;2;161;137;36m [48;2;121;137;32m[38;2;123;138;32m▀[48;2;229;139;38m[38;2;125;138;34m▀[48;2;243;139;31m           [38;2;174;137;37m▀[48;2;161;137;36m[38;2;121;137;32m▀[48;2;138;138;35m[38;2;185;137;37m▀[48;2;244;105;76m[38;2;0;0;0m▀[48;2;0;0;0m [m
[48;2;231;231;231m [48;2;53;84;8m[38;2;33;57;7m▀[48;2;33;57;7m [48;2;53;84;8m[38;2;254;107;107m▀[48;2;254;107;107m       [38;2;53;84;8m▀   [48;2;125;138;34m[38;2;149;139;36m▀[48;2;123;138;32m[38;2;125;138;34m▀[48;2;229;139;38m[38;2;205;139;38m▀ [38;2;242;139;31m▀[48;2;241;139;32m[38;2;243;139;31m▀[48;2;243;139;31m           [48;2;185;137;37m[38;2;138;138;35m▀[48;2;138;138;35m[38;2;244;105;76m▀[48;2;0;0;0m [m
[48;2;231;231;231m [48;2;33;57;7m[38;2;53;84;8m▀ [48;2;53;84;8m  [38;2;254;107;107m▀▀▀▀[48;2;254;107;107m      [48;2;138;138;35m[38;2;161;137;36m▀[48;2;213;139;37m[38;2;174;137;37m▀[48;2;229;139;38m     [38;2;241;139;32m▀[38;2;243;139;31m▀[48;2;232;139;37m▀[48;2;238;139;34m▀[48;2;243;139;31m   [48;2;242;139;31m▀[48;2;241;139;32m▀[48;2;234;139;36m▀[48;2;229;139;38m▀[48;2;125;138;34m [48;2;0;0;0m [m
[48;2;231;231;231m [48;2;33;57;7m  [48;2;254;107;107m [38;2;53;84;8m▀▀▀▀▀[48;2;53;84;8m [38;2;254;107;107m▀[48;2;254;107;107m    [38;2;245;115;115m▀[38;2;243;122;55m▀▀▀▀▀▀▀▀▀▀[38;2;174;137;37m▀[48;2;53;84;8m▀[48;2;33;57;7m▀[38;2;230;129;129m▀[48;2;231;231;231m[38;2;229;139;38m▀[48;2;0;0;0m▀▀  [m
[48;2;0;0;0m[38;2;231;231;231m▀[38;2;33;57;7m▀▀▀▀▀▀▀▀▀▀▀▀▀▀▀▀▀▀▀▀▀▀▀▀▀▀▀▀▀[38;2;121;138;96m▀    [m
