[48;2;0;0;0m                                   [m
[48;2;0;0;0m      [48;2;233;231;234m[38;2;0;0;0m▀[48;2;53;84;8m[38;2;233;231;234m▀[48;2;33;57;7m▀▀[38;2;121;138;96m▀[38;2;233;231;234m▀▀[48;2;121;138;96m▀[48;2;233;231;234m[38;2;0;0;0m▀[48;2;0;0;0m                    [m
[48;2;0;0;0m   [48;2;233;231;234m[38;2;0;0;0m▀[48;2;53;84;8m[38;2;233;231;234m▀[48;2;33;57;7m[38;2;121;138;96m▀ [48;2;214;140;254m[38;2;33;57;7m▀[38;2;53;84;8m▀▀▀▀[38;2;33;57;7m▀▀[48;2;33;57;7m [38;2;121;138;96m▀[48;2;233;231;234m[38;2;0;0;0m▀[48;2;0;0;0m                  [m
[48;2;0;0;0m  [48;2;121;138;96m[38;2;233;231;234m▀[48;2;33;57;7m[38;2;121;138;96m▀ [48;2;214;140;254m [48;2;33;57;7m[38;2;214;140;254m▀[48;2;53;84;8m▀[48;2;214;140;254m [48;2;33;57;7m▀▀▀▀▀[48;2;53;84;8m▀[48;2;33;57;7m  [38;2;233;231;234m▀[48;2;233;231;234m[38;2;0;0;0m▀[48;2;0;0;0m                [m
[48;2;233;231;234m[38;2;0;0;0m▀[48;2;121;138;96m[38;2;233;231;234m▀[48;2;33;57;7m [48;2;53;84;8m[38;2;33;57;7m▀[48;2;214;140;254m [38;2;53;84;8m▀[48;2;33;57;7m [48;2;53;84;8m [48;2;214;140;254m [48;2;33;57;7m [48;2;121;138;96m   ▀[48;2;33;57;7m  [48;2;53;84;8m[38;2;33;57;7m▀[48;2;33;57;7m [38;2;121;138;96m▀[48;2;233;231;234m[38;2;0;0;0m▀[48;2;0;0;0m               [m
[48;2;121;138;96m[38;2;233;231;234m▀[48;2;33;57;7m  [48;2;214;140;254m     [38;2;53;84;8m▀[48;2;33;57;7m [48;2;121;138;96m   ▀[48;2;33;57;7m [48;2;214;140;254m  ▀[48;2;53;84;8m[38;2;33;57;7m▀[48;2;33;57;7m[38;2;121;138;96m▀[48;2;233;231;234m[38;2;0;0;0m▀[48;2;0;0;0m              [m
[48;2;33;57;7m[38;2;53;84;8m▀ [48;2;53;84;8m[38;2;214;140;254m▀[48;2;214;140;254m      [48;2;33;57;7m [48;2;121;138;96m   [48;2;53;84;8m [38;2;33;57;7m▀[48;2;214;140;254m    [48;2;33;57;7m [48;2;121;137;32m[38;2;121;138;96m▀[48;2;125;138;34m[38;2;0;0;0m▀[48;2;121;137;32m[38;2;211;124;77m▀[48;2;120;137;33m▀[48;2;121;137;32m[38;2;148;140;36m▀[48;2;125;138;34m  [48;2;215;124;71m [48;2;140;139;35m[38;2;211;124;77m▀[48;2;125;138;34m[38;2;0;0;0m▀[48;2;127;139;35m▀[48;2;0;0;0m    [m
[48;2;53;84;8m[38;2;33;57;7m▀[48;2;33;57;7m [48;2;53;84;8m[38;2;214;140;254m▀[48;2;214;140;254m      [48;2;53;84;8m[38;2;33;57;7m▀[48;2;33;57;7m[38;2;53;84;8m▀[48;2;53;84;8m[38;2;121;138;96m▀[48;2;33;57;7m▀ [48;2;214;140;254m  [48;2;201;170;218m[38;2;214;140;254m▀[48;2;125;138;34m▀[48;2;127;139;35m[38;2;175;175;175m▀[48;2;120;137;33m [48;2;222;141;34m[38;2;120;137;33m▀[48;2;243;139;30m[38;2;121;137;32m▀[38;2;187;139;35m▀[38;2;228;141;32m▀[38;2;241;139;30m▀[38;2;235;140;31m▀[38;2;200;141;35m▀[38;2;140;139;35m▀[48;2;241;139;30m[38;2;121;137;32m▀[48;2;148;140;36m[38;2;125;138;34m▀[48;2;121;137;32m[38;2;124;138;33m▀[48;2;215;124;71m [48;2;0;0;0m   [m
[48;2;121;138;96m[38;2;33;57;7m▀[48;2;33;57;7m [38;2;214;140;254m▀[48;2;214;140;254m      [38;2;53;84;8m▀[48;2;53;84;8m[38;2;33;57;7m▀[48;2;33;57;7m  [48;2;214;140;254m[38;2;53;84;8m▀  [48;2;163;138;36m[38;2;121;140;72m▀[48;2;120;137;33m[38;2;124;138;33m▀[48;2;229;139;46m[38;2;133;139;35m▀[48;2;243;139;29m[38;2;243;139;30m▀[48;2;243;139;30m [38;2;243;139;29m▀        [38;2;176;138;36m▀[48;2;163;138;36m[38;2;120;137;33m▀[48;2;140;139;35m[38;2;215;124;71m▀[48;2;211;124;77m[38;2;0;0;0m▀[48;2;0;0;0m [m
[48;2;233;231;234m [48;2;53;84;8m[38;2;33;57;7m▀[48;2;33;57;7m [48;2;53;84;8m[38;2;214;140;254m▀[48;2;214;140;254m       [38;2;53;84;8m▀   [48;2;125;138;34m[38;2;121;139;80m▀[48;2;123;138;32m[38;2;125;138;34m▀[48;2;229;139;46m[38;2;212;141;34m▀ [38;2;241;139;30m▀[48;2;241;139;32m[38;2;243;139;29m▀[48;2;243;139;30m          [48;2;243;139;29m[38;2;243;139;30m▀[48;2;187;139;35m[38;2;133;139;35m▀[48;2;140;139;35m[38;2;211;124;77m▀[48;2;0;0;0m [m
[48;2;233;231;234m [48;2;33;57;7m[38;2;53;84;8m▀ [48;2;53;84;8m  [38;2;214;140;254m▀▀▀▀[48;2;214;140;254m      [48;2;133;139;35m[38;2;163;138;36m▀[48;2;212;141;34m[38;2;176;138;36m▀[48;2;229;139;46m    [38;2;231;139;44m▀[38;2;241;139;32m▀[38;2;243;139;30m▀[48;2;233;139;41m▀[48;2;239;139;34m▀[48;2;243;139;30m   [48;2;242;139;31m▀[48;2;241;139;32m[38;2;243;139;29m▀[48;2;235;139;39m▀[48;2;231;139;44m[38;2;243;139;30m▀[48;2;125;138;34m [48;2;0;0;0m [m
[48;2;233;231;234m [48;2;33;57;7m  [48;2;214;140;254m [38;2;53;84;8m▀▀▀▀▀[48;2;53;84;8m [38;2;214;140;254m▀[48;2;214;140;254m    [38;2;205;163;228m▀[38;2;194;142;108m▀[38;2;201;134;97m▀▀▀▀▀▀▀▀▀[38;2;176;138;36m▀[48;2;53;84;8m▀[48;2;33;57;7m▀[38;2;201;134;97m▀[48;2;233;231;234m[38;2;229;139;46m▀[48;2;0;0;0m▀▀  [m
[48;2;0;0;0m[38;2;233;231;234m▀[38;2;33;57;7m▀▀▀▀▀▀▀▀▀▀▀▀▀▀▀▀▀▀▀▀▀▀▀▀▀▀▀▀▀[38;2;121;138;96m▀    [m
