[48;2;0;0;0m                                   [m
[48;2;0;0;0m      [48;2;231;231;231m[38;2;0;0;0m▀[48;2;53;84;8m[38;2;231;231;231m▀[48;2;33;57;7m▀▀[38;2;120;137;95m▀[38;2;231;231;231m▀▀[48;2;120;137;95m▀[48;2;231;231;231m[38;2;0;0;0m▀[48;2;0;0;0m                    [m
[48;2;0;0;0m   [48;2;231;231;231m[38;2;0;0;0m▀[48;2;53;84;8m[38;2;231;231;231m▀[48;2;33;57;7m[38;2;120;137;95m▀ [48;2;140;254;140m[38;2;33;57;7m▀[38;2;53;84;8m▀▀▀▀[38;2;33;57;7m▀▀[48;2;33;57;7m [38;2;120;137;95m▀[48;2;231;231;231m[38;2;0;0;0m▀[48;2;0;0;0m                  [m
[48;2;0;0;0m  [48;2;120;137;95m[38;2;231;231;231m▀[48;2;33;57;7m[38;2;120;137;95m▀ [48;2;140;254;140m [48;2;33;57;7m[38;2;140;254;140m▀[48;2;53;84;8m▀[48;2;140;254;140m [48;2;33;57;7m▀▀▀▀▀[48;2;53;84;8m▀[48;2;33;57;7m  [38;2;231;231;231m▀[48;2;231;231;231m[38;2;0;0;0m▀[48;2;0;0;0m                [m
[48;2;231;231;231m[38;2;0;0;0m▀[48;2;120;137;95m[38;2;231;231;231m▀[48;2;33;57;7m [48;2;53;84;8m[38;2;33;57;7m▀[48;2;140;254;140m [38;2;53;84;8m▀[48;2;33;57;7m [48;2;53;84;8m [48;2;140;254;140m [48;2;33;57;7m [48;2;120;137;95m   ▀[48;2;33;57;7m  [48;2;53;84;8m[38;2;33;57;7m▀[48;2;33;57;7m [38;2;120;137;95m▀[48;2;231;231;231m[38;2;0;0;0m▀[48;2;0;0;0m               [m
[48;2;120;137;95m[38;2;231;231;231m▀[48;2;33;57;7m  [48;2;140;254;140m     [38;2;53;84;8m▀[48;2;33;57;7m [48;2;120;137;95m   ▀[48;2;33;57;7m [48;2;140;254;140m  ▀[48;2;53;84;8m[38;2;33;57;7m▀[48;2;33;57;7m[38;2;120;137;95m▀[48;2;231;231;231m[38;2;0;0;0m▀[48;2;0;0;0m              [m
[48;2;33;57;7m[38;2;53;84;8m▀ [48;2;53;84;8m[38;2;140;254;140m▀[48;2;140;254;140m      [48;2;33;57;7m [48;2;120;137;95m   [48;2;53;84;8m [38;2;33;57;7m▀[48;2;140;254;140m    [48;2;33;57;7m [48;2;121;137;32m[38;2;120;137;95m▀[48;2;125;138;34m[38;2;0;0;0m▀[48;2;121;137;32m[38;2;208;121;46m▀[48;2;120;137;33m[38;2;215;120;47m▀[48;2;121;137;32m[38;2;147;139;38m▀[48;2;125;138;34m  [48;2;188;130;42m[38;2;215;120;47m▀[48;2;135;139;37m[38;2;208;121;46m▀[48;2;125;138;34m[38;2;0;0;0m▀[48;2;126;139;35m▀[48;2;0;0;0m    [m
[48;2;53;84;8m[38;2;33;57;7m▀[48;2;33;57;7m [48;2;53;84;8m[38;2;140;254;140m▀[48;2;140;254;140m      [48;2;53;84;8m[38;2;33;57;7m▀[48;2;33;57;7m[38;2;53;84;8m▀[48;2;53;84;8m[38;2;120;137;95m▀[48;2;33;57;7m▀ [48;2;140;254;140m  [48;2;148;244;131m[38;2;140;254;140m▀[48;2;125;138;34m▀[48;2;126;139;35m[38;2;174;216;104m▀[48;2;120;137;33m [48;2;232;139;36m[38;2;120;137;33m▀[48;2;243;139;30m[38;2;121;137;32m▀[38;2;174;137;39m▀[38;2;232;139;36m▀[38;2;242;139;30m▀[38;2;232;139;36m▀[38;2;199;125;45m▀[38;2;135;139;37m▀[48;2;242;139;30m[38;2;121;137;32m▀[48;2;147;139;38m[38;2;125;138;34m▀[48;2;121;137;32m[38;2;124;138;33m▀[48;2;199;125;45m[38;2;208;121;46m▀[48;2;0;0;0m   [m
[48;2;120;137;95m[38;2;33;57;7m▀[48;2;33;57;7m [38;2;140;254;140m▀[48;2;140;254;140m      [38;2;53;84;8m▀[48;2;53;84;8m[38;2;33;57;7m▀[48;2;33;57;7m  [48;2;140;254;140m[38;2;53;84;8m▀ [48;2;145;248;134m[38;2;140;254;140m▀[48;2;160;138;39m[38;2;121;139;59m▀[48;2;120;137;33m[38;2;124;138;33m▀[48;2;228;132;40m[38;2;126;139;35m▀[48;2;243;140;30m[38;2;243;139;30m▀[48;2;243;139;30m [38;2;243;140;30m▀        [38;2;174;137;39m▀[48;2;160;138;39m[38;2;120;137;33m▀[48;2;135;139;37m[38;2;188;130;42m▀[48;2;208;121;46m[38;2;0;0;0m▀[48;2;0;0;0m [m
[48;2;231;231;231m [48;2;53;84;8m[38;2;33;57;7m▀[48;2;33;57;7m [48;2;53;84;8m[38;2;140;254;140m▀[48;2;140;254;140m       [38;2;53;84;8m▀   [48;2;125;138;34m[38;2;121;139;59m▀[48;2;123;138;33m[38;2;125;138;34m▀[48;2;228;132;40m[38;2;208;121;46m▀ [38;2;240;143;33m▀[48;2;240;139;33m[38;2;243;140;30m▀[48;2;243;139;30m          [48;2;243;140;30m[38;2;243;139;30m▀[48;2;188;130;42m[38;2;135;139;37m▀[48;2;147;139;38m[38;2;208;121;46m▀[48;2;0;0;0m [m
[48;2;231;231;231m [48;2;33;57;7m[38;2;53;84;8m▀ [48;2;53;84;8m  [38;2;140;254;140m▀▀▀▀[48;2;140;254;140m      [48;2;135;139;37m[38;2;160;138;39m▀[48;2;228;132;40m[38;2;174;137;39m▀    [38;2;232;139;36m▀[38;2;240;139;33m▀[38;2;243;139;30m▀[48;2;232;139;36m▀[48;2;238;139;34m▀[48;2;242;139;31m▀[48;2;243;139;30m  [48;2;241;139;32m▀[48;2;240;143;33m[38;2;243;140;30m▀[48;2;235;139;35m▀[48;2;232;139;36m[38;2;243;139;30m▀[48;2;125;138;34m [48;2;0;0;0m [m
[48;2;231;231;231m [48;2;33;57;7m  [48;2;140;254;140m [38;2;53;84;8m▀▀▀▀▀[48;2;53;84;8m [38;2;140;254;140m▀[48;2;140;254;140m    [38;2;148;244;131m▀[38;2;187;201;89m▀[38;2;213;171;61m▀▀▀▀▀▀▀▀▀[38;2;174;137;39m▀[48;2;53;84;8m▀[48;2;33;57;7m▀[38;2;223;161;51m▀[48;2;231;231;231m[38;2;228;132;40m▀[48;2;0;0;0m▀▀  [m
[48;2;0;0;0m[38;2;231;231;231m▀[38;2;33;57;7m▀▀▀▀▀▀▀▀▀▀▀▀▀▀▀▀▀▀▀▀▀▀▀▀▀▀▀▀▀[38;2;120;137;95m▀    [m
