[48;2;0;0;0m         [48;2;255;255;255m[38;2;0;0;0m▀▀[48;2;220;228;213m▀[48;2;52;76;24m▀▀[48;2;105;146;38m▀[48;2;52;76;24m▀▀[48;2;220;228;213m▀[48;2;255;255;255m▀[48;2;0;0;0m                [m
[48;2;0;0;0m       [48;2;255;255;255m[38;2;0;0;0m▀[48;2;52;76;24m[38;2;255;255;255m▀[38;2;220;228;213m▀ [48;2;255;255;255m[38;2;52;76;24m▀[38;2;105;146;38m▀   [38;2;52;76;24m▀▀[48;2;52;76;24m[38;2;105;146;38m▀[48;2;105;146;38m[38;2;255;255;255m▀[48;2;255;255;255m[38;2;0;0;0m▀[48;2;0;0;0m              [m
[48;2;0;0;0m     [48;2;252;253;254m[38;2;0;0;0m▀[48;2;52;76;24m[38;2;255;255;255m▀ [48;2;255;255;255m[38;2;52;76;24m▀[48;2;105;146;38m [48;2;52;76;24m[38;2;105;146;38m▀[48;2;255;255;255m [48;2;105;146;38m[38;2;255;255;255m▀[48;2;52;76;24m[38;2;105;146;38m▀[48;2;105;146;38m[38;2;52;76;24m▀ [48;2;52;76;24m[38;2;105;146;38m▀[38;2;255;255;255m▀  [38;2;220;228;213m▀[48;2;255;255;255m[38;2;0;0;0m▀[48;2;0;0;0m             [m
[48;2;254;254;255m[38;2;0;0;0m▀[48;2;0;0;0m  [48;2;255;255;255m▀[48;2;237;242;248m[38;2;251;252;253m▀[48;2;12;75;136m[38;2;174;194;197m▀[48;2;14;75;157m[38;2;69;98;73m▀[48;2;169;193;220m[38;2;245;249;251m▀[48;2;235;240;247m[38;2;255;255;255m▀[48;2;255;255;255m[38;2;52;76;24m▀[48;2;105;146;38m▀[48;2;255;255;255m [48;2;52;76;24m [48;2;105;146;38m [48;2;220;228;213m   [48;2;105;146;38m▀▀[48;2;255;255;255m▀[48;2;52;76;24m [38;2;220;228;213m▀[48;2;255;255;255m[38;2;0;0;0m▀[48;2;0;0;0m            [m
[48;2;52;100;173m[38;2;201;217;235m▀[48;2;146;176;215m[38;2;242;246;250m▀[48;2;237;242;248m[38;2;0;0;0m▀[48;2;249;250;253m▀[48;2;71;121;179m[38;2;153;181;215m▀[48;2;0;69;161m[38;2;0;70;165m▀[48;2;1;76;166m[38;2;0;65;161m▀[48;2;4;78;165m[38;2;36;99;174m▀[48;2;150;178;215m[38;2;164;190;219m▀[48;2;249;250;253m[38;2;251;252;253m▀[48;2;255;255;255m  [48;2;52;76;24m[38;2;105;146;38m▀[48;2;105;146;38m [48;2;220;228;213m   [48;2;105;146;38m[38;2;52;76;24m▀ [48;2;255;255;255m [38;2;105;146;38m▀[48;2;105;146;38m[38;2;52;76;24m▀[48;2;52;76;24m[38;2;105;146;38m▀[48;2;255;255;255m [48;2;0;0;0m           [m
[48;2;1;76;166m[38;2;1;59;156m▀[48;2;0;69;161m[38;2;13;78;163m▀[48;2;36;99;174m[38;2;150;178;215m▀[48;2;221;230;241m[38;2;245;249;251m▀[48;2;72;111;116m[38;2;60;114;140m▀[48;2;0;73;164m [48;2;0;69;161m[38;2;3;80;166m▀[48;2;1;59;156m [48;2;177;201;228m[38;2;168;193;224m▀[48;2;252;253;254m [48;2;184;203;226m[38;2;251;252;253m▀[48;2;108;144;195m▀[48;2;92;137;111m[38;2;107;148;42m▀[48;2;53;81;43m[38;2;105;146;38m▀[48;2;220;228;213m   [48;2;52;76;24m [48;2;255;255;255m▀   [48;2;105;146;38m[38;2;52;76;24m▀[48;2;52;76;24m[38;2;105;146;38m▀[48;2;255;255;255m [48;2;0;0;0m          [m
[48;2;7;77;164m[38;2;0;72;162m▀[48;2;1;59;156m▀[48;2;4;65;158m▀[48;2;189;209;230m [48;2;53;77;24m[38;2;77;104;74m▀[48;2;77;104;74m[38;2;52;105;148m▀[48;2;168;193;224m[38;2;26;74;162m▀[48;2;221;230;241m[38;2;97;137;194m▀[48;2;254;254;255m[38;2;232;238;246m▀[48;2;183;199;224m[38;2;218;229;241m▀[48;2;1;59;156m[38;2;42;102;178m▀[48;2;3;80;166m[38;2;6;69;161m▀[48;2;19;87;168m[38;2;36;99;174m▀[48;2;48;91;116m[38;2;50;87;79m▀[48;2;52;76;24m[38;2;105;146;38m▀[38;2;220;228;213m▀  [48;2;255;255;255m    [38;2;105;146;38m▀[48;2;52;76;24m [48;2;220;228;213m[38;2;255;255;255m▀[48;2;0;0;0m          [m
[48;2;252;253;254m[38;2;182;203;229m▀[48;2;232;238;246m[38;2;85;130;187m▀[48;2;225;233;242m[38;2;108;144;195m▀[48;2;254;254;255m[38;2;235;240;247m▀[48;2;220;228;213m[38;2;52;76;24m▀[48;2;53;81;43m▀[48;2;230;237;245m[38;2;255;255;255m▀[48;2;240;244;250m▀[48;2;255;255;255m[38;2;252;253;254m▀[48;2;143;177;216m[38;2;146;176;215m▀[48;2;5;79;170m[38;2;0;70;165m▀[48;2;0;70;169m[38;2;3;80;166m▀[48;2;2;69;155m[38;2;14;75;157m▀[48;2;221;228;237m[38;2;92;137;111m▀[48;2;105;146;38m[38;2;52;76;24m▀[48;2;52;76;24m [48;2;105;146;38m▀[48;2;255;255;255m     [48;2;105;146;38m [48;2;52;76;24m [48;2;255;255;255m [48;2;0;0;0m          [m
[48;2;7;81;166m[38;2;164;190;219m▀[48;2;218;229;241m[38;2;0;0;0m▀[48;2;0;0;0m [48;2;197;214;233m▀[48;2;52;100;173m[38;2;152;180;200m▀[48;2;0;72;162m[38;2;47;99;148m▀[48;2;0;65;164m[38;2;60;114;140m▀[48;2;1;78;174m[38;2;129;166;216m▀[48;2;92;140;197m[38;2;221;230;241m▀[48;2;168;193;224m[38;2;208;221;237m▀[48;2;212;226;241m[38;2;100;145;201m▀[48;2;183;205;230m[38;2;12;78;177m▀[48;2;218;229;241m[38;2;115;155;203m▀[48;2;254;254;255m[38;2;250;251;250m▀[48;2;255;255;255m        [38;2;105;146;38m▀[48;2;105;146;38m[38;2;52;76;24m▀[48;2;52;76;24m[38;2;220;228;213m▀[48;2;220;228;213m[38;2;255;255;255m▀[48;2;255;255;255m[38;2;0;0;0m▀[48;2;0;0;0m        [m
[48;2;42;102;178m[38;2;0;70;169m▀[48;2;218;229;241m[38;2;177;201;228m▀[38;2;240;245;250m▀[48;2;20;84;164m[38;2;108;144;195m▀[48;2;0;69;161m[38;2;2;69;155m▀[48;2;7;81;166m[38;2;4;78;165m▀[48;2;6;81;170m[38;2;7;84;174m▀[48;2;7;84;174m[38;2;1;78;174m▀[48;2;5;83;174m[38;2;0;76;171m▀[48;2;0;73;164m[38;2;23;89;163m▀[48;2;13;78;163m[38;2;87;134;140m▀[48;2;71;123;132m[38;2;225;233;242m▀[48;2;237;242;248m[38;2;255;255;255m▀[48;2;248;249;247m▀▀[48;2;247;248;246m▀▀▀[48;2;233;236;228m▀[48;2;228;232;224m▀[48;2;228;231;224m▀[48;2;228;232;224m▀▀[48;2;241;244;237m▀[48;2;247;248;246m[38;2;105;146;38m▀[48;2;250;251;250m[38;2;52;76;24m▀[48;2;52;76;24m [38;2;255;255;255m▀[48;2;255;255;255m[38;2;0;0;0m▀[48;2;0;0;0m      [m
[48;2;0;0;0m[38;2;182;202;225m▀[48;2;241;246;251m[38;2;240;245;250m▀[48;2;58;122;195m[38;2;168;193;224m▀[48;2;0;74;173m[38;2;0;65;161m▀[48;2;4;78;165m [38;2;3;80;166m▀[48;2;6;81;170m [48;2;5;83;174m[38;2;7;84;174m▀[48;2;1;78;174m▀[48;2;0;73;164m[38;2;6;81;170m▀[48;2;0;69;161m[38;2;0;73;164m▀[48;2;16;79;158m[38;2;28;86;151m▀[48;2;108;149;118m[38;2;72;103;87m▀[48;2;121;155;67m[38;2;58;83;30m▀[48;2;114;149;60m▀[48;2;111;145;59m[38;2;60;84;32m▀[48;2;107;139;58m[38;2;58;83;30m▀[48;2;102;135;53m[38;2;60;84;32m▀[48;2;98;130;52m▀[38;2;62;86;33m▀▀▀▀▀[38;2;60;84;32m▀[48;2;107;139;58m[38;2;58;83;30m▀[48;2;114;149;60m[38;2;56;81;26m▀[48;2;130;162;78m[38;2;55;80;28m▀[48;2;60;86;26m[38;2;52;76;24m▀[48;2;52;76;24m[38;2;255;255;255m▀[48;2;255;255;255m[38;2;0;0;0m▀[48;2;0;0;0m    [m
[48;2;0;0;0m [48;2;240;244;250m[38;2;245;249;251m▀[48;2;85;139;204m[38;2;58;122;195m▀[48;2;0;74;173m[38;2;1;78;174m▀[48;2;1;76;166m[38;2;7;81;166m▀[48;2;0;69;161m[38;2;4;78;165m▀[48;2;7;81;166m[38;2;4;81;171m▀[48;2;73;124;152m▀[48;2;108;149;118m[38;2;22;91;172m▀[48;2;98;141;122m[38;2;27;91;172m▀[48;2;92;137;111m▀[48;2;110;149;67m[38;2;52;105;148m▀[48;2;115;153;53m[38;2;74;99;51m▀[38;2;62;86;33m▀▀[48;2;117;154;59m▀[38;2;60;84;32m▀[48;2;115;153;53m▀▀[48;2;112;149;52m▀▀[38;2;62;86;33m▀[48;2;109;146;49m[38;2;58;83;30m▀▀[48;2;106;143;47m[38;2;60;84;32m▀[48;2;104;139;47m[38;2;62;86;33m▀▀[38;2;66;89;38m▀[48;2;106;143;47m[38;2;58;84;26m▀[48;2;121;157;64m[38;2;56;81;26m▀[48;2;71;100;30m[38;2;53;77;24m▀[48;2;52;76;24m[38;2;255;255;255m▀[48;2;255;255;255m[38;2;0;0;0m▀[48;2;0;0;0m  [m
[48;2;0;0;0m [38;2;237;242;248m▀[38;2;115;155;203m▀[38;2;12;78;177m▀[38;2;14;85;172m▀[38;2;43;100;160m▀[38;2;48;91;116m▀[38;2;61;86;42m▀[38;2;52;76;24m▀[38;2;54;78;26m▀[38;2;52;76;24m▀▀▀[38;2;53;77;24m▀[38;2;56;81;26m▀[38;2;58;84;26m▀▀▀▀▀▀▀[38;2;56;81;26m▀[38;2;52;76;24m▀▀▀▀[38;2;53;77;24m▀[38;2;56;81;26m▀▀[38;2;52;76;24m▀▀▀  [m
