[48;2;0;0;0m                                   [m
[48;2;0;0;0m                                   [m
[48;2;0;0;0m                 [48;2;255;255;255m[38;2;0;0;0m▀▀▀▀▀▀[48;2;0;0;0m            [m
[48;2;0;0;0m             [48;2;255;255;255m[38;2;0;0;0m▀▀[48;2;52;76;24m[38;2;255;255;255m▀▀[38;2;220;228;213m▀ [48;2;105;146;38m[38;2;52;76;24m▀▀[48;2;52;76;24m [38;2;105;146;38m▀[38;2;255;255;255m▀▀[48;2;255;255;255m[38;2;0;0;0m▀[48;2;0;0;0m         [m
[48;2;0;0;0m           [48;2;255;255;255m[38;2;0;0;0m▀[48;2;220;228;213m[38;2;255;255;255m▀[48;2;52;76;24m[38;2;220;228;213m▀ [48;2;255;255;255m[38;2;52;76;24m▀[38;2;105;146;38m▀      ▀[38;2;52;76;24m▀[48;2;52;76;24m [48;2;220;228;213m[38;2;255;255;255m▀[48;2;0;0;0m        [m
[48;2;0;0;0m          [48;2;255;255;255m[38;2;0;0;0m▀[48;2;52;76;24m[38;2;255;255;255m▀ [48;2;255;255;255m[38;2;105;146;38m▀  [48;2;105;146;38m [48;2;52;76;24m [48;2;105;146;38m[38;2;255;255;255m▀▀[48;2;52;76;24m [48;2;220;228;213m[38;2;52;76;24m▀▀▀[48;2;52;76;24m   [48;2;255;255;255m [48;2;0;0;0m       [m
[48;2;0;0;0m     [48;2;252;253;254m[38;2;0;0;0m▀[48;2;254;254;255m▀[48;2;0;0;0m  [48;2;255;255;255m▀[48;2;77;104;74m[38;2;217;225;212m▀[48;2;12;75;136m[38;2;49;80;56m▀[48;2;28;86;168m[38;2;106;146;89m▀[48;2;169;193;220m[38;2;245;249;251m▀[48;2;235;240;247m[38;2;255;255;255m▀[48;2;255;255;255m [38;2;105;146;38m▀[38;2;52;76;24m▀ [48;2;105;146;38m [48;2;52;76;24m [48;2;220;228;213m   [48;2;105;146;38m [48;2;52;76;24m  [38;2;220;228;213m▀[48;2;255;255;255m[38;2;0;0;0m▀[48;2;0;0;0m      [m
[48;2;0;0;0m    [48;2;173;197;224m[38;2;242;246;250m▀[48;2;30;88;165m[38;2;164;190;219m▀[48;2;52;100;173m[38;2;201;217;235m▀[48;2;146;176;215m[38;2;242;246;250m▀[48;2;214;221;212m[38;2;255;255;255m▀[48;2;61;86;42m[38;2;105;146;38m▀[48;2;52;105;148m[38;2;74;112;126m▀[48;2;0;72;162m[38;2;0;70;165m▀[48;2;1;76;166m[38;2;0;65;161m▀[48;2;4;78;165m[38;2;36;99;174m▀[48;2;150;178;215m[38;2;164;190;219m▀[48;2;249;250;253m[38;2;251;252;253m▀[48;2;255;255;255m   [48;2;105;146;38m [48;2;52;76;24m[38;2;105;146;38m▀[48;2;220;228;213m   [48;2;105;146;38m [48;2;52;76;24m▀[48;2;255;255;255m[38;2;52;76;24m▀[48;2;52;76;24m [48;2;220;228;213m[38;2;255;255;255m▀[48;2;255;255;255m[38;2;0;0;0m▀[48;2;0;0;0m     [m
[48;2;0;0;0m   [48;2;237;242;248m[38;2;242;246;250m▀[48;2;92;140;197m[38;2;103;145;199m▀[48;2;7;81;166m[38;2;4;65;158m▀[48;2;4;78;165m[38;2;1;59;156m▀[48;2;0;69;161m[38;2;13;78;163m▀[48;2;23;89;163m[38;2;74;112;126m▀[48;2;77;104;74m[38;2;61;86;42m▀[48;2;157;185;216m[38;2;92;140;197m▀[48;2;1;76;166m[38;2;0;73;164m▀[48;2;0;69;161m[38;2;3;80;166m▀[48;2;1;59;156m [48;2;177;201;228m[38;2;168;193;224m▀[48;2;252;253;254m [48;2;184;203;226m[38;2;251;252;253m▀[48;2;108;144;195m▀[48;2;169;193;220m[38;2;253;254;255m▀[48;2;235;240;247m[38;2;255;255;255m▀[48;2;52;76;24m [48;2;105;146;38m[38;2;220;228;213m▀[48;2;220;228;213m  [48;2;52;76;24m[38;2;105;146;38m▀[48;2;255;255;255m▀ [48;2;105;146;38m[38;2;52;76;24m▀[48;2;52;76;24m[38;2;105;146;38m▀[48;2;255;255;255m [48;2;0;0;0m     [m
[48;2;0;0;0m    [48;2;242;246;250m[38;2;164;190;219m▀[48;2;126;163;208m[38;2;19;87;168m▀[48;2;7;77;164m[38;2;0;72;162m▀[48;2;1;59;156m▀[48;2;4;65;158m▀[48;2;189;209;230m [48;2;107;148;42m[38;2;115;153;86m▀[48;2;218;229;241m[38;2;77;127;189m▀[48;2;169;193;220m[38;2;26;74;162m▀[48;2;221;230;241m[38;2;97;137;194m▀[48;2;254;254;255m[38;2;232;238;246m▀[48;2;183;199;224m[38;2;218;229;241m▀[48;2;1;59;156m[38;2;42;102;178m▀[48;2;3;80;166m[38;2;6;69;161m▀[48;2;19;87;168m[38;2;36;99;174m▀[48;2;140;173;210m[38;2;168;192;220m▀[48;2;255;255;255m[38;2;52;76;24m▀[48;2;52;76;24m [38;2;105;146;38m▀  [48;2;255;255;255m  [48;2;52;76;24m  [48;2;255;255;255m [48;2;0;0;0m     [m
[48;2;0;0;0m [48;2;255;255;255m[38;2;0;0;0m▀[48;2;197;214;233m[38;2;245;249;251m▀[48;2;71;119;188m[38;2;225;233;242m▀[48;2;105;150;203m[38;2;252;253;254m▀[48;2;82;111;88m[38;2;217;225;212m▀[48;2;60;84;32m[38;2;82;117;120m▀[48;2;184;194;182m[38;2;52;105;148m▀[48;2;174;187;179m[38;2;108;144;195m▀[48;2;198;204;190m[38;2;235;240;247m▀[48;2;206;212;200m[38;2;105;146;38m▀[48;2;87;127;53m▀[48;2;98;130;52m[38;2;255;255;255m▀[48;2;99;135;46m▀[48;2;96;133;38m[38;2;252;253;254m▀[48;2;137;170;202m[38;2;146;176;215m▀[48;2;5;79;170m[38;2;0;70;165m▀[48;2;0;70;169m[38;2;3;80;166m▀[48;2;2;69;155m[38;2;14;75;157m▀[48;2;196;208;207m[38;2;164;190;219m▀[48;2;214;221;212m[38;2;255;255;255m▀[48;2;228;232;224m[38;2;52;76;24m▀[48;2;233;236;228m▀[48;2;225;229;221m▀[48;2;214;221;212m[38;2;255;255;255m▀▀[48;2;103;144;39m▀[48;2;52;76;24m [48;2;255;255;255m[38;2;220;228;213m▀[48;2;0;0;0m[38;2;255;255;255m▀     [m
[48;2;0;0;0m [48;2;249;250;253m[38;2;242;246;250m▀[48;2;78;136;196m[38;2;105;150;203m▀[48;2;4;83;179m[38;2;0;70;169m▀▀[48;2;0;74;173m[38;2;13;78;163m▀[48;2;7;81;166m[38;2;82;117;120m▀[48;2;114;154;97m[38;2;74;99;51m▀[48;2;112;149;52m[38;2;72;94;44m▀[48;2;108;150;104m▀[48;2;37;93;149m[38;2;77;111;114m▀[48;2;0;70;165m[38;2;47;99;148m▀[48;2;0;65;164m[38;2;48;96;136m▀[48;2;1;78;174m[38;2;52;101;136m▀[48;2;68;119;165m[38;2;66;93;54m▀[48;2;108;147;139m[38;2;72;103;87m▀[48;2;114;154;97m[38;2;52;101;136m▀[48;2;100;141;107m[38;2;10;75;171m▀[48;2;98;139;70m[38;2;52;101;136m▀[48;2;115;153;53m[38;2;66;89;38m▀[48;2;112;149;52m[38;2;52;76;24m▀[48;2;109;146;49m▀▀[38;2;53;77;24m▀[38;2;54;78;26m▀[48;2;112;149;52m[38;2;53;77;24m▀[48;2;100;140;38m[38;2;52;76;24m▀[48;2;52;76;24m [48;2;255;255;255m [48;2;0;0;0m      [m
[48;2;0;0;0m [38;2;255;255;255m▀[38;2;58;96;96m▀[38;2;34;99;164m▀[38;2;4;83;179m▀[38;2;1;78;174m▀[38;2;0;70;169m▀[38;2;69;104;103m▀[38;2;61;86;42m▀[38;2;52;101;136m▀[38;2;2;69;155m▀[38;2;4;78;165m▀[38;2;7;84;174m▀[38;2;1;78;174m▀▀[38;2;19;87;168m▀[38;2;66;109;131m▀[38;2;58;86;52m▀[38;2;52;76;24m▀▀▀▀▀[38;2;53;77;24m▀▀▀▀[38;2;52;76;24m▀[38;2;255;255;255m▀      [m
