[48;2;0;0;0m                                   [m
[48;2;0;0;0m                                   [m
[48;2;0;0;0m           [48;2;231;231;231m[38;2;0;0;0m▀ [48;2;123;140;107m[38;2;231;231;231m▀[48;2;33;57;7m▀[38;2;123;140;107m▀[38;2;231;231;231m▀[48;2;123;140;107m▀[48;2;56;90;8m[38;2;123;140;107m▀[48;2;123;140;107m[38;2;231;231;231m▀[48;2;231;231;231m [48;2;0;0;0m              [m
[48;2;0;0;0m         [48;2;231;231;231m[38;2;0;0;0m▀[48;2;33;57;7m[38;2;231;231;231m▀[38;2;123;140;107m▀[48;2;56;90;8m[38;2;33;57;7m▀[48;2;255;140;140m▀▀▀▀▀▀[48;2;56;90;8m▀[48;2;33;57;7m [38;2;123;140;107m▀[48;2;231;231;231m[38;2;0;0;0m▀[48;2;0;0;0m            [m
[48;2;0;0;0m       [48;2;231;231;231m[38;2;0;0;0m▀[48;2;33;57;7m[38;2;231;231;231m▀ [48;2;56;90;8m[38;2;33;57;7m▀ [48;2;33;57;7m [48;2;56;90;8m [48;2;255;140;140m [48;2;33;57;7m[38;2;56;90;8m▀[48;2;56;90;8m[38;2;33;57;7m▀[48;2;123;140;107m▀▀[48;2;33;57;7m [38;2;56;90;8m▀ [38;2;123;140;107m▀[48;2;231;231;231m[38;2;0;0;0m▀[48;2;0;0;0m           [m
[48;2;0;0;0m      [48;2;231;231;231m[38;2;0;0;0m▀[48;2;33;57;7m[38;2;123;140;107m▀ [48;2;255;140;140m[38;2;56;90;8m▀  [38;2;33;57;7m▀▀ [48;2;33;57;7m [48;2;123;140;107m   [48;2;74;107;23m[38;2;123;140;107m▀[48;2;23;67;1m[38;2;33;57;7m▀[48;2;255;140;140m▀[48;2;33;57;7m [38;2;123;140;107m▀[48;2;231;231;231m[38;2;0;0;0m▀[48;2;0;0;0m          [m
[48;2;0;0;0m     [48;2;231;231;231m[38;2;0;0;0m▀[48;2;33;57;7m[38;2;56;90;8m▀ [48;2;255;140;140m▀      [48;2;33;57;7m [48;2;123;140;107m  [38;2;118;143;91m▀ [48;2;33;57;7m [48;2;255;140;140m  [48;2;33;57;7m [38;2;123;140;107m▀[48;2;231;231;231m[38;2;0;0;0m▀[48;2;0;0;0m         [m
[48;2;0;0;0m    [48;2;231;231;231m[38;2;0;0;0m▀[48;2;33;57;7m[38;2;231;231;231m▀ [48;2;255;140;140m[38;2;33;57;7m▀       [48;2;56;90;8m▀[38;2;123;140;107m▀[48;2;123;140;107m  [48;2;33;57;7m[38;2;56;90;8m▀[48;2;255;140;140m[38;2;33;57;7m▀  [48;2;56;90;8m [48;2;33;57;7m [48;2;123;140;107m[38;2;231;231;231m▀[48;2;0;0;0m         [m
[48;2;0;0;0m    [48;2;33;57;7m[38;2;231;231;231m▀ [48;2;56;90;8m[38;2;33;57;7m▀[48;2;255;140;140m        [48;2;56;90;8m [48;2;33;57;7m [38;2;123;140;107m▀[38;2;56;90;8m▀ [48;2;255;140;140m▀  [48;2;56;90;8m[38;2;255;140;140m▀[48;2;33;57;7m [48;2;123;140;107m [48;2;0;0;0m         [m
[48;2;0;0;0m  [48;2;231;231;231m[38;2;0;0;0m▀[48;2;33;57;7m[38;2;231;231;231m▀ [48;2;255;140;140m[38;2;33;57;7m▀[38;2;56;90;8m▀[48;2;56;90;8m [48;2;255;140;140m        ▀[48;2;56;90;8m[38;2;33;57;7m▀▀[48;2;255;140;140m[38;2;56;90;8m▀   [48;2;33;57;7m▀ [48;2;231;231;231m [48;2;0;0;0m         [m
[48;2;231;231;231m[38;2;0;0;0m▀[48;2;33;57;7m[38;2;231;231;231m▀ [48;2;255;140;140m[38;2;33;57;7m▀[38;2;56;90;8m▀  [48;2;56;90;8m [38;2;255;140;140m▀▀▀[48;2;255;140;140m           [48;2;56;90;8m▀[48;2;33;57;7m [48;2;231;231;231m[38;2;123;140;107m▀[48;2;0;0;0m          [m
[48;2;56;90;8m[38;2;33;57;7m▀[48;2;255;140;140m▀[38;2;56;90;8m▀      ▀▀▀▀         [48;2;56;90;8m[38;2;255;140;140m▀[48;2;33;57;7m [48;2;231;231;231m [48;2;0;0;0m          [m
[48;2;0;0;0m[38;2;56;90;8m▀[38;2;255;140;140m▀▀▀▀▀▀▀▀▀▀▀▀▀▀▀▀▀▀▀▀▀▀[38;2;33;57;7m▀[38;2;231;231;231m▀          [m
