[48;2;0;0;0m         [48;2;231;231;231m[38;2;0;0;0m▀▀[48;2;123;140;107m▀[48;2;33;57;8m▀▀[48;2;57;90;8m▀[48;2;33;57;8m▀▀[48;2;123;140;107m▀[48;2;231;231;231m▀[48;2;0;0;0m                [m
[48;2;0;0;0m       [48;2;231;231;231m[38;2;0;0;0m▀[48;2;33;57;8m[38;2;231;231;231m▀[38;2;123;140;107m▀ [48;2;140;255;140m[38;2;33;57;8m▀[38;2;57;90;8m▀   [38;2;33;57;8m▀▀[48;2;33;57;8m[38;2;57;90;8m▀[48;2;57;90;8m[38;2;231;231;231m▀[48;2;231;231;231m[38;2;0;0;0m▀[48;2;0;0;0m              [m
[48;2;0;0;0m     [48;2;231;231;231m[38;2;0;0;0m▀[48;2;33;57;8m[38;2;231;231;231m▀ [48;2;140;255;140m[38;2;33;57;8m▀[48;2;57;90;8m [48;2;33;57;8m[38;2;57;90;8m▀[48;2;140;255;140m [48;2;57;90;8m[38;2;140;255;140m▀[48;2;33;57;8m[38;2;57;90;8m▀[48;2;57;90;8m[38;2;33;57;8m▀ [48;2;33;57;8m[38;2;57;90;8m▀[38;2;140;255;140m▀  [38;2;123;140;107m▀[48;2;231;231;231m[38;2;0;0;0m▀[48;2;0;0;0m             [m
[48;2;0;0;0m    [48;2;232;226;218m[38;2;0;0;0m▀[48;2;110;89;14m[38;2;123;140;107m▀[48;2;183;120;21m[38;2;33;57;8m▀[48;2;236;158;38m[38;2;140;255;140m▀[48;2;245;149;28m▀[38;2;33;57;8m▀[48;2;228;141;24m▀[48;2;215;179;60m[38;2;140;255;140m▀[48;2;110;89;14m[38;2;33;57;8m▀[48;2;69;94;9m[38;2;57;90;8m▀[48;2;123;140;107m   [48;2;57;90;8m[38;2;33;57;8m▀▀[48;2;140;255;140m▀[48;2;33;57;8m [38;2;123;140;107m▀[48;2;231;231;231m[38;2;0;0;0m▀[48;2;0;0;0m            [m
[48;2;0;0;0m   [48;2;247;147;26m[38;2;0;0;0m▀[38;2;242;171;85m▀[38;2;240;144;25m▀  [48;2;247;147;25m[38;2;247;147;26m▀[48;2;247;146;24m▀▀[48;2;247;147;25m▀[48;2;247;147;26m[38;2;241;145;25m▀[38;2;192;130;21m▀[48;2;232;146;36m[38;2;150;142;89m▀[48;2;161;142;82m[38;2;123;140;107m▀[48;2;123;140;107m [48;2;57;90;8m[38;2;33;57;8m▀ [48;2;140;255;140m [38;2;57;90;8m▀[48;2;57;90;8m[38;2;33;57;8m▀[48;2;33;57;8m[38;2;57;90;8m▀[48;2;231;231;231m [48;2;0;0;0m           [m
[48;2;0;0;0m [48;2;247;147;26m[38;2;0;0;0m▀   [48;2;247;148;27m[38;2;247;147;26m▀[48;2;249;179;94m[38;2;247;146;23m▀[48;2;249;178;92m[38;2;247;144;20m▀[48;2;252;210;159m[38;2;249;169;72m▀[48;2;251;207;153m[38;2;249;182;99m▀[48;2;252;210;160m[38;2;248;158;50m▀[48;2;250;184;105m[38;2;248;155;42m▀[48;2;247;145;22m[38;2;247;147;25m▀[48;2;247;147;26m  [38;2;231;146;36m▀[48;2;211;145;50m[38;2;150;142;89m▀[48;2;46;63;9m[38;2;33;57;8m▀[48;2;140;255;140m[38;2;57;90;8m▀   [48;2;57;90;8m[38;2;33;57;8m▀[48;2;33;57;8m[38;2;57;90;8m▀[48;2;231;231;231m [48;2;0;0;0m          [m
[48;2;247;147;26m[38;2;0;0;0m▀    [48;2;247;147;25m[38;2;247;148;29m▀[48;2;247;151;34m[38;2;251;198;133m▀[48;2;253;227;196m[38;2;254;244;231m▀[48;2;254;247;239m[38;2;255;252;249m▀[48;2;251;204;147m[38;2;254;238;218m▀[48;2;253;227;196m[38;2;254;243;229m▀[48;2;254;248;239m[38;2;250;190;117m▀[48;2;251;203;145m[38;2;247;148;29m▀[48;2;247;149;31m[38;2;247;147;25m▀[48;2;247;147;26m  [38;2;239;143;25m▀[48;2;182;119;20m[38;2;110;89;14m▀[48;2;140;255;140m    [38;2;57;90;8m▀[48;2;33;57;8m [48;2;123;140;107m[38;2;231;231;231m▀[48;2;0;0;0m          [m
[48;2;247;147;26m     [48;2;247;145;22m[38;2;247;146;24m▀[48;2;249;178;91m[38;2;248;160;54m▀[48;2;255;252;250m[38;2;254;242;228m▀[48;2;254;240;224m[38;2;253;228;199m▀[48;2;251;205;150m[38;2;247;149;29m▀[48;2;252;211;162m[38;2;248;159;52m▀[48;2;255;250;244m[38;2;254;240;223m▀[48;2;253;224;190m[38;2;254;243;230m▀[48;2;247;153;40m[38;2;248;161;55m▀[48;2;247;147;25m[38;2;247;146;24m▀[48;2;247;147;26m  [48;2;245;149;28m[38;2;236;158;38m▀[48;2;140;255;140m    [48;2;57;90;8m [48;2;33;57;8m [48;2;231;231;231m [48;2;0;0;0m          [m
[48;2;247;147;26m   [48;2;247;147;25m[38;2;247;147;26m▀[48;2;247;152;37m[38;2;247;147;25m▀[48;2;249;173;81m[38;2;247;144;20m▀[48;2;253;228;199m[38;2;251;200;138m▀[48;2;254;245;234m[38;2;255;254;253m▀[48;2;248;161;56m[38;2;251;206;151m▀[48;2;247;142;16m[38;2;251;207;153m▀[48;2;250;183;102m[38;2;254;243;230m▀[48;2;255;254;252m[38;2;255;251;247m▀[48;2;253;225;190m[38;2;250;187;110m▀[48;2;247;151;34m[38;2;247;146;24m▀[48;2;247;147;26m   [48;2;236;158;38m[38;2;245;149;28m▀[48;2;140;255;140m    [38;2;57;90;8m▀[48;2;57;90;8m[38;2;33;57;8m▀[48;2;33;57;8m[38;2;123;140;107m▀[48;2;123;140;107m[38;2;231;231;231m▀[48;2;231;231;231m[38;2;0;0;0m▀[48;2;0;0;0m        [m
[48;2;0;0;0m[38;2;247;147;26m▀[48;2;247;147;26m  [38;2;247;146;23m▀[48;2;247;150;33m[38;2;249;170;75m▀[48;2;248;163;59m[38;2;254;236;215m▀[48;2;252;219;178m[38;2;255;252;250m▀[48;2;253;234;211m[38;2;254;247;237m▀[48;2;254;244;232m[38;2;251;199;137m▀[48;2;254;247;238m[38;2;250;183;103m▀[48;2;254;248;239m[38;2;252;212;164m▀[48;2;254;236;214m[38;2;255;255;255m▀[48;2;249;175;86m[38;2;252;221;182m▀[48;2;247;146;24m[38;2;247;149;31m▀[48;2;247;147;26m  [48;2;243;151;30m[38;2;247;147;26m▀[48;2;179;216;99m[38;2;214;180;61m▀[48;2;140;255;140m      [38;2;57;90;8m▀[38;2;33;57;8m▀[48;2;33;57;8m [38;2;231;231;231m▀[48;2;231;231;231m[38;2;0;0;0m▀[48;2;0;0;0m      [m
[48;2;0;0;0m [38;2;247;147;26m▀[48;2;245;158;52m▀[48;2;247;147;26m [38;2;247;147;25m▀[48;2;247;147;27m[38;2;247;148;28m▀[48;2;248;158;49m[38;2;252;211;162m▀[48;2;248;159;51m[38;2;250;190;118m▀[48;2;250;187;111m[38;2;253;227;195m▀[48;2;247;153;38m[38;2;249;182;100m▀[48;2;247;145;23m[38;2;248;166;65m▀[48;2;247;146;25m[38;2;248;157;48m▀[48;2;247;147;26m   [48;2;234;161;40m[38;2;247;147;26m▀[48;2;163;231;115m[38;2;216;178;59m▀[48;2;140;255;140m[38;2;147;248;133m▀         [38;2;33;57;8m▀[48;2;33;57;8m [38;2;231;231;231m▀[48;2;231;231;231m[38;2;0;0;0m▀[48;2;0;0;0m    [m
[48;2;0;0;0m  [48;2;231;231;231m[38;2;236;205;168m▀[48;2;80;77;12m[38;2;222;136;24m▀[48;2;192;130;21m[38;2;247;147;26m▀[48;2;244;150;30m▀[48;2;247;147;26m[38;2;247;146;25m▀▀[38;2;247;146;24m▀   [48;2;244;150;30m[38;2;247;147;26m▀[48;2;216;178;59m▀[48;2;163;231;115m[38;2;234;160;39m▀[48;2;140;255;140m[38;2;173;222;105m▀            [38;2;57;90;8m▀[38;2;33;57;8m▀[48;2;33;57;8m [38;2;231;231;231m▀[48;2;231;231;231m[38;2;0;0;0m▀[48;2;0;0;0m  [m
[48;2;0;0;0m  [38;2;231;231;231m▀[38;2;33;57;8m▀[38;2;46;63;9m▀[38;2;110;89;14m▀[38;2;183;120;21m▀[38;2;227;139;24m▀[38;2;244;146;26m▀▀[38;2;227;139;24m▀[38;2;183;120;21m▀[38;2;110;89;14m▀[38;2;46;63;9m▀[38;2;33;57;8m▀▀▀▀▀▀▀▀▀▀▀▀▀▀▀▀▀▀▀  [m
