[48;2;0;0;0m                                   [m
[48;2;0;0;0m                                   [m
[48;2;0;0;0m                 [48;2;230;230;230m[38;2;0;0;0m▀▀▀▀▀▀[48;2;0;0;0m            [m
[48;2;0;0;0m             [48;2;230;230;230m[38;2;0;0;0m▀▀[48;2;33;57;8m[38;2;230;230;230m▀▀[38;2;123;132;113m▀ [48;2;57;89;8m[38;2;33;57;8m▀▀[48;2;33;57;8m [38;2;57;89;8m▀[38;2;230;230;230m▀▀[48;2;230;230;230m[38;2;0;0;0m▀[48;2;0;0;0m         [m
[48;2;0;0;0m           [48;2;230;230;230m[38;2;0;0;0m▀[48;2;123;132;113m[38;2;230;230;230m▀[48;2;33;57;8m[38;2;123;132;113m▀ [48;2;254;107;247m[38;2;33;57;8m▀[38;2;57;89;8m▀      ▀[38;2;33;57;8m▀[48;2;33;57;8m [48;2;123;132;113m[38;2;230;230;230m▀[48;2;0;0;0m        [m
[48;2;0;0;0m          [48;2;230;230;230m[38;2;0;0;0m▀[48;2;33;57;8m[38;2;230;230;230m▀ [48;2;254;107;247m[38;2;57;89;8m▀  [48;2;57;89;8m [48;2;33;57;8m [48;2;57;89;8m[38;2;254;107;247m▀▀[48;2;33;57;8m [48;2;123;132;113m[38;2;33;57;8m▀▀▀[48;2;33;57;8m   [48;2;230;230;230m [48;2;0;0;0m       [m
[48;2;0;0;0m         [48;2;230;230;230m[38;2;0;0;0m▀[48;2;33;57;8m[38;2;123;132;113m▀ [48;2;254;107;247m[38;2;57;89;8m▀[48;2;251;124;244m[38;2;254;107;247m▀[48;2;254;107;247m  [48;2;229;229;228m[38;2;165;166;161m▀[48;2;223;223;223m[38;2;34;59;8m▀[48;2;226;226;226m[38;2;254;107;247m▀[48;2;230;230;230m[38;2;57;89;8m▀[38;2;33;57;8m▀[38;2;123;132;113m▀▀▀[48;2;205;205;205m[38;2;57;89;8m▀[48;2;230;230;230m[38;2;33;57;8m▀[48;2;224;224;224m[38;2;119;125;114m▀[48;2;223;223;223m[38;2;207;207;207m▀[48;2;230;230;230m[38;2;0;0;0m▀[48;2;0;0;0m      [m
[48;2;0;0;0m        [48;2;123;132;113m[38;2;230;230;230m▀[48;2;33;57;8m[38;2;57;89;8m▀[48;2;57;89;8m[38;2;33;57;8m▀[48;2;254;107;247m [48;2;252;118;245m[38;2;254;107;247m▀[48;2;254;107;247m   [48;2;230;230;230m [48;2;215;215;215m[38;2;225;225;225m▀▀[48;2;211;211;211m[38;2;226;226;226m▀[48;2;212;212;212m[38;2;215;215;215m▀[48;2;213;213;213m[38;2;219;219;219m▀[48;2;217;217;217m[38;2;229;229;229m▀[48;2;226;226;226m[38;2;230;230;230m▀[48;2;228;228;227m▀[48;2;208;208;208m[38;2;222;222;222m▀[48;2;196;196;196m[38;2;210;210;210m▀[48;2;193;193;193m[38;2;201;201;201m▀[48;2;123;132;113m[38;2;230;230;230m▀[48;2;230;230;230m[38;2;0;0;0m▀[48;2;0;0;0m     [m
[48;2;0;0;0m       [48;2;123;132;113m[38;2;230;230;230m▀[48;2;33;57;8m  [48;2;254;107;247m      [48;2;224;224;224m▀[48;2;196;196;196m[38;2;210;210;210m▀[48;2;206;206;206m[38;2;196;196;196m▀[48;2;208;208;208m[38;2;193;193;193m▀[38;2;206;206;206m▀[48;2;210;210;210m[38;2;208;208;208m▀[48;2;217;217;217m[38;2;213;213;213m▀[48;2;219;219;219m[38;2;212;212;212m▀[48;2;227;227;227m[38;2;230;230;230m▀[48;2;204;204;204m[38;2;203;203;203m▀[48;2;193;193;193m[38;2;208;208;208m▀[48;2;205;205;205m[38;2;204;204;204m▀[48;2;146;146;146m[38;2;57;89;8m▀[48;2;230;230;230m [48;2;0;0;0m     [m
[48;2;0;0;0m     [48;2;230;230;230m[38;2;0;0;0m▀[48;2;57;89;8m[38;2;230;230;230m▀[48;2;33;57;8m [48;2;57;89;8m[38;2;33;57;8m▀[48;2;254;107;247m [48;2;57;89;8m [48;2;254;107;247m [38;2;245;158;240m▀[48;2;240;183;237m[38;2;254;107;247m▀[48;2;254;107;247m  [48;2;217;217;217m[38;2;208;208;208m▀[48;2;212;212;212m[38;2;196;196;196m▀[48;2;204;204;204m[38;2;208;208;208m▀[48;2;211;211;211m[38;2;213;213;213m▀[48;2;209;209;209m[38;2;217;217;217m▀[48;2;200;200;200m[38;2;215;215;215m▀[38;2;208;208;208m▀[48;2;201;201;201m[38;2;219;219;219m▀[48;2;203;203;203m[38;2;221;221;220m▀[48;2;208;208;208m [48;2;202;202;202m[38;2;201;201;201m▀[48;2;196;196;196m[38;2;190;190;190m▀[48;2;33;57;8m [48;2;230;230;230m [48;2;0;0;0m     [m
[48;2;0;0;0m    [48;2;230;230;230m[38;2;0;0;0m▀[48;2;33;57;8m[38;2;123;132;113m▀ [48;2;254;107;247m[38;2;57;89;8m▀  ▀[48;2;57;89;8m [38;2;254;107;247m▀▀▀[48;2;254;107;247m [38;2;222;222;222m▀[38;2;225;225;225m▀[38;2;227;227;227m▀[48;2;243;169;239m[38;2;219;219;219m▀[48;2;223;223;223m[38;2;213;213;213m▀[48;2;226;226;226m[38;2;217;217;217m▀[48;2;227;227;227m[38;2;219;219;219m▀[48;2;229;229;229m[38;2;221;221;220m▀[48;2;224;224;224m[38;2;212;212;212m▀[48;2;254;107;247m[38;2;222;222;222m▀[48;2;57;89;8m[38;2;223;223;223m▀[48;2;33;57;8m [48;2;230;230;230m[38;2;123;132;113m▀[48;2;0;0;0m[38;2;230;230;230m▀     [m
[48;2;0;0;0m [48;2;230;230;230m[38;2;0;0;0m▀[48;2;123;132;113m[38;2;230;230;230m▀[48;2;33;57;8m[38;2;123;132;113m▀ [48;2;254;107;247m[38;2;33;57;8m▀     [38;2;57;89;8m▀▀▀▀▀[48;2;57;89;8m  [38;2;254;107;247m▀[48;2;254;107;247m       [48;2;57;89;8m[38;2;33;57;8m▀[48;2;33;57;8m [48;2;230;230;230m [48;2;0;0;0m      [m
[48;2;0;0;0m [38;2;230;230;230m▀[38;2;33;57;8m▀▀▀▀▀▀▀▀▀▀▀▀▀▀▀▀▀▀▀▀▀▀▀▀▀▀[38;2;230;230;230m▀      [m
