[48;2;0;0;0m                  [48;2;231;231;231m[38;2;0;0;0m▀▀▀[48;2;122;125;112m▀[48;2;231;231;231m▀▀[48;2;122;125;112m▀[48;2;231;231;231m▀▀[48;2;0;0;0m        [m
[48;2;0;0;0m                [48;2;231;231;231m[38;2;0;0;0m▀[48;2;122;125;112m[38;2;231;231;231m▀[48;2;33;57;7m▀[38;2;122;125;112m▀   ▀[38;2;54;87;8m▀[38;2;122;125;112m▀[38;2;231;231;231m▀[48;2;122;125;112m[38;2;0;0;0m▀[48;2;0;0;0m       [m
[48;2;0;0;0m              [48;2;231;231;231m[38;2;0;0;0m▀[48;2;33;57;7m[38;2;231;231;231m▀ [48;2;54;87;8m[38;2;33;57;7m▀[48;2;33;57;7m[38;2;54;87;8m▀[48;2;54;87;8m[38;2;254;140;140m▀[48;2;254;140;140m [48;2;54;87;8m▀[48;2;33;57;7m▀▀▀[38;2;54;87;8m▀[48;2;54;87;8m[38;2;33;57;7m▀[48;2;33;57;7m [48;2;122;125;112m[38;2;231;231;231m▀[48;2;0;0;0m      [m
[48;2;0;0;0m             [48;2;122;125;112m[38;2;231;231;231m▀[48;2;33;57;7m [48;2;54;87;8m[38;2;33;57;7m▀[48;2;254;140;140m[38;2;54;87;8m▀▀[48;2;33;57;7m ▀[48;2;254;140;140m [48;2;33;57;7m [48;2;122;125;112m▀  [38;2;33;57;7m▀[48;2;33;57;7m   [48;2;122;125;112m[38;2;231;231;231m▀[48;2;0;0;0m     [m
[48;2;0;0;0m            [48;2;54;87;8m[38;2;231;231;231m▀[48;2;33;57;7m [48;2;54;87;8m[38;2;33;57;7m▀[48;2;254;140;140m  [48;2;198;198;198m[38;2;254;140;140m▀[48;2;254;140;140m   [48;2;33;57;7m [48;2;122;125;112m   [38;2;54;87;8m▀[48;2;33;57;7m [48;2;177;177;177m[38;2;254;140;140m▀[48;2;209;209;209m[38;2;33;57;7m▀[48;2;33;57;7m [48;2;122;125;112m[38;2;231;231;231m▀[48;2;0;0;0m    [m
[48;2;0;0;0m           [48;2;231;231;231m [48;2;33;57;7m  [48;2;254;140;140m   [48;2;233;233;233m[38;2;229;229;229m▀[48;2;225;225;225m[38;2;223;223;223m▀[38;2;226;226;226m▀[48;2;226;226;226m[38;2;233;233;233m▀[48;2;215;215;215m▀[48;2;218;218;218m[38;2;232;232;232m▀[48;2;229;229;229m[38;2;233;233;233m▀[48;2;233;233;233m[38;2;232;232;232m▀[38;2;217;217;217m▀[48;2;222;222;222m[38;2;232;232;232m▀[48;2;210;210;210m[38;2;224;224;224m▀[48;2;201;201;201m[38;2;223;223;223m▀[48;2;89;89;89m[38;2;37;60;10m▀[48;2;33;57;7m [48;2;231;231;231m [48;2;0;0;0m   [m
[48;2;0;0;0m          [48;2;231;231;231m [48;2;33;57;7m  [48;2;254;140;140m[38;2;253;140;140m▀   [48;2;231;231;231m[38;2;230;230;230m▀[48;2;210;210;210m[38;2;214;214;214m▀[48;2;198;198;198m[38;2;215;215;215m▀[48;2;195;195;195m[38;2;211;211;211m▀[48;2;206;206;206m[38;2;212;212;212m▀[48;2;208;208;208m[38;2;213;213;213m▀[48;2;213;213;213m[38;2;216;216;216m▀[48;2;212;212;212m[38;2;226;226;226m▀[48;2;230;230;230m[38;2;228;228;228m▀[48;2;203;203;203m[38;2;208;208;208m▀[48;2;208;208;208m[38;2;195;195;195m▀[48;2;205;205;205m[38;2;192;192;192m▀[48;2;254;140;140m[38;2;54;87;8m▀[48;2;33;57;7m [48;2;122;125;112m [48;2;0;0;0m   [m
[48;2;0;0;0m         [48;2;231;231;231m[38;2;0;0;0m▀[48;2;33;57;7m  [48;2;54;87;8m [48;2;134;129;114m[38;2;254;140;140m▀[48;2;254;140;140m   [48;2;208;208;208m[38;2;224;224;224m▀[48;2;195;195;195m [48;2;208;208;208m[38;2;206;206;206m▀[48;2;213;213;213m[38;2;208;208;208m▀[48;2;216;216;216m▀[48;2;215;215;215m[38;2;210;210;210m▀[48;2;208;208;208m[38;2;216;216;216m▀[48;2;218;218;218m[38;2;219;219;219m▀[48;2;220;220;220m[38;2;227;227;227m▀[48;2;208;208;208m[38;2;205;205;205m▀[48;2;201;201;201m[38;2;195;195;195m▀[48;2;198;198;198m[38;2;205;205;205m▀[48;2;54;87;8m[38;2;167;167;167m▀[48;2;33;57;7m [48;2;231;231;231m[38;2;122;125;112m▀[48;2;0;0;0m   [m
[48;2;0;0;0m       [48;2;231;231;231m[38;2;0;0;0m▀[48;2;33;57;7m[38;2;231;231;231m▀ [48;2;54;87;8m[38;2;33;57;7m▀[48;2;254;140;140m  [48;2;54;87;8m [48;2;254;140;140m[38;2;205;205;205m▀  [48;2;222;222;222m[38;2;216;216;216m▀[48;2;225;225;225m[38;2;212;212;212m▀[48;2;227;227;227m[38;2;205;205;205m▀[48;2;218;218;218m[38;2;211;211;211m▀[48;2;213;213;213m[38;2;209;209;209m▀[48;2;216;216;216m[38;2;200;200;200m▀[48;2;219;219;219m▀[48;2;221;221;221m[38;2;201;201;201m▀[48;2;212;212;212m[38;2;203;203;203m▀[48;2;222;222;222m[38;2;208;208;208m▀[48;2;223;223;223m[38;2;203;203;203m▀[48;2;254;140;140m[38;2;214;214;214m▀[48;2;33;57;7m [48;2;122;125;112m[38;2;33;57;7m▀[48;2;0;0;0m[38;2;231;231;231m▀   [m
[48;2;0;0;0m    [48;2;231;231;231m[38;2;0;0;0m▀[48;2;122;125;112m[38;2;231;231;231m▀[48;2;33;57;7m▀ [48;2;54;87;8m[38;2;33;57;7m▀[48;2;254;140;140m    [38;2;54;87;8m▀▀[48;2;54;87;8m  [38;2;254;140;140m▀▀[48;2;254;140;140m [38;2;189;189;189m▀[38;2;223;223;223m▀[38;2;226;226;226m▀[38;2;227;227;227m▀[38;2;229;229;229m▀[38;2;223;223;223m▀  [38;2;54;87;8m▀[48;2;33;57;7m [48;2;231;231;231m [48;2;0;0;0m    [m
[48;2;0;0;0m   [48;2;231;231;231m[38;2;0;0;0m▀[48;2;33;57;7m[38;2;122;125;112m▀ [48;2;54;87;8m [48;2;254;140;140m                     [38;2;54;87;8m▀[48;2;33;57;7m [48;2;231;231;231m [48;2;0;0;0m    [m
[48;2;0;0;0m [48;2;231;231;231m[38;2;0;0;0m▀[48;2;122;125;112m[38;2;231;231;231m▀[48;2;33;57;7m [48;2;54;87;8m[38;2;33;57;7m▀[48;2;254;140;140m                       [38;2;54;87;8m▀[48;2;33;57;7m [38;2;122;125;112m▀[48;2;0;0;0m    [m
[48;2;0;0;0m [38;2;231;231;231m▀[38;2;122;125;112m▀[38;2;33;57;7m▀▀▀▀▀▀▀▀▀▀▀▀▀▀▀▀▀▀▀▀▀▀▀▀▀▀▀▀    [m
