[48;2;0;0;0m        [48;2;231;231;231m[38;2;0;0;0m▀▀▀▀▀▀[48;2;0;0;0m                     [m
[48;2;0;0;0m     [48;2;231;231;231m[38;2;0;0;0m▀▀[48;2;33;57;8m[38;2;231;231;231m▀[38;2;122;127;117m▀▀▀[38;2;57;88;11m▀▀[38;2;231;231;231m▀▀[48;2;231;231;231m[38;2;0;0;0m▀▀[48;2;0;0;0m                  [m
[48;2;0;0;0m   [48;2;231;231;231m[38;2;0;0;0m▀[48;2;122;127;117m[38;2;231;231;231m▀[48;2;33;57;8m[38;2;122;127;117m▀ [48;2;148;254;254m[38;2;33;57;8m▀[38;2;57;88;11m▀    [38;2;33;57;8m▀▀[48;2;57;88;11m▀[48;2;33;57;8m[38;2;122;127;117m▀[48;2;122;127;117m[38;2;231;231;231m▀[48;2;231;231;231m[38;2;0;0;0m▀[48;2;0;0;0m                [m
[48;2;0;0;0m  [48;2;231;231;231m [48;2;33;57;8m[38;2;122;127;117m▀ [48;2;148;254;254m[38;2;57;88;11m▀[48;2;33;57;8m  [48;2;57;88;11m[38;2;148;254;254m▀▀[48;2;33;57;8m [48;2;122;127;117m[38;2;33;57;8m▀[48;2;57;88;11m▀▀[48;2;33;57;8m[38;2;57;88;11m▀   [38;2;231;231;231m▀[48;2;231;231;231m[38;2;0;0;0m▀[48;2;0;0;0m               [m
[48;2;0;0;0m [48;2;231;231;231m[38;2;0;0;0m▀[48;2;33;57;8m[38;2;122;127;117m▀ [48;2;148;254;254m [48;2;206;243;242m[38;2;148;254;254m▀[48;2;148;254;254m[38;2;57;88;11m▀▀ [48;2;33;57;8m [48;2;57;88;11m [48;2;122;127;117m   [48;2;57;88;11m[38;2;33;57;8m▀[48;2;122;127;117m▀[48;2;230;230;229m▀[48;2;148;254;254m[38;2;57;88;11m▀[48;2;33;57;8m [38;2;231;231;231m▀[48;2;231;231;231m[38;2;0;0;0m▀[48;2;0;0;0m              [m
[48;2;231;231;231m[38;2;0;0;0m▀ [48;2;33;57;8m[38;2;63;83;33m▀[48;2;57;88;11m [48;2;148;254;254m [48;2;230;236;236m[38;2;229;229;228m▀[48;2;225;225;225m[38;2;223;223;223m▀[38;2;226;226;226m▀[48;2;226;226;226m[38;2;230;236;236m▀[48;2;216;216;216m▀[48;2;218;218;218m[38;2;232;232;232m▀[48;2;229;229;229m[38;2;233;234;233m▀[48;2;233;234;233m[38;2;232;232;232m▀[48;2;231;235;234m[38;2;218;218;218m▀[48;2;222;222;222m[38;2;232;232;232m▀[48;2;210;210;210m[38;2;224;224;224m▀[48;2;201;201;201m[38;2;223;223;223m▀[48;2;160;253;253m[38;2;148;254;254m▀[48;2;148;254;254m[38;2;57;88;11m▀[48;2;33;57;8m [48;2;122;127;117m[38;2;231;231;231m▀[48;2;231;231;231m[38;2;0;0;0m▀[48;2;0;0;0m             [m
[48;2;231;231;231m [48;2;122;127;117m[38;2;132;132;132m▀[48;2;33;57;8m [48;2;57;88;11m[38;2;148;254;254m▀[48;2;148;254;254m [48;2;231;231;231m[38;2;230;230;229m▀[48;2;210;210;210m[38;2;214;214;214m▀[48;2;197;197;197m[38;2;216;216;216m▀[48;2;195;195;195m[38;2;211;211;211m▀[48;2;206;206;206m[38;2;212;212;212m▀[48;2;208;208;208m[38;2;214;214;214m▀[48;2;214;214;214m[38;2;216;216;216m▀[48;2;212;212;212m[38;2;226;226;226m▀[48;2;230;230;229m[38;2;228;228;228m▀[48;2;203;203;203m[38;2;208;208;208m▀[48;2;208;208;208m[38;2;197;197;197m▀[48;2;204;204;204m[38;2;193;193;193m▀[48;2;148;254;254m  [38;2;33;57;8m▀[48;2;33;57;8m [48;2;231;231;231m [48;2;0;0;0m             [m
[48;2;231;231;231m [48;2;231;235;234m[38;2;122;127;117m▀[48;2;33;57;8m [48;2;57;88;11m[38;2;148;254;254m▀[48;2;148;254;254m [48;2;208;208;208m[38;2;224;224;224m▀[48;2;197;197;197m[38;2;195;195;195m▀[48;2;208;208;208m[38;2;206;206;206m▀[48;2;214;214;214m[38;2;208;208;208m▀[48;2;216;216;216m▀[38;2;210;210;210m▀[48;2;208;208;208m[38;2;216;216;216m▀[48;2;218;218;218m[38;2;219;219;219m▀[48;2;220;220;220m[38;2;227;227;227m▀[48;2;208;208;208m[38;2;204;204;204m▀[48;2;201;201;201m[38;2;195;195;195m▀[48;2;206;206;206m[38;2;205;205;205m▀[48;2;148;254;254m[38;2;194;246;246m▀ [48;2;57;88;11m [48;2;33;57;8m [48;2;231;231;231m [48;2;0;0;0m             [m
[48;2;0;0;0m [48;2;231;231;231m [48;2;33;57;8m[38;2;167;167;167m▀[38;2;57;88;11m▀[48;2;148;254;254m [48;2;222;222;222m[38;2;216;216;216m▀[48;2;225;225;225m[38;2;212;212;212m▀[48;2;227;227;227m[38;2;204;204;204m▀[48;2;218;218;218m[38;2;211;211;211m▀[48;2;214;214;214m[38;2;209;209;209m▀[48;2;216;216;216m[38;2;200;200;200m▀[48;2;219;219;219m▀[48;2;221;221;221m[38;2;201;201;201m▀[48;2;212;212;212m[38;2;203;203;203m▀[48;2;222;222;222m[38;2;208;208;208m▀[48;2;223;223;223m[38;2;202;202;202m▀[48;2;148;254;254m[38;2;219;240;239m▀  [38;2;57;88;11m▀[48;2;33;57;8m [38;2;231;231;231m▀[48;2;57;88;11m[38;2;0;0;0m▀[48;2;231;231;231m▀[48;2;0;0;0m           [m
[48;2;0;0;0m [38;2;231;231;231m▀[48;2;122;127;117m[38;2;33;57;8m▀[48;2;33;57;8m [48;2;57;88;11m[38;2;148;254;254m▀[48;2;148;254;254m   [38;2;194;246;246m▀[38;2;223;223;222m▀[38;2;226;226;226m▀[38;2;227;227;227m▀[38;2;229;229;229m▀[38;2;224;224;224m▀       [38;2;33;57;8m▀▀[48;2;33;57;8m [38;2;122;127;117m▀[38;2;231;231;231m▀[48;2;122;127;117m[38;2;0;0;0m▀[48;2;231;231;231m▀[48;2;0;0;0m       [m
[48;2;0;0;0m  [48;2;231;231;231m[38;2;122;127;117m▀[48;2;33;57;8m [48;2;148;254;254m[38;2;57;88;11m▀[48;2;57;88;11m    [38;2;148;254;254m▀▀[48;2;148;254;254m             [38;2;57;88;11m▀[38;2;33;57;8m▀[48;2;33;57;8m [38;2;122;127;117m▀[38;2;231;231;231m▀[48;2;231;231;231m[38;2;0;0;0m▀[48;2;0;0;0m     [m
[48;2;0;0;0m  [48;2;122;127;117m [48;2;33;57;8m [48;2;148;254;254m    [38;2;57;88;11m▀▀▀                [38;2;33;57;8m▀▀[48;2;33;57;8m [38;2;231;231;231m▀[48;2;122;127;117m[38;2;0;0;0m▀[48;2;0;0;0m   [m
[48;2;0;0;0m  [38;2;122;127;117m▀[38;2;33;57;8m▀▀▀▀▀▀▀▀▀▀▀▀▀▀▀▀▀▀▀▀▀▀▀▀▀▀▀▀[38;2;122;127;117m▀   [m
