[48;2;0;0;0m         [48;2;231;231;231m[38;2;0;0;0m▀▀[48;2;122;139;108m▀[48;2;33;58;8m▀▀[48;2;50;80;8m▀[48;2;33;58;8m▀▀[48;2;122;139;108m▀[48;2;231;231;231m▀[48;2;0;0;0m                [m
[48;2;0;0;0m       [48;2;231;231;231m[38;2;0;0;0m▀[48;2;33;58;8m[38;2;231;231;231m▀[38;2;122;139;108m▀ [48;2;140;254;140m[38;2;33;58;8m▀[38;2;50;80;8m▀   [38;2;33;58;8m▀▀[48;2;33;58;8m[38;2;50;80;8m▀[48;2;50;80;8m[38;2;231;231;231m▀[48;2;231;231;231m[38;2;0;0;0m▀[48;2;0;0;0m              [m
[48;2;0;0;0m     [48;2;231;231;231m[38;2;0;0;0m▀[48;2;33;58;8m[38;2;231;231;231m▀ [48;2;140;254;140m[38;2;33;58;8m▀[48;2;50;80;8m [48;2;33;58;8m[38;2;50;80;8m▀[48;2;140;254;140m [48;2;50;80;8m[38;2;140;254;140m▀[48;2;33;58;8m[38;2;50;80;8m▀[48;2;50;80;8m[38;2;33;58;8m▀ [48;2;33;58;8m[38;2;50;80;8m▀[38;2;140;254;140m▀  [38;2;122;139;108m▀[48;2;231;231;231m[38;2;0;0;0m▀[48;2;0;0;0m             [m
[48;2;0;0;0m    [48;2;231;231;231m[38;2;0;0;0m▀[48;2;33;58;8m[38;2;122;139;108m▀ [48;2;140;254;140m  [38;2;33;58;8m▀[48;2;50;80;8m▀[48;2;140;254;140m [48;2;33;58;8m [48;2;50;80;8m [48;2;122;139;108m   [48;2;50;80;8m▀▀[48;2;140;254;140m▀[48;2;33;58;8m [38;2;122;139;108m▀[48;2;231;231;231m[38;2;0;0;0m▀[48;2;0;0;0m            [m
[48;2;0;0;0m    [48;2;122;139;108m[38;2;231;231;231m▀[48;2;33;58;8m [48;2;50;80;8m [48;2;140;254;140m   [48;2;229;229;229m[38;2;197;215;196m▀[48;2;223;223;223m[38;2;140;254;140m▀[48;2;226;226;226m[38;2;50;80;8m▀[48;2;235;235;235m▀[38;2;122;139;108m▀[48;2;232;232;232m▀[48;2;233;233;233m▀[48;2;231;231;231m[38;2;33;58;8m▀[48;2;203;214;202m[38;2;50;80;8m▀[48;2;232;232;232m[38;2;140;254;140m▀[48;2;224;224;224m[38;2;123;146;110m▀[48;2;223;223;223m[38;2;179;194;179m▀[48;2;37;62;7m[38;2;50;80;8m▀[48;2;231;231;231m [48;2;0;0;0m           [m
[48;2;0;0;0m   [48;2;231;231;231m [48;2;33;58;8m[38;2;50;80;8m▀ [48;2;140;253;140m[38;2;140;254;140m▀[48;2;140;254;140m   [48;2;230;230;230m[38;2;237;237;237m▀[48;2;214;214;214m[38;2;225;225;225m▀[48;2;215;215;215m▀[48;2;210;214;210m[38;2;226;226;226m▀[48;2;212;214;212m[38;2;215;215;215m▀[38;2;218;218;218m▀[48;2;216;216;216m[38;2;229;229;229m▀[48;2;226;226;226m[38;2;233;233;233m▀[48;2;228;228;228m[38;2;235;235;235m▀[48;2;208;214;208m[38;2;222;222;222m▀[48;2;197;215;196m[38;2;210;214;210m▀[48;2;192;215;191m[38;2;200;214;200m▀[48;2;50;80;8m[38;2;69;69;69m▀[48;2;33;58;8m[38;2;50;80;8m▀[48;2;231;231;231m [48;2;0;0;0m          [m
[48;2;0;0;0m   [48;2;231;231;231m [48;2;33;58;8m [38;2;50;80;8m▀[48;2;140;254;140m    [48;2;224;224;224m[38;2;231;231;231m▀[48;2;194;215;193m[38;2;210;214;210m▀[48;2;205;214;205m[38;2;197;215;196m▀[48;2;208;214;208m[38;2;194;215;193m▀[38;2;205;214;205m▀[48;2;210;214;210m[38;2;208;214;208m▀[48;2;216;216;216m[38;2;212;214;212m▀[48;2;219;219;219m▀[48;2;227;227;227m[38;2;230;230;230m▀[48;2;205;214;205m[38;2;203;214;202m▀[48;2;194;215;193m[38;2;208;214;208m▀[48;2;205;214;205m [48;2;194;215;193m[38;2;50;80;8m▀[48;2;33;58;8m [48;2;122;139;108m[38;2;231;231;231m▀[48;2;0;0;0m          [m
[48;2;0;0;0m   [38;2;231;231;231m▀[48;2;122;139;108m[38;2;33;58;8m▀[48;2;33;58;8m [48;2;140;254;140m[38;2;186;216;186m▀[48;2;203;214;202m[38;2;140;254;140m▀[48;2;140;254;140m  [48;2;216;216;216m[38;2;208;214;208m▀[48;2;212;214;212m[38;2;197;215;196m▀[48;2;205;214;205m[38;2;208;214;208m▀[48;2;210;214;210m[38;2;212;214;212m▀[48;2;208;214;208m[38;2;216;216;216m▀[48;2;200;214;200m[38;2;215;215;215m▀[38;2;208;214;208m▀[38;2;218;218;218m▀[48;2;203;214;202m[38;2;220;220;220m▀[48;2;208;214;208m [48;2;203;214;202m[38;2;200;214;200m▀[48;2;215;215;215m[38;2;197;215;196m▀[48;2;50;80;8m [48;2;33;58;8m [48;2;231;231;231m [48;2;0;0;0m          [m
[48;2;0;0;0m    [48;2;231;231;231m[38;2;122;139;108m▀[48;2;33;58;8m [38;2;50;80;8m▀[48;2;50;80;8m[38;2;140;254;140m▀[48;2;140;254;140m  [38;2;222;222;222m▀[38;2;225;225;225m▀[38;2;227;227;227m▀[48;2;188;218;187m[38;2;218;218;218m▀[48;2;223;223;223m[38;2;212;214;212m▀[48;2;226;226;226m[38;2;216;216;216m▀[48;2;227;227;227m[38;2;219;219;219m▀[48;2;229;229;229m[38;2;221;221;221m▀[48;2;223;223;223m[38;2;212;214;212m▀[48;2;140;254;140m[38;2;222;222;222m▀[38;2;223;223;223m▀ [38;2;50;80;8m▀[48;2;50;80;8m[38;2;33;58;8m▀[48;2;33;58;8m[38;2;122;139;108m▀[48;2;122;139;108m[38;2;231;231;231m▀[48;2;231;231;231m[38;2;0;0;0m▀[48;2;0;0;0m        [m
[48;2;0;0;0m   [48;2;231;231;231m[38;2;0;0;0m▀[48;2;122;139;108m [48;2;33;58;8m [48;2;50;80;8m [48;2;140;254;140m[38;2;50;80;8m▀[48;2;50;80;8m   [38;2;140;254;140m▀[48;2;140;254;140m            [38;2;50;80;8m▀[38;2;33;58;8m▀[48;2;33;58;8m [38;2;231;231;231m▀[48;2;231;231;231m[38;2;0;0;0m▀[48;2;0;0;0m      [m
[48;2;0;0;0m  [48;2;231;231;231m[38;2;0;0;0m▀[48;2;122;139;108m[38;2;231;231;231m▀[48;2;33;58;8m [48;2;50;80;8m[38;2;33;58;8m▀[48;2;140;254;140m   [38;2;50;80;8m▀▀▀▀              [38;2;33;58;8m▀[48;2;33;58;8m [38;2;231;231;231m▀[48;2;231;231;231m[38;2;0;0;0m▀[48;2;0;0;0m    [m
[48;2;0;0;0m  [48;2;231;231;231m [48;2;33;58;8m [48;2;50;80;8m[38;2;33;58;8m▀[48;2;140;254;140m                       [38;2;50;80;8m▀[38;2;33;58;8m▀[48;2;33;58;8m [38;2;231;231;231m▀[48;2;231;231;231m[38;2;0;0;0m▀[48;2;0;0;0m  [m
[48;2;0;0;0m  [38;2;231;231;231m▀[38;2;33;58;8m▀▀▀▀▀▀▀▀▀▀▀▀▀▀▀▀▀▀▀▀▀▀▀▀▀▀▀▀▀▀  [m
