[48;2;0;0;0m                                   [m
[48;2;0;0;0m                                   [m
[48;2;0;0;0m           [48;2;230;214;230m[38;2;0;0;0m▀▀▀ [48;2;123;135;111m[38;2;230;214;230m▀▀▀▀[48;2;230;214;230m[38;2;0;0;0m▀▀[48;2;0;0;0m              [m
[48;2;0;0;0m         [48;2;230;214;230m[38;2;0;0;0m▀[48;2;33;57;8m[38;2;230;214;230m▀[38;2;123;135;111m▀ [48;2;57;89;9m[38;2;33;57;8m▀▀[48;2;255;140;255m▀▀▀[48;2;57;89;9m▀▀[48;2;33;57;8m [38;2;230;214;230m▀[48;2;230;214;230m[38;2;0;0;0m▀[48;2;0;0;0m            [m
[48;2;0;0;0m       [48;2;230;214;230m [48;2;33;57;8m[38;2;123;135;111m▀ [48;2;255;140;255m[38;2;33;57;8m▀ [48;2;57;89;9m[38;2;255;140;255m▀[48;2;33;57;8m▀[48;2;255;140;255m       [48;2;57;89;9m[38;2;33;57;8m▀[48;2;33;57;8m [48;2;123;135;111m[38;2;230;214;230m▀[48;2;0;0;0m           [m
[48;2;0;0;0m     [48;2;230;214;230m[38;2;0;0;0m▀[48;2;123;135;111m[38;2;230;214;230m▀[48;2;33;57;8m [48;2;255;140;255m[38;2;33;57;8m▀   [48;2;57;89;9m▀[48;2;33;57;8m [48;2;255;140;255m [48;2;33;57;8m[38;2;255;140;255m▀ [48;2;123;135;111m[38;2;33;57;8m▀▀▀[48;2;33;57;8m   [38;2;123;135;111m▀[48;2;230;214;230m[38;2;0;0;0m▀[48;2;0;0;0m          [m
[48;2;0;0;0m    [48;2;230;214;230m[38;2;0;0;0m▀[48;2;123;135;111m[38;2;230;214;230m▀[48;2;33;57;8m [48;2;57;89;9m [48;2;255;140;255m       [48;2;33;57;8m[38;2;57;89;9m▀[48;2;57;89;9m [48;2;123;135;111m   [48;2;57;89;9m[38;2;33;57;8m▀ [48;2;255;140;255m[38;2;57;89;9m▀[48;2;33;57;8m [38;2;123;135;111m▀[48;2;230;214;230m[38;2;0;0;0m▀[48;2;0;0;0m         [m
[48;2;0;0;0m    [48;2;230;214;230m [48;2;33;57;8m [48;2;57;89;9m [48;2;255;140;255m [48;2;254;151;254m[38;2;255;140;255m▀[48;2;255;140;255m  [48;2;227;218;227m[38;2;238;197;238m▀[48;2;223;218;223m[38;2;255;140;255m▀[48;2;225;218;225m▀[48;2;230;214;230m▀[38;2;57;89;9m▀▀[38;2;123;135;111m▀▀[48;2;217;217;217m▀[48;2;230;214;230m[38;2;33;57;8m▀[48;2;225;218;225m[38;2;123;135;111m▀[48;2;223;218;223m[38;2;232;208;232m▀[48;2;254;143;254m[38;2;57;89;9m▀[48;2;33;57;8m [48;2;123;135;111m[38;2;230;214;230m▀[48;2;230;214;230m[38;2;0;0;0m▀[48;2;0;0;0m        [m
[48;2;0;0;0m    [48;2;230;214;230m [48;2;33;57;8m [48;2;57;89;9m[38;2;255;140;255m▀[48;2;254;148;254m▀[48;2;255;140;255m   [48;2;230;214;230m [48;2;214;214;214m[38;2;225;218;225m▀[48;2;215;215;215m▀[48;2;211;211;211m▀[48;2;212;212;212m[38;2;215;215;215m▀[48;2;213;213;213m[38;2;218;218;218m▀[48;2;216;216;216m[38;2;227;218;227m▀[48;2;225;218;225m[38;2;230;214;230m▀[48;2;227;218;227m▀[48;2;208;208;208m[38;2;222;219;222m▀[48;2;196;196;196m[38;2;210;210;210m▀[48;2;192;192;192m[38;2;201;201;201m▀[48;2;255;140;255m[38;2;253;156;253m▀[48;2;57;89;9m[38;2;33;57;8m▀[48;2;33;57;8m [48;2;230;214;230m [48;2;0;0;0m        [m
[48;2;0;0;0m    [48;2;123;135;111m[38;2;230;214;230m▀[48;2;33;57;8m [38;2;57;89;9m▀[48;2;57;89;9m[38;2;255;140;255m▀[48;2;255;140;255m   [48;2;225;218;225m[38;2;230;214;230m▀[48;2;196;196;196m[38;2;210;210;210m▀[48;2;206;206;206m[38;2;197;197;197m▀[48;2;208;208;208m[38;2;194;194;194m▀[38;2;206;206;206m▀[48;2;210;210;210m[38;2;208;208;208m▀[48;2;216;216;216m[38;2;213;213;213m▀[48;2;218;218;218m[38;2;212;212;212m▀[48;2;227;218;227m[38;2;230;214;230m▀[48;2;204;204;204m[38;2;203;203;203m▀[48;2;194;194;194m[38;2;208;208;208m▀[48;2;205;205;205m[38;2;204;204;204m▀[48;2;241;190;241m[38;2;255;140;255m▀[48;2;57;89;9m[38;2;33;57;8m▀[48;2;33;57;8m [48;2;230;214;230m [48;2;0;0;0m        [m
[48;2;0;0;0m   [48;2;123;135;111m[38;2;230;214;230m▀[48;2;33;57;8m [48;2;57;89;9m[38;2;33;57;8m▀[48;2;255;140;255m [48;2;57;89;9m[38;2;123;135;111m▀[48;2;176;176;176m[38;2;57;89;9m▀[48;2;57;89;9m[38;2;255;140;255m▀▀[48;2;216;216;216m[38;2;208;208;208m▀[48;2;212;212;212m[38;2;196;196;196m▀[48;2;204;204;204m[38;2;208;208;208m▀[48;2;211;211;211m[38;2;213;213;213m▀[48;2;209;209;209m[38;2;216;216;216m▀[48;2;200;200;200m[38;2;215;215;215m▀[38;2;208;208;208m▀[48;2;201;201;201m[38;2;218;218;218m▀[48;2;203;203;203m[38;2;220;218;220m▀[48;2;208;208;208m [48;2;202;202;202m[38;2;201;201;201m▀[48;2;230;214;230m[38;2;206;206;206m▀[48;2;57;89;9m[38;2;255;140;255m▀[48;2;33;57;8m [48;2;230;214;230m[38;2;123;135;111m▀[48;2;0;0;0m[38;2;230;214;230m▀        [m
[48;2;0;0;0m [48;2;230;214;230m[38;2;0;0;0m▀[48;2;33;57;8m[38;2;230;214;230m▀ [48;2;255;140;255m[38;2;57;89;9m▀  ▀▀▀[48;2;57;89;9m [38;2;222;219;222m▀[38;2;225;218;225m▀[38;2;227;218;227m▀[48;2;151;154;147m[38;2;218;218;218m▀[48;2;222;219;222m[38;2;213;213;213m▀[48;2;225;218;225m[38;2;216;216;216m▀[48;2;227;218;227m[38;2;218;218;218m▀[38;2;222;219;222m▀[48;2;225;218;225m[38;2;212;212;212m▀[48;2;255;140;255m[38;2;222;219;222m▀[38;2;223;218;223m▀ [38;2;33;57;8m▀[48;2;33;57;8m [48;2;123;135;111m[38;2;230;214;230m▀[48;2;0;0;0m         [m
[48;2;0;0;0m [38;2;230;214;230m▀[38;2;33;57;8m▀▀▀▀▀▀▀▀▀▀▀▀▀▀▀▀▀▀▀▀▀▀▀[38;2;230;214;230m▀         [m
