[48;2;0;0;0m                                                                                                                                [m
[48;2;0;0;0m                                                                                                                                [m
[48;2;0;0;0m                                                                                                                                [m
[48;2;0;0;0m                                                                                                                                [m
[48;2;0;0;0m                                                                                                                               [48;2;89;47;85m[38;2;0;0;0m▀[m
[48;2;0;0;0m                                                                                                                            [48;2;227;123;224m[38;2;0;1;0m▀[48;2;250;136;248m[38;2;227;123;224m▀[48;2;241;131;241m▀[48;2;227;123;224m [m
[48;2;0;0;0m                                                                                                                         [48;2;7;10;6m[38;2;0;0;0m▀[48;2;227;123;224m[38;2;8;5;11m▀[48;2;129;69;129m[38;2;43;25;46m▀[48;2;227;123;224m [48;2;255;140;255m[38;2;250;136;248m▀[48;2;214;118;215m[38;2;43;25;46m▀[48;2;3;6;2m[38;2;227;123;224m▀[m
[48;2;0;0;0m                                                                                                                       [48;2;227;123;224m[38;2;0;0;0m▀[38;2;0;1;0m▀   [48;2;241;131;241m[38;2;250;136;248m▀[48;2;227;123;224m▀[48;2;0;0;0m[38;2;0;1;0m▀ [m
[48;2;0;0;0m                                                                                                                    [48;2;0;1;0m[38;2;0;0;0m▀[48;2;227;123;224m▀[48;2;113;61;114m▀[48;2;227;123;224m    [38;2;214;118;215m▀[48;2;61;32;59m[38;2;241;131;241m▀[48;2;3;6;2m[38;2;28;12;18m▀[48;2;0;0;0m  [m
[48;2;0;0;0m                                                                                                                 [48;2;0;1;0m[38;2;0;0;0m▀[48;2;227;123;224m[38;2;0;1;0m▀▀ [48;2;8;5;11m[38;2;227;123;224m▀[48;2;241;131;241m[38;2;0;1;0m▀ [48;2;227;123;224m  [48;2;0;1;0m[38;2;227;123;224m▀[48;2;0;0;0m[38;2;0;1;0m▀    [m
[48;2;0;0;0m                                                                                                                [48;2;227;123;224m[38;2;0;1;0m▀    [48;2;144;61;105m▀[48;2;227;123;224m[38;2;241;131;241m▀[48;2;241;131;241m[38;2;250;136;248m▀▀[48;2;227;123;224m [48;2;18;7;15m[38;2;3;6;2m▀[48;2;0;0;0m     [m
[48;2;0;0;0m                                                                                                             [48;2;28;12;18m[38;2;0;0;0m▀[48;2;148;81;147m▀[48;2;241;131;241m[38;2;0;1;0m▀[48;2;250;136;248m[38;2;227;123;224m▀▀[48;2;227;123;224m   [48;2;113;61;114m [48;2;250;136;248m[38;2;241;131;241m▀[38;2;255;140;255m▀[38;2;227;123;224m▀[48;2;0;0;0m       [m
[48;2;0;0;0m                                                                                                           [48;2;227;123;224m[38;2;160;67;115m▀  [48;2;0;1;0m[38;2;227;123;224m▀[48;2;250;136;248m [48;2;241;131;241m [48;2;250;136;248m [48;2;227;123;224m  [48;2;169;92;168m▀[48;2;227;123;224m[38;2;0;1;0m▀[48;2;241;131;241m [48;2;0;1;0m[38;2;241;131;241m▀[48;2;0;0;0m[38;2;89;36;63m▀       [m
[48;2;0;0;0m                                                                                                        [48;2;227;123;224m[38;2;0;1;0m▀[38;2;214;118;215m▀    [48;2;214;118;215m[38;2;65;35;63m▀[48;2;241;131;241m  [38;2;255;140;255m▀[48;2;227;123;224m  [48;2;0;1;0m[38;2;227;123;224m▀[48;2;3;6;2m[38;2;198;107;195m▀[48;2;0;0;0m[38;2;8;5;11m▀         [m
[48;2;0;0;0m                                                                                                      [48;2;0;1;0m[38;2;0;0;0m▀[48;2;241;131;241m▀[38;2;250;136;248m▀[48;2;227;123;224m     [48;2;148;81;147m[38;2;31;16;28m▀[48;2;241;131;241m  [48;2;255;140;255m[38;2;250;136;248m▀[48;2;227;123;224m  [48;2;0;0;0m[38;2;0;1;0m▀           [m
[48;2;0;0;0m                                                                                                    [48;2;0;1;0m[38;2;0;0;0m▀[48;2;8;1;0m▀[48;2;250;136;248m[38;2;241;131;241m▀▀▀[48;2;241;131;241m [48;2;227;123;224m    [48;2;129;69;129m[38;2;102;56;101m▀[48;2;250;136;248m[38;2;241;131;241m▀▀[48;2;255;140;255m▀[48;2;31;16;28m[38;2;227;123;224m▀[48;2;0;0;0m▀            [m
[48;2;0;0;0m                                                                                                   [48;2;0;1;0m [48;2;227;123;224m [48;2;0;1;0m[38;2;227;123;224m▀[48;2;241;131;241m [38;2;250;136;248m▀  [48;2;227;123;224m [48;2;214;118;215m[38;2;227;123;224m▀▀[48;2;227;123;224m [48;2;0;1;0m[38;2;241;131;241m▀[48;2;241;131;241m  [48;2;250;136;248m [48;2;0;0;0m[38;2;8;5;11m▀             [m
[48;2;0;0;0m                                                                                                 [48;2;227;123;224m[38;2;31;17;20m▀   [48;2;0;1;0m[38;2;113;61;114m▀[48;2;241;131;241m   [38;2;250;136;248m▀[48;2;227;123;224m   [48;2;77;42;77m[38;2;227;123;224m▀[48;2;241;131;241m[38;2;198;107;195m▀ [48;2;0;1;0m[38;2;241;131;241m▀[48;2;0;0;0m[38;2;0;1;0m▀              [m
[48;2;0;0;0m                                                                                               [48;2;227;123;224m[38;2;0;1;0m▀     [48;2;65;35;63m[38;2;241;131;241m▀[48;2;241;131;241m   [48;2;255;140;255m [48;2;227;123;224m▀  [48;2;0;1;0m[38;2;113;61;114m▀[48;2;3;6;2m[38;2;241;131;241m▀[48;2;0;0;0m                 [m
[48;2;0;0;0m                                                                                              [48;2;0;1;0m[38;2;0;0;0m▀[48;2;227;123;224m      [48;2;0;1;0m [48;2;241;131;241m   [48;2;250;136;248m [48;2;227;123;224m   [48;2;0;0;0m                   [m
[48;2;0;0;0m                                                                                          [48;2;3;6;2m[38;2;0;0;0m▀[48;2;0;1;0m▀[48;2;227;123;224m[38;2;0;1;0m▀[48;2;28;12;18m▀[48;2;227;123;224m[38;2;19;21;18m▀[48;2;241;131;241m[38;2;227;123;224m▀▀[48;2;227;123;224m     [48;2;241;131;241m [38;2;250;136;248m▀[48;2;255;140;255m[38;2;241;131;241m▀[48;2;241;131;241m[38;2;255;140;255m▀[48;2;227;123;224m[38;2;241;131;241m▀[48;2;14;8;6m[38;2;227;123;224m▀▀[48;2;0;0;0m                   [m
[48;2;0;0;0m                                                                                        [48;2;8;5;11m[38;2;0;0;0m▀[48;2;227;123;224m[38;2;0;1;0m▀ [38;2;214;118;215m▀ [48;2;0;1;0m [48;2;241;131;241m   [48;2;255;140;255m[38;2;227;123;224m▀[48;2;227;123;224m    [48;2;89;47;85m[38;2;18;12;11m▀[48;2;241;131;241m [48;2;250;136;248m[38;2;241;131;241m▀[48;2;241;131;241m[38;2;255;140;255m▀[48;2;160;67;115m[38;2;241;131;241m▀[48;2;0;0;0m[38;2;0;1;0m▀                    [m
[48;2;0;0;0m                                                                                       [48;2;36;16;35m[38;2;0;0;0m▀[48;2;227;123;224m     [48;2;241;131;241m[38;2;214;118;215m▀ [48;2;250;136;248m[38;2;241;131;241m▀[48;2;241;131;241m[38;2;250;136;248m▀[48;2;255;140;255m [48;2;227;123;224m    [38;2;144;61;105m▀[48;2;241;131;241m [48;2;0;1;0m[38;2;65;35;63m▀[48;2;0;0;0m[38;2;0;1;0m▀[38;2;160;67;115m▀                     [m
[48;2;0;0;0m                                                                                     [48;2;0;1;0m[38;2;0;0;0m▀[48;2;227;123;224m[38;2;148;81;147m▀      [48;2;241;131;241m[38;2;144;61;105m▀[48;2;250;136;248m[38;2;241;131;241m▀[48;2;241;131;241m[38;2;250;136;248m▀▀[48;2;250;136;248m [48;2;255;140;255m [48;2;227;123;224m   [48;2;0;1;0m [48;2;0;0;0m                         [m
[48;2;0;0;0m                                                                                    [48;2;0;1;0m [48;2;227;123;224m  [48;2;241;131;241m [48;2;227;123;224m     [48;2;0;1;0m[38;2;250;136;248m▀[48;2;250;136;248m [48;2;241;131;241m   [48;2;255;140;255m [48;2;241;131;241m▀[48;2;227;123;224m [48;2;214;118;215m[38;2;227;123;224m▀[48;2;0;0;0m                          [m
[48;2;0;0;0m                                                                                   [48;2;227;123;224m[38;2;0;1;0m▀ [48;2;241;131;241m[38;2;227;123;224m▀[38;2;250;136;248m▀ [48;2;250;136;248m[38;2;241;131;241m▀[48;2;241;131;241m[38;2;250;136;248m▀[48;2;227;123;224m   [48;2;0;1;0m [48;2;241;131;241m    [48;2;250;136;248m [48;2;241;131;241m[38;2;227;123;224m▀[48;2;0;1;0m[38;2;8;5;11m▀[48;2;0;0;0m[38;2;23;11;12m▀                          [m
[48;2;0;0;0m                                                                                  [48;2;241;131;241m[38;2;0;1;0m▀ [38;2;227;123;224m▀ [48;2;250;136;248m[38;2;241;131;241m▀[48;2;241;131;241m [38;2;250;136;248m▀[48;2;250;136;248m[38;2;241;131;241m▀[48;2;227;123;224m    [48;2;0;1;0m [48;2;241;131;241m [48;2;184;100;185m▀[48;2;0;1;0m▀[48;2;0;0;0m[38;2;250;136;248m▀[38;2;0;1;0m▀                            [m
[48;2;0;0;0m                                                                        [48;2;0;1;0m[38;2;0;0;0m▀▀▀      [48;2;241;131;241m[38;2;0;1;0m▀    [48;2;250;136;248m[38;2;241;131;241m▀[48;2;241;131;241m [48;2;250;136;248m [38;2;255;140;255m▀[48;2;255;140;255m[38;2;227;123;224m▀[48;2;227;123;224m   [38;2;0;1;0m▀[48;2;0;0;0m[38;2;241;131;241m▀[38;2;0;1;0m▀                               [m
[48;2;0;0;0m                                                                   [48;2;0;1;0m[38;2;0;0;0m▀▀       [48;2;18;7;15m[38;2;0;1;0m▀[48;2;64;27;47m▀[48;2;89;36;63m▀[48;2;117;49;81m▀[48;2;160;67;115m▀[48;2;177;74;126m▀[48;2;250;136;248m[38;2;241;131;241m▀ ▀  ▀  [48;2;255;140;255m[38;2;250;136;248m▀[48;2;227;123;224m   [48;2;0;1;0m[38;2;198;107;195m▀[38;2;0;0;0m▀▀[48;2;0;0;0m                               [m
[48;2;0;0;0m                                                                [48;2;0;1;0m[38;2;0;0;0m▀     [48;2;18;7;15m[38;2;0;1;0m▀[48;2;129;53;88m▀[48;2;229;96;159m▀[48;2;254;108;183m[38;2;52;22;36m▀[38;2;129;53;88m▀[38;2;205;85;143m▀      [38;2;250;136;248m▀[48;2;255;140;255m▀[48;2;250;136;248m [48;2;255;140;255m▀[48;2;250;136;248m [38;2;241;131;241m▀▀ [48;2;227;123;224m[38;2;255;140;255m▀  [48;2;0;1;0m[38;2;227;123;224m▀     [38;2;0;0;0m▀▀[48;2;0;0;0m                           [m
[48;2;0;0;0m                                                             [48;2;0;1;0m[38;2;0;0;0m▀▀   [48;2;8;1;0m[38;2;0;1;0m▀[48;2;129;53;88m▀[48;2;248;102;177m[38;2;18;7;15m▀[48;2;254;108;183m[38;2;129;53;88m▀[38;2;235;98;169m▀             [38;2;255;140;255m▀▀[48;2;255;140;255m [48;2;250;136;248m  [48;2;227;123;224m  [48;2;214;118;215m[38;2;227;123;224m▀[48;2;254;108;183m[38;2;0;1;0m▀ [38;2;205;85;143m▀[38;2;89;36;63m▀[48;2;229;96;159m[38;2;8;1;0m▀[48;2;64;27;47m[38;2;0;1;0m▀[48;2;0;1;0m    [38;2;0;0;0m▀[48;2;0;0;0m                         [m
[48;2;0;0;0m                                                           [48;2;0;1;0m[38;2;0;0;0m▀    [48;2;104;43;73m[38;2;0;1;0m▀[48;2;248;102;177m[38;2;40;16;27m▀[48;2;254;108;183m[38;2;205;85;143m▀                    [38;2;250;136;248m▀[48;2;0;1;0m[38;2;241;131;241m▀[48;2;254;108;183m[38;2;0;1;0m▀        [38;2;117;49;81m▀[48;2;177;74;126m[38;2;0;1;0m▀[48;2;8;5;11m▀[48;2;0;1;0m   [38;2;0;0;0m▀[48;2;0;0;0m                       [m
[48;2;0;0;0m                                                         [48;2;0;1;0m[38;2;0;0;0m▀   [48;2;8;5;11m[38;2;0;1;0m▀[48;2;177;74;126m[38;2;8;1;0m▀[48;2;254;108;183m[38;2;177;74;126m▀                                    [38;2;193;79;135m▀[48;2;160;67;115m[38;2;8;1;0m▀[48;2;0;1;0m    [48;2;0;0;0m                      [m
[48;2;0;0;0m                                                       [48;2;0;1;0m[38;2;0;0;0m▀   [48;2;18;7;15m[38;2;0;1;0m▀[48;2;205;85;143m[38;2;18;7;15m▀[48;2;254;108;183m[38;2;193;79;135m▀                    [48;2;160;67;115m[38;2;254;108;183m▀[48;2;52;22;36m▀[48;2;0;1;0m[38;2;221;91;155m▀[38;2;177;74;126m▀[38;2;144;61;105m▀[38;2;117;49;81m▀[38;2;134;55;98m▀[38;2;160;67;115m▀[38;2;177;74;126m▀[48;2;8;5;11m[38;2;248;102;177m▀[48;2;77;31;55m[38;2;254;108;183m▀[48;2;193;79;135m▀[48;2;254;108;183m        [38;2;129;53;88m▀[48;2;64;27;47m[38;2;0;1;0m▀[48;2;0;1;0m   [48;2;0;0;0m                     [m
[48;2;0;0;0m                                                     [48;2;0;1;0m[38;2;0;0;0m▀   [48;2;8;5;11m[38;2;0;1;0m▀[48;2;177;74;126m[38;2;8;5;11m▀[48;2;254;108;183m[38;2;205;85;143m▀                   [48;2;229;96;159m[38;2;254;108;183m▀[48;2;40;16;27m[38;2;235;98;169m▀[48;2;0;1;0m[38;2;52;22;36m▀           [38;2;8;1;0m▀[38;2;104;43;73m▀[48;2;52;22;36m[38;2;248;102;177m▀[48;2;254;108;183m       [38;2;205;85;143m▀[48;2;89;36;63m[38;2;8;1;0m▀[48;2;0;1;0m   [48;2;0;0;0m                    [m
[48;2;0;0;0m                                                    [48;2;0;1;0m    [48;2;144;61;105m[38;2;8;1;0m▀[48;2;254;108;183m[38;2;160;67;115m▀        [48;2;221;91;155m[38;2;254;108;183m▀[48;2;18;7;15m[38;2;221;91;155m▀[48;2;0;1;0m[38;2;104;43;73m▀[38;2;64;27;47m▀[38;2;134;55;98m▀[48;2;89;36;63m[38;2;254;108;183m▀[48;2;254;108;183m      [48;2;205;85;143m▀[48;2;0;1;0m[38;2;52;22;36m▀  [48;2;3;6;2m[38;2;0;1;0m▀[48;2;85;99;76m▀[48;2;123;140;104m[38;2;26;31;23m▀[38;2;70;77;57m▀[38;2;90;104;81m▀[38;2;109;122;93m▀[38;2;102;114;86m▀[38;2;96;108;80m▀[38;2;54;63;49m▀[38;2;19;21;18m▀[48;2;61;71;56m[38;2;0;1;0m▀[48;2;0;1;0m   [48;2;18;7;15m[38;2;160;67;115m▀[48;2;248;102;177m[38;2;254;108;183m▀▀[48;2;40;16;27m[38;2;235;98;169m▀[48;2;0;1;0m[38;2;117;49;81m▀[38;2;64;27;47m▀[38;2;117;49;81m▀[48;2;52;22;36m[38;2;248;102;177m▀[48;2;248;102;177m[38;2;221;91;155m▀[48;2;77;31;55m[38;2;8;1;0m▀[48;2;0;1;0m   [48;2;0;0;0m                   [m
[48;2;0;0;0m                                                  [48;2;0;1;0m[38;2;0;0;0m▀   [48;2;104;43;73m[38;2;0;1;0m▀[48;2;254;108;183m[38;2;117;49;81m▀          [48;2;8;5;11m[38;2;89;36;63m▀[48;2;0;1;0m     [48;2;117;49;81m[38;2;193;79;135m▀[48;2;254;108;183m     [48;2;64;27;47m[38;2;129;53;88m▀[48;2;0;1;0m  [48;2;3;6;2m[38;2;0;1;0m▀[48;2;113;132;102m[38;2;75;84;63m▀[48;2;123;140;104m          [48;2;70;77;57m[38;2;39;43;34m▀[48;2;0;1;0m   [48;2;177;74;126m[38;2;221;91;155m▀[48;2;64;27;47m[38;2;134;55;98m▀[48;2;0;1;0m     [48;2;77;31;55m[38;2;160;67;115m▀[48;2;205;85;143m[38;2;144;61;105m▀[48;2;0;1;0m   [38;2;0;0;0m▀[48;2;0;0;0m                  [m
[48;2;0;0;0m                                                [48;2;0;1;0m[38;2;0;0;0m▀   [48;2;64;27;47m[38;2;0;1;0m▀[48;2;248;102;177m[38;2;77;31;55m▀[48;2;254;108;183m           [48;2;248;102;177m[38;2;235;98;169m▀[48;2;8;1;0m[38;2;0;1;0m▀[48;2;0;1;0m     [48;2;104;43;73m[38;2;77;31;55m▀[48;2;254;108;183m     [48;2;40;16;27m[38;2;52;22;36m▀[48;2;0;1;0m  [48;2;19;21;18m[38;2;13;16;12m▀[48;2;123;140;104m           [48;2;109;122;93m[38;2;90;104;81m▀[48;2;0;1;0m   [48;2;104;43;73m[38;2;144;61;105m▀[48;2;40;16;27m[38;2;18;7;15m▀[48;2;0;1;0m     [48;2;52;22;36m[38;2;40;16;27m▀[48;2;254;108;183m [48;2;89;36;63m[38;2;28;12;18m▀[48;2;0;1;0m   [48;2;0;0;0m                  [m
[48;2;0;0;0m                                              [48;2;0;1;0m[38;2;0;0;0m▀   [48;2;28;12;18m[38;2;0;1;0m▀[48;2;229;96;159m[38;2;40;16;27m▀[48;2;254;108;183m[38;2;235;98;169m▀             [48;2;160;67;115m[38;2;40;16;27m▀[48;2;0;1;0m    [48;2;18;7;15m[38;2;0;1;0m▀[48;2;235;98;169m[38;2;144;61;105m▀[48;2;254;108;183m     [48;2;28;12;18m[38;2;40;16;27m▀[48;2;0;1;0m  [48;2;26;31;23m[38;2;21;26;18m▀[48;2;123;140;104m            [48;2;21;26;18m[38;2;3;6;2m▀[48;2;0;1;0m  [48;2;28;12;18m[38;2;64;27;47m▀[48;2;205;85;143m[38;2;89;36;63m▀[48;2;0;1;0m    [48;2;8;1;0m[38;2;0;1;0m▀[48;2;221;91;155m[38;2;104;43;73m▀[48;2;254;108;183m [48;2;235;98;169m[38;2;160;67;115m▀[48;2;0;1;0m   [38;2;0;0;0m▀[48;2;0;0;0m                 [m
[48;2;0;0;0m                                             [48;2;0;1;0m   [48;2;8;5;11m[38;2;0;1;0m▀[48;2;205;85;143m[38;2;18;7;15m▀[48;2;254;108;183m[38;2;221;91;155m▀                [38;2;117;49;81m▀[48;2;221;91;155m[38;2;0;1;0m▀[48;2;193;79;135m▀[48;2;248;102;177m[38;2;18;7;15m▀[48;2;254;108;183m[38;2;193;79;135m▀      [48;2;8;1;0m[38;2;18;7;15m▀[48;2;0;1;0m  [48;2;39;43;34m[38;2;32;37;29m▀[48;2;123;140;104m            [48;2;45;50;37m[38;2;39;43;34m▀[48;2;0;1;0m   [48;2;248;102;177m [48;2;254;108;183m[38;2;144;61;105m▀[48;2;235;98;169m[38;2;8;1;0m▀[48;2;177;74;126m[38;2;0;1;0m▀[48;2;235;98;169m[38;2;8;5;11m▀[48;2;254;108;183m[38;2;160;67;115m▀   [48;2;117;49;81m[38;2;40;16;27m▀[48;2;0;1;0m   [48;2;0;0;0m                 [m
[48;2;0;0;0m                                           [48;2;0;1;0m[38;2;0;0;0m▀   [48;2;104;43;73m[38;2;0;1;0m▀[48;2;254;108;183m[38;2;177;74;126m▀                            [48;2;248;102;177m[38;2;254;108;183m▀[48;2;0;1;0m   [48;2;48;56;42m[38;2;45;50;37m▀[48;2;123;140;104m            [48;2;26;31;23m[38;2;32;37;29m▀[48;2;0;1;0m  [48;2;28;12;18m[38;2;8;5;11m▀[48;2;254;108;183m         [48;2;248;102;177m[38;2;177;74;126m▀[48;2;8;5;11m[38;2;0;1;0m▀[48;2;0;1;0m   [48;2;0;0;0m                [m
[48;2;0;0;0m                                          [48;2;0;1;0m    [48;2;117;49;81m[38;2;8;5;11m▀[48;2;254;108;183m[38;2;248;102;177m▀                             [48;2;248;102;177m[38;2;229;96;159m▀[48;2;0;1;0m   [48;2;45;50;37m[38;2;48;56;42m▀[48;2;123;140;104m            [48;2;13;16;12m[38;2;21;26;18m▀[48;2;0;1;0m  [48;2;64;27;47m[38;2;40;16;27m▀[48;2;254;108;183m          [48;2;160;67;115m[38;2;77;31;55m▀[48;2;0;1;0m   [48;2;0;0;0m                [m
[48;2;0;0;0m                                        [48;2;0;1;0m[38;2;0;0;0m▀    [48;2;28;12;18m[38;2;0;1;0m▀[48;2;254;108;183m[38;2;205;85;143m▀                               [48;2;64;27;47m[38;2;28;12;18m▀[48;2;0;1;0m  [48;2;7;10;6m[38;2;26;31;23m▀[48;2;123;140;104m            [48;2;3;6;2m[38;2;7;10;6m▀[48;2;0;1;0m  [48;2;89;36;63m[38;2;77;31;55m▀[48;2;254;108;183m          [38;2;235;98;169m▀[48;2;64;27;47m[38;2;8;1;0m▀[48;2;0;1;0m   [48;2;0;0;0m               [m
[48;2;0;0;0m                                       [48;2;0;1;0m[38;2;0;0;0m▀     [48;2;160;67;115m[38;2;89;36;63m▀[48;2;254;108;183m                                [48;2;129;53;88m▀[48;2;0;1;0m   [48;2;102;114;86m[38;2;113;132;102m▀[48;2;123;140;104m          [48;2;85;99;76m[38;2;108;127;97m▀[48;2;0;1;0m   [48;2;144;61;105m[38;2;104;43;73m▀[48;2;254;108;183m           [48;2;205;85;143m[38;2;144;61;105m▀[48;2;0;1;0m   [38;2;0;0;0m▀[48;2;0;0;0m              [m
[48;2;0;0;0m                                      [48;2;0;1;0m[38;2;0;0;0m▀     [48;2;28;12;18m[38;2;0;1;0m▀[48;2;254;108;183m[38;2;229;96;159m▀                                [48;2;193;79;135m[38;2;160;67;115m▀[48;2;0;1;0m   [48;2;70;77;57m[38;2;79;92;70m▀[48;2;123;140;104m          [48;2;21;26;18m[38;2;54;63;49m▀[48;2;0;1;0m  [48;2;18;7;15m[38;2;0;1;0m▀[48;2;254;108;183m[38;2;205;85;143m▀           [38;2;248;102;177m▀[48;2;40;16;27m[38;2;8;5;11m▀[48;2;0;1;0m   [48;2;0;0;0m              [m
[48;2;0;0;0m                                     [48;2;0;1;0m[38;2;0;0;0m▀   [48;2;28;12;18m[38;2;8;5;11m▀[48;2;0;1;0m  [48;2;52;22;36m [48;2;254;108;183m                                 [38;2;235;98;169m▀[48;2;28;12;18m[38;2;0;1;0m▀[48;2;0;1;0m  [48;2;13;16;12m[38;2;48;56;42m▀[48;2;123;140;104m         [48;2;85;99;76m[38;2;113;132;102m▀[48;2;0;1;0m[38;2;3;6;2m▀  [48;2;134;55;98m[38;2;77;31;55m▀[48;2;254;108;183m             [48;2;129;53;88m▀[48;2;0;1;0m   [48;2;0;0;0m              [m
[48;2;0;0;0m                                     [48;2;0;1;0m   [48;2;104;43;73m[38;2;18;7;15m▀[48;2;40;16;27m [48;2;0;1;0m  [48;2;52;22;36m [48;2;254;108;183m                                  [48;2;193;79;135m[38;2;104;43;73m▀[48;2;0;1;0m   [48;2;54;63;49m[38;2;96;108;80m▀[48;2;123;140;104m        [48;2;26;31;23m[38;2;54;63;49m▀[48;2;0;1;0m  [48;2;8;5;11m[38;2;0;1;0m▀[48;2;248;102;177m[38;2;205;85;143m▀[48;2;254;108;183m             [48;2;205;85;143m[38;2;160;67;115m▀[48;2;0;1;0m   [38;2;0;0;0m▀[48;2;0;0;0m             [m
[48;2;0;0;0m                                    [48;2;0;1;0m   [48;2;40;16;27m[38;2;0;1;0m▀[48;2;254;108;183m[38;2;193;79;135m▀[48;2;40;16;27m [48;2;0;1;0m  [48;2;52;22;36m [48;2;254;108;183m                                  [38;2;248;102;177m▀[48;2;104;43;73m[38;2;18;7;15m▀[48;2;0;1;0m  [38;2;13;16;12m▀[48;2;75;84;63m[38;2;118;138;107m▀[48;2;123;140;104m      [48;2;85;99;76m[38;2;113;132;102m▀[48;2;0;1;0m[38;2;3;6;2m▀  [48;2;129;53;88m[38;2;64;27;47m▀[48;2;254;108;183m              [48;2;221;91;155m [48;2;0;1;0m    [48;2;0;0;0m             [m
[48;2;0;0;0m                                   [48;2;0;1;0m[38;2;0;0;0m▀  [48;2;8;1;0m[38;2;0;1;0m▀[48;2;221;91;155m[38;2;129;53;88m▀[48;2;254;108;183m [48;2;104;43;73m[38;2;52;22;36m▀[48;2;0;1;0m  [38;2;18;7;15m▀[48;2;193;79;135m[38;2;248;102;177m▀[48;2;254;108;183m                                  [38;2;205;85;143m▀[48;2;77;31;55m[38;2;8;1;0m▀[48;2;0;1;0m  [38;2;13;16;12m▀[48;2;79;92;70m[38;2;118;138;107m▀[48;2;123;140;104m    [48;2;102;114;86m[38;2;123;140;104m▀[48;2;0;1;0m[38;2;32;37;29m▀  [48;2;52;22;36m[38;2;0;1;0m▀[48;2;254;108;183m[38;2;205;85;143m▀              [48;2;205;85;143m[38;2;221;91;155m▀[48;2;0;1;0m   [48;2;0;0;0m[38;2;0;1;0m▀             [m
[48;2;0;0;0m                                  [48;2;0;1;0m   [48;2;8;5;11m[38;2;0;1;0m▀[48;2;235;98;169m[38;2;104;43;73m▀[48;2;254;108;183m  [48;2;248;102;177m[38;2;177;74;126m▀[48;2;8;5;11m[38;2;0;1;0m▀[48;2;0;1;0m  [48;2;40;16;27m[38;2;117;49;81m▀[48;2;254;108;183m                                   [38;2;193;79;135m▀[48;2;77;31;55m[38;2;0;1;0m▀[48;2;0;1;0m  [38;2;7;10;6m▀[48;2;32;37;29m[38;2;108;127;97m▀[48;2;118;138;107m[38;2;123;140;104m▀[48;2;123;140;104m [48;2;109;122;93m▀[48;2;3;6;2m[38;2;48;56;42m▀[48;2;0;1;0m  [48;2;28;12;18m[38;2;0;1;0m▀[48;2;248;102;177m[38;2;160;67;115m▀[48;2;254;108;183m               [48;2;144;61;105m[38;2;177;74;126m▀[48;2;0;1;0m   [48;2;0;0;0m              [m
[48;2;0;0;0m                               [48;2;0;1;0m[38;2;0;0;0m▀    [48;2;77;31;55m[38;2;0;1;0m▀[48;2;248;102;177m[38;2;117;49;81m▀[48;2;254;108;183m    [48;2;160;67;115m[38;2;77;31;55m▀[48;2;0;1;0m   [48;2;134;55;98m[38;2;221;91;155m▀[48;2;254;108;183m                                   [38;2;235;98;169m▀[48;2;177;74;126m[38;2;18;7;15m▀[48;2;0;1;0m   [48;2;3;6;2m[38;2;70;77;57m▀[48;2;96;108;80m[38;2;123;140;104m▀[48;2;7;10;6m[38;2;54;63;49m▀[48;2;0;1;0m  [48;2;8;5;11m[38;2;0;1;0m▀[48;2;235;98;169m[38;2;134;55;98m▀[48;2;254;108;183m                [48;2;64;27;47m[38;2;104;43;73m▀[48;2;0;1;0m   [48;2;0;0;0m              [m
[48;2;0;0;0m                            [48;2;0;1;0m[38;2;0;0;0m▀▀    [48;2;89;36;63m[38;2;0;1;0m▀[48;2;254;108;183m[38;2;77;31;55m▀[38;2;248;102;177m▀     [38;2;235;98;169m▀[48;2;77;31;55m[38;2;8;1;0m▀[48;2;0;1;0m  [38;2;18;7;15m▀[48;2;77;31;55m[38;2;229;96;159m▀[48;2;254;108;183m                                    [48;2;248;102;177m[38;2;104;43;73m▀[48;2;40;16;27m[38;2;0;1;0m▀[48;2;0;1;0m  [38;2;3;6;2m▀  [48;2;8;1;0m[38;2;0;1;0m▀[48;2;221;91;155m[38;2;104;43;73m▀[48;2;254;108;183m                [48;2;129;53;88m[38;2;221;91;155m▀[48;2;0;1;0m[38;2;8;1;0m▀  [48;2;0;0;0m[38;2;0;1;0m▀              [m
[48;2;0;0;0m                         [48;2;0;1;0m[38;2;0;0;0m▀▀    [48;2;64;27;47m[38;2;0;1;0m▀[48;2;229;96;159m[38;2;18;7;15m▀[48;2;254;108;183m[38;2;160;67;115m▀         [38;2;235;98;169m▀[48;2;160;67;115m[38;2;18;7;15m▀[48;2;0;1;0m   [48;2;18;7;15m[38;2;160;67;115m▀[48;2;235;98;169m[38;2;254;108;183m▀[48;2;254;108;183m                                   [38;2;193;79;135m▀[48;2;129;53;88m[38;2;8;1;0m▀[48;2;0;1;0m    [48;2;193;79;135m[38;2;77;31;55m▀[48;2;254;108;183m                [48;2;193;79;135m[38;2;254;108;183m▀[48;2;0;1;0m[38;2;40;16;27m▀   [48;2;0;0;0m               [m
[48;2;0;0;0m                      [48;2;0;1;0m[38;2;0;0;0m▀▀    [48;2;64;27;47m[38;2;0;1;0m▀[48;2;221;91;155m[38;2;8;5;11m▀[48;2;254;108;183m[38;2;144;61;105m▀              [48;2;229;96;159m[38;2;77;31;55m▀[48;2;18;7;15m[38;2;0;1;0m▀[48;2;0;1;0m  [38;2;64;27;47m▀[48;2;52;22;36m[38;2;235;98;169m▀[48;2;229;96;159m[38;2;254;108;183m▀[48;2;254;108;183m                                  [38;2;248;102;177m▀[48;2;221;91;155m[38;2;52;22;36m▀[48;2;14;8;6m[38;2;0;1;0m▀[48;2;0;1;0m [48;2;160;67;115m[38;2;52;22;36m▀[48;2;254;108;183m                [48;2;248;102;177m[38;2;254;108;183m▀[48;2;8;5;11m[38;2;104;43;73m▀[48;2;0;1;0m   [48;2;0;0;0m                [m
[48;2;0;0;0m                    [48;2;0;1;0m[38;2;0;0;0m▀    [48;2;64;27;47m[38;2;0;1;0m▀[48;2;221;91;155m[38;2;8;5;11m▀[48;2;254;108;183m[38;2;144;61;105m▀                  [38;2;160;67;115m▀[48;2;160;67;115m[38;2;0;1;0m▀[48;2;8;1;0m▀[48;2;0;1;0m  [38;2;28;12;18m▀[48;2;8;5;11m[38;2;205;85;143m▀[48;2;177;74;126m[38;2;254;108;183m▀[48;2;254;108;183m                                  [38;2;144;61;105m▀[48;2;177;74;126m[38;2;18;7;15m▀[48;2;254;108;183m[38;2;248;102;177m▀                [48;2;52;22;36m[38;2;160;67;115m▀[48;2;0;1;0m   [48;2;0;0;0m[38;2;0;1;0m▀                [m
[48;2;0;0;0m                 [48;2;0;1;0m[38;2;0;0;0m▀    [48;2;40;16;27m[38;2;0;1;0m▀[48;2;205;85;143m[38;2;8;1;0m▀[48;2;254;108;183m[38;2;129;53;88m▀                       [38;2;193;79;135m▀[48;2;205;85;143m[38;2;18;7;15m▀[48;2;28;12;18m[38;2;0;1;0m▀[48;2;0;1;0m  [38;2;8;1;0m▀[38;2;104;43;73m▀[48;2;8;5;11m[38;2;235;98;169m▀[48;2;117;49;81m[38;2;254;108;183m▀[48;2;235;98;169m▀[48;2;254;108;183m                                                [48;2;117;49;81m[38;2;205;85;143m▀[48;2;0;1;0m   [48;2;0;0;0m[38;2;0;1;0m▀                 [m
[48;2;0;0;0m               [48;2;0;1;0m[38;2;0;0;0m▀   [48;2;8;5;11m[38;2;0;1;0m▀[48;2;144;61;105m▀[48;2;254;108;183m[38;2;89;36;63m▀[38;2;248;102;177m▀                           [38;2;235;98;169m▀[48;2;248;102;177m[38;2;52;22;36m▀[48;2;134;55;98m[38;2;0;1;0m▀[48;2;8;5;11m▀[48;2;0;1;0m   [38;2;18;7;15m▀[38;2;129;53;88m▀[48;2;8;5;11m[38;2;248;102;177m▀[48;2;77;31;55m[38;2;254;108;183m▀[48;2;144;61;105m▀[48;2;221;91;155m▀[48;2;254;108;183m                                          [48;2;160;67;115m[38;2;248;102;177m▀[48;2;0;1;0m[38;2;18;7;15m▀   [48;2;0;0;0m                  [m
[48;2;0;0;0m            [48;2;0;1;0m[38;2;0;0;0m▀    [48;2;52;22;36m[38;2;0;1;0m▀[48;2;229;96;159m[38;2;18;7;15m▀[48;2;254;108;183m[38;2;193;79;135m▀                                 [38;2;235;98;169m▀[38;2;117;49;81m▀[48;2;235;98;169m[38;2;8;5;11m▀[48;2;104;43;73m[38;2;0;1;0m▀[48;2;8;1;0m▀[48;2;0;1;0m     [38;2;40;16;27m▀[38;2;104;43;73m▀[38;2;177;74;126m▀[38;2;235;98;169m▀[48;2;14;8;6m[38;2;254;108;183m▀[48;2;40;16;27m▀[48;2;64;27;47m▀[48;2;89;36;63m▀[48;2;117;49;81m▀[48;2;144;61;105m▀[48;2;160;67;115m▀[48;2;235;98;169m▀[48;2;254;108;183m                              [48;2;40;16;27m[38;2;89;36;63m▀[48;2;0;1;0m   [48;2;0;0;0m                   [m
[48;2;0;0;0m          [48;2;0;1;0m[38;2;0;0;0m▀    [48;2;129;53;88m[38;2;0;1;0m▀[48;2;254;108;183m[38;2;89;36;63m▀[38;2;248;102;177m▀                                       [38;2;229;96;159m▀[38;2;117;49;81m▀[38;2;52;22;36m▀[48;2;229;96;159m[38;2;0;1;0m▀[48;2;160;67;115m▀[48;2;77;31;55m▀[48;2;18;7;15m▀[48;2;0;1;0m          [38;2;8;5;11m▀[48;2;129;53;88m[38;2;221;91;155m▀[48;2;254;108;183m                            [48;2;248;102;177m[38;2;254;108;183m▀[48;2;0;1;0m[38;2;8;5;11m▀   [48;2;0;0;0m                   [m
[48;2;0;0;0m        [48;2;0;1;0m[38;2;0;0;0m▀    [48;2;117;49;81m[38;2;0;1;0m▀[48;2;254;108;183m[38;2;129;53;88m▀                                                [38;2;248;102;177m▀[38;2;193;79;135m▀[38;2;129;53;88m▀[38;2;89;36;63m▀[38;2;64;27;47m▀[38;2;40;16;27m▀[38;2;8;5;11m▀[48;2;235;98;169m[38;2;0;1;0m▀[48;2;221;91;155m▀[48;2;193;79;135m▀[48;2;177;74;126m▀[48;2;229;96;159m[38;2;8;1;0m▀[48;2;254;108;183m[38;2;205;85;143m▀                             [48;2;77;31;55m[38;2;8;5;11m▀[48;2;0;1;0m   [48;2;0;0;0m                   [m
[48;2;0;0;0m       [48;2;0;1;0m[38;2;0;0;0m▀   [48;2;104;43;73m[38;2;0;1;0m▀[48;2;254;108;183m[38;2;104;43;73m▀                                                                                            [48;2;193;79;135m[38;2;134;55;98m▀[48;2;0;1;0m   [38;2;0;0;0m▀[48;2;0;0;0m                  [m
[48;2;0;0;0m      [48;2;0;1;0m   [48;2;8;1;0m[38;2;0;1;0m▀[48;2;205;85;143m[38;2;52;22;36m▀[48;2;254;108;183m[38;2;248;102;177m▀                                                                                             ▀[48;2;64;27;47m[38;2;8;5;11m▀[48;2;0;1;0m   [48;2;0;0;0m                  [m
[48;2;0;0;0m     [48;2;0;1;0m[38;2;0;0;0m▀   [38;2;18;7;15m▀[38;2;89;36;63m▀▀▀▀▀▀▀▀▀▀▀▀▀▀▀▀▀▀▀▀▀▀▀▀▀▀▀▀▀▀▀▀▀▀▀▀▀▀▀▀▀▀▀▀▀▀▀▀▀▀▀▀▀▀▀▀▀▀▀▀▀▀▀▀▀▀▀▀▀▀▀▀▀▀▀▀▀▀▀▀▀▀▀▀▀▀▀▀▀▀▀▀▀▀▀▀[38;2;40;16;27m▀   [38;2;0;0;0m▀[48;2;0;0;0m                 [m
[48;2;0;0;0m    [48;2;0;1;0m[38;2;0;0;0m▀                                                                                                          [48;2;0;0;0m                 [m
