[48;2;255;255;255m                         [m
[48;2;255;255;255m                         [m
[48;2;255;255;255m      [48;2;246;246;246m[38;2;255;255;255m▀▀▀ [48;2;203;212;200m[38;2;246;246;246m▀▀▀▀[48;2;246;246;246m[38;2;255;255;255m▀▀[48;2;255;255;255m         [m
[48;2;255;255;255m    [48;2;246;246;246m[38;2;255;255;255m▀[48;2;162;180;161m[38;2;246;246;246m▀[38;2;203;212;200m▀ [48;2;171;194;161m[38;2;162;180;161m▀▀[48;2;255;212;255m▀▀▀[48;2;171;194;161m▀▀[48;2;162;180;161m [38;2;246;246;246m▀[48;2;246;246;246m[38;2;255;255;255m▀[48;2;255;255;255m       [m
[48;2;255;255;255m  [48;2;246;246;246m [48;2;162;180;161m[38;2;203;212;200m▀ [48;2;174;166;172m[38;2;162;180;161m▀[48;2;185;185;185m[38;2;255;212;255m▀[48;2;187;189;185m▀[48;2;173;175;172m▀[48;2;170;163;169m▀▀[48;2;162;161;162m▀[48;2;181;169;179m▀[48;2;204;180;200m▀[48;2;190;185;189m▀[48;2;199;194;197m▀[48;2;178;180;177m[38;2;162;180;161m▀[48;2;161;161;161m▀[48;2;163;164;162m[38;2;246;246;246m▀[48;2;161;161;161m[38;2;255;255;255m▀[48;2;170;170;170m▀[48;2;255;255;255m    [m
[48;2;246;246;246m[38;2;255;255;255m▀[48;2;203;212;200m[38;2;246;246;246m▀[48;2;162;180;161m [48;2;255;212;255m[38;2;162;180;161m▀ [38;2;217;188;212m▀[48;2;229;193;222m[38;2;194;194;194m▀[48;2;178;179;177m[38;2;235;236;235m▀[48;2;191;193;191m[38;2;229;229;229m▀[48;2;190;184;189m[38;2;179;179;179m▀[48;2;161;161;161m [48;2;161;166;161m[38;2;161;161;161m▀[48;2;203;212;200m[38;2;161;169;161m▀[38;2;162;180;161m▀[48;2;198;205;194m[38;2;176;177;175m▀[48;2;169;172;168m[38;2;226;226;226m▀[48;2;189;189;189m[38;2;236;236;236m▀[48;2;187;188;186m[38;2;198;198;198m▀[48;2;162;162;162m[38;2;161;161;161m▀[48;2;215;215;215m▀[48;2;255;255;255m[38;2;211;211;211m▀    [m
[48;2;203;212;200m[38;2;246;246;246m▀[48;2;162;180;161m [48;2;171;194;161m [48;2;255;212;255m       [48;2;162;180;161m[38;2;171;194;161m▀[48;2;171;194;161m [48;2;203;212;200m   [48;2;171;194;161m[38;2;162;180;161m▀ [48;2;255;212;255m[38;2;171;194;161m▀[48;2;162;180;161m [38;2;203;212;200m▀[48;2;246;246;246m[38;2;255;255;255m▀[48;2;255;255;255m    [m
[48;2;162;180;161m [48;2;171;194;161m [48;2;255;212;255m        [48;2;162;180;161m[38;2;171;194;161m▀[48;2;171;194;161m [48;2;203;212;200m   [48;2;171;194;161m[38;2;162;180;161m▀ [48;2;255;212;255m [38;2;171;194;161m▀[48;2;162;180;161m [48;2;203;212;200m[38;2;246;246;246m▀[48;2;246;246;246m[38;2;255;255;255m▀[48;2;255;255;255m   [m
[48;2;162;180;161m [48;2;171;194;161m[38;2;255;212;255m▀[48;2;255;212;255m        [38;2;171;194;161m▀[48;2;162;180;161m▀[48;2;203;212;200m  [48;2;171;194;161m[38;2;203;212;200m▀[48;2;162;180;161m [48;2;255;212;255m[38;2;171;194;161m▀  [48;2;171;194;161m[38;2;162;180;161m▀[48;2;162;180;161m [48;2;246;246;246m [48;2;255;255;255m   [m
[48;2;162;180;161m [38;2;171;194;161m▀[48;2;171;194;161m[38;2;255;212;255m▀[48;2;255;212;255m        [48;2;171;194;161m[38;2;162;180;161m▀[48;2;162;180;161m [38;2;171;194;161m▀ [48;2;171;194;161m[38;2;162;180;161m▀[48;2;255;212;255m   [48;2;171;194;161m▀[48;2;162;180;161m [48;2;246;246;246m [48;2;255;255;255m   [m
[48;2;171;194;161m[38;2;162;180;161m▀[48;2;255;212;255m [48;2;171;194;161m  [38;2;255;212;255m▀▀[48;2;255;212;255m      [38;2;162;180;161m▀▀[38;2;171;194;161m▀   [48;2;171;194;161m[38;2;255;212;255m▀[48;2;162;180;161m [48;2;246;246;246m[38;2;203;212;200m▀[48;2;255;255;255m[38;2;246;246;246m▀   [m
[48;2;255;212;255m  [38;2;171;194;161m▀▀▀[48;2;171;194;161m   [38;2;255;212;255m▀▀[48;2;255;212;255m        [38;2;162;180;161m▀[48;2;162;180;161m [48;2;203;212;200m[38;2;246;246;246m▀[48;2;255;255;255m    [m
[48;2;255;255;255m[38;2;162;180;161m▀▀▀▀▀▀▀▀▀▀▀▀▀▀▀▀▀▀▀▀[38;2;246;246;246m▀    [m
