[48;2;255;255;255m                         [m
[48;2;255;255;255m                         [m
[48;2;255;255;255m            [48;2;248;248;248m[38;2;255;255;255m▀▀▀▀▀▀[48;2;255;255;255m       [m
[48;2;255;255;255m        [48;2;248;248;248m[38;2;255;255;255m▀▀[48;2;184;199;184m[38;2;248;248;248m▀▀[38;2;216;223;213m▀ [48;2;191;209;184m[38;2;184;199;184m▀▀[48;2;184;199;184m [38;2;191;209;184m▀[38;2;248;248;248m▀▀[48;2;248;248;248m[38;2;255;255;255m▀[48;2;255;255;255m    [m
[48;2;255;255;255m      [48;2;248;248;248m[38;2;255;255;255m▀[48;2;216;223;213m[38;2;248;248;248m▀[48;2;184;199;184m[38;2;216;223;213m▀ [48;2;255;213;253m[38;2;184;199;184m▀[38;2;191;209;184m▀      ▀[38;2;184;199;184m▀[48;2;184;199;184m [48;2;216;223;213m[38;2;248;248;248m▀[48;2;255;255;255m   [m
[48;2;255;255;255m     [48;2;248;248;248m[38;2;255;255;255m▀[48;2;184;199;184m[38;2;248;248;248m▀ [48;2;255;213;253m[38;2;191;209;184m▀[48;2;227;199;221m[38;2;194;187;192m▀[48;2;209;209;209m[38;2;202;202;202m▀[48;2;240;240;240m[38;2;204;205;202m▀[48;2;235;235;235m[38;2;193;195;192m▀[48;2;198;197;198m[38;2;191;185;189m▀[48;2;184;184;184m[38;2;191;185;190m▀ [48;2;199;202;197m[38;2;184;185;184m▀[48;2;216;223;213m[38;2;184;188;184m▀[48;2;199;200;199m[38;2;199;200;198m▀[48;2;233;233;233m[38;2;205;206;205m▀[48;2;241;241;241m[38;2;197;197;196m▀[48;2;212;212;212m[38;2;184;184;184m▀[48;2;184;184;184m[38;2;190;190;190m▀ [48;2;222;222;222m▀[m
[48;2;255;255;255m    [48;2;248;248;248m[38;2;255;255;255m▀[48;2;184;199;184m[38;2;216;223;213m▀ [48;2;255;213;253m[38;2;191;209;184m▀  [38;2;236;202;229m▀[38;2;197;197;196m▀[38;2;207;208;207m▀[38;2;206;200;204m▀[48;2;191;209;184m[38;2;184;184;184m▀[48;2;184;199;184m[38;2;184;188;184m▀[48;2;216;223;213m  [38;2;212;217;209m▀[48;2;191;209;184m[38;2;191;194;189m▀[48;2;184;199;184m[38;2;205;205;205m▀[38;2;204;204;203m▀[38;2;185;185;185m▀[48;2;248;248;248m[38;2;229;229;229m▀[48;2;255;255;255m [m
[48;2;255;255;255m   [48;2;216;223;213m[38;2;248;248;248m▀[48;2;184;199;184m[38;2;191;209;184m▀[48;2;191;209;184m[38;2;184;199;184m▀[48;2;255;213;253m        [48;2;191;209;184m [48;2;184;199;184m[38;2;191;209;184m▀[48;2;216;223;213m   [48;2;191;209;184m [48;2;184;199;184m▀[48;2;255;213;253m[38;2;184;199;184m▀[48;2;184;199;184m [48;2;216;223;213m[38;2;248;248;248m▀[48;2;248;248;248m[38;2;255;255;255m▀[m
[48;2;255;255;255m  [48;2;216;223;213m[38;2;248;248;248m▀[48;2;184;199;184m  [48;2;255;213;253m          [48;2;184;199;184m [48;2;191;209;184m[38;2;216;223;213m▀[48;2;216;223;213m  [48;2;184;199;184m[38;2;191;209;184m▀[48;2;255;213;253m▀ [48;2;191;209;184m[38;2;184;199;184m▀[48;2;184;199;184m[38;2;191;209;184m▀[48;2;248;248;248m [m
[48;2;248;248;248m[38;2;255;255;255m▀[48;2;191;209;184m[38;2;248;248;248m▀[48;2;184;199;184m [48;2;191;209;184m[38;2;184;199;184m▀[48;2;255;213;253m [48;2;191;209;184m [48;2;255;213;253m         ▀[48;2;184;199;184m [38;2;191;209;184m▀  [48;2;255;213;253m  [48;2;184;199;184m  [48;2;248;248;248m [m
[48;2;184;199;184m[38;2;216;223;213m▀ [48;2;255;213;253m[38;2;191;209;184m▀  ▀[48;2;191;209;184m [38;2;255;213;253m▀▀▀[48;2;255;213;253m      [38;2;184;199;184m▀▀▀  [48;2;191;209;184m[38;2;255;213;253m▀[48;2;184;199;184m [48;2;248;248;248m[38;2;216;223;213m▀[48;2;255;255;255m[38;2;248;248;248m▀[m
[48;2;255;213;253m[38;2;184;199;184m▀     [38;2;191;209;184m▀▀▀▀▀[48;2;191;209;184m  [38;2;255;213;253m▀[48;2;255;213;253m       [48;2;191;209;184m[38;2;184;199;184m▀[48;2;184;199;184m [48;2;248;248;248m [48;2;255;255;255m [m
[48;2;255;255;255m[38;2;184;199;184m▀▀▀▀▀▀▀▀▀▀▀▀▀▀▀▀▀▀▀▀▀▀▀[38;2;248;248;248m▀ [m
