[48;2;255;255;255m                         [m
[48;2;255;255;255m                         [m
[48;2;255;255;255m      [48;2;232;232;232m[38;2;255;255;255m▀▀▀ [48;2;116;141;106m[38;2;232;232;232m▀▀▀▀[48;2;232;232;232m[38;2;255;255;255m▀▀[48;2;255;255;255m         [m
[48;2;255;255;255m    [48;2;232;232;232m[38;2;255;255;255m▀[48;2;3;54;0m[38;2;232;232;232m▀[38;2;116;141;106m▀ [48;2;28;90;0m[38;2;3;54;0m▀▀[48;2;255;141;255m▀▀▀[48;2;28;90;0m▀▀[48;2;3;54;0m [38;2;232;232;232m▀[48;2;232;232;232m[38;2;255;255;255m▀[48;2;255;255;255m       [m
[48;2;255;255;255m  [48;2;232;232;232m [48;2;3;54;0m[38;2;116;141;106m▀ [48;2;36;16;32m[38;2;3;54;0m▀[48;2;66;66;66m[38;2;255;141;255m▀[48;2;72;78;67m▀[48;2;33;40;31m▀[48;2;26;6;22m▀[48;2;27;7;23m▀[48;2;5;2;5m▀[48;2;56;23;49m▀[48;2;118;54;106m▀[48;2;81;66;77m▀[48;2;104;90;100m▀[48;2;48;54;44m[38;2;3;54;0m▀[48;2;1;2;0m▀[48;2;6;9;5m[38;2;232;232;232m▀[48;2;0;0;0m[38;2;255;255;255m▀[48;2;25;25;25m▀[48;2;255;255;255m    [m
[48;2;232;232;232m[38;2;255;255;255m▀[48;2;116;141;106m[38;2;232;232;232m▀[48;2;3;54;0m [48;2;255;141;255m[38;2;3;54;0m▀ [38;2;154;74;139m▀[48;2;185;89;167m[38;2;92;92;92m▀[48;2;47;50;45m[38;2;203;204;203m▀[48;2;84;87;83m[38;2;186;186;186m▀[48;2;80;63;76m[38;2;51;50;51m▀[48;2;0;0;0m [48;2;1;16;1m[38;2;0;0;0m▀[48;2;116;141;106m[38;2;0;22;1m▀[38;2;3;54;0m▀[48;2;101;122;91m[38;2;42;46;38m▀[48;2;22;31;20m[38;2;177;177;177m▀[48;2;76;78;76m[38;2;205;205;205m▀[48;2;72;75;70m[38;2;101;101;101m▀[48;2;4;5;4m[38;2;0;0;0m▀[48;2;149;149;149m▀[48;2;255;255;255m[38;2;137;137;137m▀    [m
[48;2;116;141;106m[38;2;232;232;232m▀[48;2;3;54;0m [48;2;28;90;0m [48;2;255;141;255m       [48;2;3;54;0m[38;2;28;90;0m▀[48;2;28;90;0m [48;2;116;141;106m   [48;2;28;90;0m[38;2;3;54;0m▀ [48;2;255;141;255m[38;2;28;90;0m▀[48;2;3;54;0m [38;2;116;141;106m▀[48;2;232;232;232m[38;2;255;255;255m▀[48;2;255;255;255m    [m
[48;2;3;54;0m [48;2;28;90;0m [48;2;255;141;255m        [48;2;3;54;0m[38;2;28;90;0m▀[48;2;28;90;0m [48;2;116;141;106m   [48;2;28;90;0m[38;2;3;54;0m▀ [48;2;255;141;255m [38;2;28;90;0m▀[48;2;3;54;0m [48;2;116;141;106m[38;2;232;232;232m▀[48;2;232;232;232m[38;2;255;255;255m▀[48;2;255;255;255m   [m
[48;2;3;54;0m [48;2;28;90;0m[38;2;255;141;255m▀[48;2;255;141;255m        [38;2;28;90;0m▀[48;2;3;54;0m▀[48;2;116;141;106m  [48;2;28;90;0m[38;2;116;141;106m▀[48;2;3;54;0m [48;2;255;141;255m[38;2;28;90;0m▀  [48;2;28;90;0m[38;2;3;54;0m▀[48;2;3;54;0m [48;2;232;232;232m [48;2;255;255;255m   [m
[48;2;3;54;0m [38;2;28;90;0m▀[48;2;28;90;0m[38;2;255;141;255m▀[48;2;255;141;255m        [48;2;28;90;0m[38;2;3;54;0m▀[48;2;3;54;0m [38;2;28;90;0m▀ [48;2;28;90;0m[38;2;3;54;0m▀[48;2;255;141;255m   [48;2;28;90;0m▀[48;2;3;54;0m [48;2;232;232;232m [48;2;255;255;255m   [m
[48;2;28;90;0m[38;2;3;54;0m▀[48;2;255;141;255m [48;2;28;90;0m  [38;2;255;141;255m▀▀[48;2;255;141;255m      [38;2;3;54;0m▀▀[38;2;28;90;0m▀   [48;2;28;90;0m[38;2;255;141;255m▀[48;2;3;54;0m [48;2;232;232;232m[38;2;116;141;106m▀[48;2;255;255;255m[38;2;232;232;232m▀   [m
[48;2;255;141;255m  [38;2;28;90;0m▀▀▀[48;2;28;90;0m   [38;2;255;141;255m▀▀[48;2;255;141;255m        [38;2;3;54;0m▀[48;2;3;54;0m [48;2;116;141;106m[38;2;232;232;232m▀[48;2;255;255;255m    [m
[48;2;255;255;255m[38;2;3;54;0m▀▀▀▀▀▀▀▀▀▀▀▀▀▀▀▀▀▀▀▀[38;2;232;232;232m▀    [m
