[48;2;255;255;255m             [48;2;234;234;234m[38;2;255;255;255m▀▀▀[48;2;128;151;119m▀[48;2;234;234;234m▀▀[48;2;128;151;119m▀[48;2;234;234;234m▀▀[48;2;255;255;255m   [m
[48;2;255;255;255m           [48;2;234;234;234m[38;2;255;255;255m▀[48;2;128;151;119m[38;2;234;234;234m▀[48;2;25;72;23m▀[38;2;128;151;119m▀   ▀[38;2;48;104;23m▀[38;2;128;151;119m▀[38;2;234;234;234m▀[48;2;128;151;119m[38;2;255;255;255m▀[48;2;255;255;255m  [m
[48;2;255;255;255m         [48;2;234;234;234m[38;2;255;255;255m▀[48;2;26;27;25m[38;2;234;234;234m▀[48;2;83;83;83m[38;2;25;72;23m▀[48;2;88;93;83m▀[48;2;53;59;51m[38;2;48;104;23m▀[48;2;24;26;23m[38;2;255;151;151m▀[48;2;47;29;29m▀[48;2;23;24;23m▀[48;2;24;27;23m▀[48;2;23;37;23m▀[48;2;73;76;71m▀[48;2;94;97;93m[38;2;48;104;23m▀[48;2;66;72;63m[38;2;25;72;23m▀[48;2;23;24;23m▀[48;2;28;31;27m[38;2;234;234;234m▀[48;2;23;23;23m[38;2;255;255;255m▀[m
[48;2;255;255;255m        [48;2;128;151;119m[38;2;234;234;234m▀[48;2;25;72;23m [48;2;48;104;23m[38;2;24;44;23m▀[48;2;191;103;103m[38;2;106;106;106m▀[48;2;75;69;69m[38;2;207;208;207m▀[48;2;99;102;98m[38;2;192;192;192m▀[48;2;68;71;65m[38;2;69;68;69m▀[48;2;24;23;23m[38;2;23;23;23m▀[48;2;23;37;23m▀[48;2;128;151;119m[38;2;29;60;23m▀ [48;2;114;133;105m[38;2;73;77;72m▀[48;2;63;67;61m[38;2;184;184;184m▀[48;2;92;93;92m[38;2;209;209;209m▀[48;2;88;91;86m[38;2;114;114;114m▀[48;2;26;27;26m[38;2;23;23;23m▀[48;2;89;103;82m▀[m
[48;2;255;255;255m       [48;2;48;104;23m[38;2;234;234;234m▀[48;2;25;72;23m [48;2;48;104;23m[38;2;25;72;23m▀[48;2;255;151;151m      [48;2;25;72;23m [48;2;128;151;119m   [38;2;23;135;23m▀[48;2;25;72;23m [48;2;255;151;151m [38;2;25;72;23m▀[48;2;25;72;23m [m
[48;2;255;255;255m      [48;2;234;234;234m [48;2;25;72;23m  [48;2;255;151;151m       [48;2;25;72;23m [48;2;128;151;119m   [48;2;48;104;23m[38;2;128;151;119m▀[48;2;25;72;23m [48;2;255;151;151m  [48;2;48;104;23m[38;2;25;72;23m▀[m
[48;2;255;255;255m     [48;2;234;234;234m [48;2;25;72;23m  [48;2;255;151;151m        [48;2;48;104;23m [48;2;25;72;23m[38;2;48;104;23m▀[48;2;128;151;119m [48;2;48;104;23m[38;2;128;151;119m▀[48;2;25;72;23m [48;2;48;104;23m[38;2;255;151;151m▀[48;2;255;151;151m  [38;2;48;104;23m▀[m
[48;2;255;255;255m    [48;2;234;234;234m[38;2;255;255;255m▀[48;2;25;72;23m  [48;2;48;104;23m [38;2;255;151;151m▀[48;2;255;151;151m       [38;2;48;104;23m▀[48;2;48;104;23m[38;2;25;72;23m▀[48;2;25;72;23m  [48;2;48;104;23m▀[48;2;255;151;151m   [48;2;48;104;23m [m
[48;2;255;255;255m  [48;2;234;234;234m[38;2;255;255;255m▀[48;2;25;72;23m[38;2;234;234;234m▀ [48;2;48;104;23m[38;2;25;72;23m▀[48;2;255;151;151m  [48;2;48;104;23m [48;2;255;151;151m         [38;2;48;104;23m▀▀    [48;2;25;72;23m [m
[48;2;128;151;119m[38;2;234;234;234m▀[48;2;25;72;23m▀ [48;2;48;104;23m[38;2;25;72;23m▀[48;2;255;151;151m    [38;2;48;104;23m▀▀[48;2;48;104;23m  [38;2;255;151;151m▀▀[48;2;255;151;151m         [38;2;48;104;23m▀[48;2;25;72;23m [m
[48;2;25;72;23m [48;2;48;104;23m [48;2;255;151;151m                     [38;2;48;104;23m▀[48;2;25;72;23m [m
[48;2;255;151;151m                       [38;2;48;104;23m▀[48;2;25;72;23m [m
[48;2;255;255;255m[38;2;25;72;23m▀▀▀▀▀▀▀▀▀▀▀▀▀▀▀▀▀▀▀▀▀▀▀▀▀[m
