[48;2;255;255;255m                         [m
[48;2;255;255;255m                [48;2;252;252;252m  [48;2;241;243;240m[38;2;252;252;252m▀[48;2;252;252;252m  [48;2;255;255;255m    [m
[48;2;255;255;255m           [48;2;252;252;252m[38;2;255;255;255m▀▀[48;2;232;238;230m[38;2;252;252;252m▀[48;2;230;235;230m▀  [48;2;232;238;230m[38;2;230;235;230m▀[48;2;255;240;240m▀[48;2;232;238;230m▀[48;2;230;235;230m  [38;2;252;252;252m▀[48;2;241;243;240m▀[48;2;252;252;252m[38;2;255;255;255m▀[m
[48;2;255;255;255m         [48;2;252;252;252m[38;2;255;255;255m▀[48;2;230;235;230m[38;2;252;252;252m▀[38;2;232;238;230m▀[48;2;232;238;230m[38;2;230;235;230m▀[48;2;230;230;230m▀[48;2;236;236;236m[38;2;232;238;230m▀[48;2;236;237;236m▀[48;2;233;233;233m▀[48;2;232;230;230m[38;2;255;240;240m▀▀[48;2;230;230;230m▀▀[48;2;230;231;230m▀[48;2;235;236;235m[38;2;230;235;230m▀[48;2;237;238;237m▀[48;2;234;235;234m[38;2;252;252;252m▀[m
[48;2;255;255;255m        [48;2;252;252;252m [48;2;230;235;230m[38;2;241;243;240m▀ [48;2;255;240;240m  [38;2;245;235;235m▀[48;2;248;236;236m[38;2;239;239;239m▀[48;2;235;234;234m[38;2;249;250;249m▀[48;2;240;239;239m[38;2;248;248;248m▀[48;2;237;235;235m[38;2;235;234;235m▀[48;2;230;230;230m [48;2;230;233;230m[38;2;230;230;230m▀[48;2;241;243;240m[38;2;230;234;230m▀[38;2;232;238;230m▀[48;2;239;241;238m[38;2;234;234;233m▀[48;2;232;233;231m[38;2;247;247;247m▀[48;2;237;237;237m[38;2;250;250;250m▀[m
[48;2;255;255;255m       [48;2;252;252;252m [48;2;230;235;230m [48;2;232;238;230m[38;2;230;235;230m▀[48;2;255;240;240m        [48;2;230;235;230m [48;2;232;238;230m[38;2;241;243;240m▀[48;2;241;243;240m   [48;2;230;235;230m [48;2;255;243;243m[38;2;232;238;230m▀[m
[48;2;255;255;255m      [48;2;241;243;240m[38;2;252;252;252m▀[48;2;230;235;230m  [48;2;255;240;240m         [48;2;230;235;230m [48;2;232;238;230m[38;2;241;243;240m▀[48;2;241;243;240m   [48;2;230;235;230m [48;2;232;238;230m[38;2;255;243;243m▀[m
[48;2;255;255;255m     [48;2;241;243;240m[38;2;252;252;252m▀[48;2;230;235;230m [48;2;232;238;230m[38;2;230;235;230m▀ [38;2;255;240;240m▀[48;2;255;240;240m        [38;2;232;238;230m▀[48;2;230;235;230m▀[48;2;232;238;230m[38;2;241;243;240m▀[48;2;241;243;240m [48;2;230;235;230m▀ [48;2;255;240;240m [m
[48;2;255;255;255m   [48;2;252;252;252m[38;2;255;255;255m▀[48;2;230;235;230m[38;2;241;243;240m▀ [48;2;255;240;240m[38;2;232;238;230m▀ ▀[48;2;232;238;230m [48;2;255;240;240m        ▀[38;2;230;235;230m▀[48;2;230;235;230m   [48;2;255;240;240m[38;2;232;238;230m▀ [m
[48;2;255;255;255m [48;2;252;252;252m[38;2;255;255;255m▀[48;2;230;235;230m[38;2;252;252;252m▀[38;2;241;243;240m▀[48;2;232;238;230m[38;2;230;235;230m▀[48;2;255;240;240m    [38;2;232;238;230m▀[48;2;232;238;230m [48;2;255;240;240m         [38;2;230;235;230m▀▀   [m
[48;2;241;243;240m[38;2;252;252;252m▀[48;2;230;235;230m[38;2;232;238;230m▀[48;2;232;238;230m[38;2;230;235;230m▀[48;2;255;240;240m[38;2;232;238;230m▀      ▀▀▀[48;2;232;238;230m  [38;2;255;240;240m▀▀[48;2;255;240;240m        [m
[48;2;232;238;230m[38;2;230;235;230m▀[48;2;255;240;240m                       [38;2;232;238;230m▀[m
[48;2;255;255;255m[38;2;230;235;230m▀▀▀▀▀▀▀▀▀▀▀▀▀▀▀▀▀▀▀▀▀▀▀▀▀[m
