[48;2;255;255;255m   [48;2;240;240;240m[38;2;255;255;255m▀▀▀▀▀▀[48;2;255;255;255m                [m
[48;2;240;240;240m[38;2;255;255;255m▀▀[48;2;93;126;92m[38;2;240;240;240m▀[38;2;166;182;159m▀▀▀[38;2;109;149;92m▀▀[38;2;240;240;240m▀▀[48;2;240;240;240m[38;2;255;255;255m▀▀[48;2;255;255;255m             [m
[48;2;93;126;92m[38;2;166;182;159m▀ [48;2;92;255;255m[38;2;93;126;92m▀[38;2;109;149;92m▀    [38;2;93;126;92m▀▀[48;2;109;149;92m▀[48;2;93;126;92m[38;2;166;182;159m▀[48;2;166;182;159m[38;2;240;240;240m▀[48;2;240;240;240m[38;2;255;255;255m▀[48;2;255;255;255m           [m
[48;2;150;150;150m[38;2;134;134;134m▀[48;2;221;222;221m[38;2;136;139;134m▀[48;2;210;210;210m[38;2;113;117;111m▀[48;2;124;123;124m[38;2;92;106;106m▀[48;2;92;92;92m▀ [48;2;126;135;123m[38;2;93;95;92m▀[48;2;109;149;92m[38;2;92;102;92m▀[48;2;120;125;116m[38;2;127;129;125m▀[48;2;205;205;205m[38;2;143;145;140m▀[48;2;223;223;223m[38;2;122;123;120m▀[48;2;156;156;156m[38;2;92;93;92m▀[48;2;92;92;92m▀ [48;2;171;171;171m[38;2;107;107;107m▀[48;2;255;255;255m          [m
[48;2;92;255;255m[38;2;92;197;196m▀[38;2;122;123;120m▀[38;2;146;150;145m▀[38;2;128;140;140m▀[48;2;93;126;92m[38;2;92;92;92m▀[48;2;109;149;92m[38;2;94;112;92m▀[48;2;166;182;159m  [38;2;156;169;150m▀[48;2;109;149;92m[38;2;106;111;104m▀[38;2;140;141;140m▀[48;2;92;255;255m[38;2;138;139;136m▀[38;2;95;95;94m▀[48;2;93;126;92m[38;2;92;111;92m▀[38;2;240;240;240m▀[48;2;240;240;240m[38;2;255;255;255m▀[48;2;255;255;255m         [m
[48;2;92;255;255m    [48;2;93;126;92m[38;2;109;149;92m▀[48;2;109;149;92m [48;2;166;182;159m   [48;2;93;126;92m [48;2;109;149;92m [48;2;92;255;255m  ▀[48;2;93;126;92m [48;2;166;182;159m[38;2;240;240;240m▀[48;2;240;240;240m[38;2;255;255;255m▀[48;2;255;255;255m        [m
[48;2;92;255;255m    [38;2;109;149;92m▀[48;2;93;126;92m▀[48;2;166;182;159m   [48;2;93;126;92m [48;2;92;255;255m▀   [38;2;93;126;92m▀[48;2;93;126;92m [48;2;240;240;240m [48;2;255;255;255m        [m
[48;2;92;255;255m     [48;2;93;126;92m [38;2;109;149;92m▀[38;2;166;182;159m▀  [48;2;92;255;255m    [48;2;109;149;92m [48;2;93;126;92m [48;2;240;240;240m [48;2;255;255;255m        [m
[48;2;92;255;255m      [48;2;109;149;92m[38;2;93;126;92m▀[48;2;93;126;92m [48;2;92;255;255m▀     [38;2;109;149;92m▀[48;2;93;126;92m [38;2;240;240;240m▀[48;2;109;149;92m[38;2;255;255;255m▀[48;2;240;240;240m▀[48;2;255;255;255m      [m
[48;2;92;255;255m                [38;2;93;126;92m▀▀[48;2;93;126;92m [38;2;166;182;159m▀[38;2;240;240;240m▀[48;2;166;182;159m[38;2;255;255;255m▀[48;2;240;240;240m▀[48;2;255;255;255m  [m
[48;2;109;149;92m    [38;2;92;255;255m▀▀[48;2;92;255;255m             [38;2;109;149;92m▀[38;2;93;126;92m▀[48;2;93;126;92m [38;2;166;182;159m▀[38;2;240;240;240m▀[48;2;240;240;240m[38;2;255;255;255m▀[m
[48;2;92;255;255m   [38;2;109;149;92m▀▀▀                [38;2;93;126;92m▀▀[48;2;93;126;92m [m
[48;2;255;255;255m[38;2;93;126;92m▀▀▀▀▀▀▀▀▀▀▀▀▀▀▀▀▀▀▀▀▀▀▀▀▀[m
