[48;2;255;255;255m                         [m
[48;2;255;255;255m   [48;2;244;244;244m[38;2;255;255;255m▀▀▀▀▀▀▀[48;2;255;255;255m               [m
[48;2;244;244;244m[38;2;255;255;255m▀▀[48;2;139;162;138m[38;2;244;244;244m▀▀[38;2;191;202;186m▀ [38;2;150;179;138m▀ [38;2;191;202;186m▀▀[38;2;244;244;244m▀▀[48;2;244;244;244m[38;2;255;255;255m▀[48;2;255;255;255m            [m
[48;2;139;162;138m[38;2;191;202;186m▀ [48;2;246;202;255m[38;2;139;162;138m▀[38;2;150;179;138m▀[48;2;150;179;138m[38;2;246;202;255m▀[48;2;246;202;255m    [38;2;150;179;138m▀▀[38;2;139;162;138m▀[48;2;139;162;138m [38;2;244;244;244m▀[48;2;244;244;244m[38;2;255;255;255m▀[48;2;255;255;255m          [m
[48;2;141;158;138m[38;2;139;140;139m▀[48;2;180;180;180m[38;2;168;168;168m▀[48;2;231;231;231m[38;2;182;177;183m▀[48;2;223;223;223m[38;2;154;157;152m▀[48;2;161;160;161m[38;2;138;138;138m▀[48;2;138;138;138m[38;2;138;139;138m▀[38;2;139;138;140m▀[48;2;138;148;138m[38;2;138;140;138m▀[48;2;191;202;186m[38;2;138;145;138m▀[48;2;163;165;162m [48;2;219;219;219m[38;2;174;175;173m▀[48;2;232;232;232m[38;2;160;162;158m▀[48;2;184;184;184m[38;2;138;138;138m▀[48;2;138;138;138m[38;2;138;139;138m▀ [48;2;200;200;200m[38;2;149;149;149m▀[48;2;255;255;255m         [m
[48;2;246;202;255m [38;2;208;178;214m▀[38;2;163;161;164m▀[38;2;185;181;186m▀[38;2;161;164;159m▀[38;2;138;138;138m▀[48;2;139;162;138m[38;2;138;145;138m▀[48;2;138;194;138m[38;2;191;202;186m▀[48;2;191;202;186m [38;2;184;193;179m▀[38;2;158;160;157m▀[48;2;139;162;138m[38;2;172;173;172m▀[48;2;246;202;255m[38;2;171;173;170m▀[38;2;139;140;139m▀[48;2;150;179;138m[38;2;138;152;138m▀[48;2;139;162;138m[38;2;244;244;244m▀[48;2;191;202;186m[38;2;255;255;255m▀[48;2;255;255;255m        [m
[48;2;246;202;255m      [48;2;139;162;138m [48;2;191;202;186m    [48;2;139;162;138m [48;2;246;202;255m   [38;2;139;162;138m▀[48;2;139;162;138m [48;2;191;202;186m[38;2;244;244;244m▀[48;2;255;255;255m       [m
[48;2;246;202;255m      [38;2;139;162;138m▀[48;2;139;162;138m[38;2;150;179;138m▀[48;2;191;202;186m  [48;2;150;179;138m[38;2;191;202;186m▀[38;2;139;162;138m▀[48;2;246;202;255m    [48;2;150;179;138m▀[48;2;139;162;138m [48;2;244;244;244m [48;2;255;255;255m      [m
[48;2;246;202;255m      [38;2;150;179;138m▀[48;2;139;162;138m ▀[38;2;191;202;186m▀ [48;2;150;179;138m [48;2;246;202;255m    [38;2;150;179;138m▀[48;2;139;162;138m [48;2;191;202;186m [48;2;255;255;255m      [m
[48;2;246;202;255m       [38;2;150;179;138m▀[48;2;150;179;138m[38;2;139;162;138m▀▀[48;2;246;202;255m[38;2;150;179;138m▀      [48;2;139;162;138m [38;2;191;202;186m▀[48;2;244;244;244m[38;2;255;255;255m▀[48;2;255;255;255m     [m
[48;2;150;179;138m[38;2;246;202;255m▀▀▀▀▀[48;2;246;202;255m            [38;2;150;179;138m▀[38;2;139;162;138m▀[48;2;139;162;138m [38;2;244;244;244m▀[48;2;244;244;244m[38;2;255;255;255m▀[48;2;255;255;255m   [m
[48;2;246;202;255m[38;2;150;179;138m▀▀[48;2;150;179;138m [48;2;246;202;255m▀[48;2;150;179;138m   [38;2;246;202;255m▀▀[48;2;246;202;255m          [38;2;150;179;138m▀[48;2;150;179;138m[38;2;139;162;138m▀[48;2;139;162;138m [48;2;191;202;186m[38;2;244;244;244m▀[48;2;244;244;244m[38;2;255;255;255m▀[48;2;255;255;255m [m
[48;2;255;255;255m[38;2;139;162;138m▀▀▀▀▀▀▀▀▀▀▀▀▀▀▀▀▀▀▀▀▀▀▀[38;2;244;244;244m▀ [m
