[48;2;255;255;255m                         [m
[48;2;255;255;255m [48;2;242;242;242m[38;2;255;255;255m▀[48;2;130;164;115m[38;2;242;242;242m▀[48;2;116;144;115m▀▀[38;2;178;192;173m▀[38;2;242;242;242m▀▀[48;2;178;192;173m▀[48;2;242;242;242m[38;2;255;255;255m▀[48;2;255;255;255m               [m
[48;2;116;144;115m[38;2;178;192;173m▀ [48;2;180;214;255m[38;2;116;144;115m▀[38;2;130;164;115m▀▀▀▀[38;2;116;144;115m▀▀[48;2;116;144;115m [38;2;178;192;173m▀[48;2;242;242;242m[38;2;255;255;255m▀[48;2;255;255;255m             [m
[48;2;160;164;169m[38;2;180;214;255m▀[48;2;133;136;132m▀[48;2;116;117;115m▀[48;2;117;122;127m▀[48;2;115;115;115m▀[48;2;116;117;115m▀[48;2;115;123;115m▀[48;2;145;147;144m▀[48;2;158;160;157m▀[48;2;141;144;139m▀[48;2;115;116;115m[38;2;116;144;115m▀▀[48;2;115;115;115m[38;2;242;242;242m▀[48;2;127;127;127m[38;2;255;255;255m▀[48;2;255;255;255m           [m
[48;2;142;144;145m[38;2;226;227;226m▀[48;2;161;162;160m[38;2;217;217;217m▀[48;2;143;146;140m[38;2;143;142;143m▀[48;2;115;115;116m[38;2;115;115;115m▀[48;2;115;123;115m▀[48;2;178;192;173m[38;2;144;152;141m▀ [48;2;170;181;164m[38;2;145;147;144m▀[48;2;139;141;138m[38;2;212;212;212m▀[48;2;156;157;156m[38;2;227;227;227m▀[48;2;154;156;153m[38;2;170;170;170m▀[48;2;117;117;117m[38;2;115;115;115m▀[48;2;115;132;115m▀[48;2;116;144;115m[38;2;147;155;144m▀[48;2;242;242;242m[38;2;255;255;255m▀[48;2;255;255;255m          [m
[48;2;180;214;255m   [38;2;130;164;115m▀[48;2;116;144;115m [48;2;178;192;173m   ▀[48;2;116;144;115m [48;2;180;214;255m  ▀[48;2;130;164;115m[38;2;116;144;115m▀[48;2;116;144;115m[38;2;178;192;173m▀[48;2;242;242;242m[38;2;255;255;255m▀[48;2;255;255;255m         [m
[48;2;180;214;255m    [48;2;116;144;115m [48;2;178;192;173m   [48;2;130;164;115m[38;2;115;183;115m▀[38;2;116;144;115m▀[48;2;180;214;255m    [48;2;116;144;115m [48;2;130;164;115m[38;2;178;192;173m▀[48;2;242;242;242m[38;2;255;255;255m▀[48;2;255;255;255m        [m
[48;2;180;214;255m    [48;2;130;164;115m[38;2;116;144;115m▀[48;2;116;144;115m[38;2;130;164;115m▀[48;2;130;164;115m[38;2;178;192;173m▀[48;2;116;144;115m▀ [48;2;180;214;255m     [48;2;116;144;115m [48;2;178;192;173m [48;2;255;255;255m[38;2;242;242;242m▀        [m
[48;2;180;214;255m    [38;2;130;164;115m▀[48;2;130;164;115m[38;2;116;144;115m▀[48;2;116;144;115m  [48;2;180;214;255m[38;2;130;164;115m▀     [48;2;130;164;115m[38;2;116;144;115m▀[48;2;116;144;115m[38;2;178;192;173m▀[48;2;178;192;173m[38;2;242;242;242m▀[48;2;255;255;255m        [m
[48;2;180;214;255m      [38;2;130;164;115m▀        [38;2;116;144;115m▀[48;2;130;164;115m▀[48;2;116;144;115m[38;2;178;192;173m▀[38;2;242;242;242m▀[38;2;255;255;255m▀[48;2;242;242;242m▀[48;2;255;255;255m    [m
[48;2;130;164;115m[38;2;180;214;255m▀▀▀▀[48;2;180;214;255m             [38;2;130;164;115m▀▀[48;2;130;164;115m[38;2;116;144;115m▀[48;2;116;144;115m [38;2;178;192;173m▀[48;2;130;164;115m[38;2;242;242;242m▀[48;2;242;242;242m[38;2;255;255;255m▀[48;2;255;255;255m [m
[48;2;180;214;255m[38;2;130;164;115m▀▀▀▀[48;2;130;164;115m [38;2;180;214;255m▀[48;2;180;214;255m               [38;2;116;144;115m▀[48;2;130;164;115m▀[48;2;116;144;115m [38;2;242;242;242m▀[m
[48;2;255;255;255m[38;2;116;144;115m▀▀▀▀▀▀▀▀▀▀▀▀▀▀▀▀▀▀▀▀▀▀▀▀▀[m
