[48;2;0;0;0m                                   [m
[48;2;0;0;0m                     [48;2;231;231;231m  [48;2;123;140;107m[38;2;231;231;231m▀[48;2;231;231;231m  [48;2;0;0;0m         [m
[48;2;0;0;0m                [48;2;231;231;231m[38;2;0;0;0m▀▀[48;2;57;90;8m[38;2;231;231;231m▀[48;2;33;57;8m▀  [48;2;57;90;8m[38;2;33;57;8m▀[48;2;255;107;107m▀[48;2;57;90;8m▀[48;2;33;57;8m  [38;2;231;231;231m▀[48;2;123;140;107m▀[48;2;231;231;231m[38;2;0;0;0m▀[48;2;0;0;0m     [m
[48;2;0;0;0m              [48;2;231;231;231m[38;2;0;0;0m▀[48;2;33;57;8m[38;2;231;231;231m▀[38;2;57;90;8m▀[48;2;57;90;8m[38;2;33;57;8m▀▀[48;2;255;107;107m[38;2;57;90;8m▀[48;2;33;57;8m▀▀[48;2;255;107;107m  [48;2;57;90;8m[38;2;255;107;107m▀▀[48;2;33;57;8m▀[48;2;57;90;8m[38;2;33;57;8m▀[48;2;33;57;8m [48;2;57;90;8m[38;2;231;231;231m▀[48;2;231;231;231m[38;2;0;0;0m▀[48;2;0;0;0m    [m
[48;2;0;0;0m             [48;2;231;231;231m [48;2;33;57;8m[38;2;123;140;107m▀ [48;2;255;107;107m    [38;2;33;57;8m▀▀ [48;2;33;57;8m [48;2;57;90;8m▀[48;2;123;140;107m[38;2;57;90;8m▀▀[38;2;33;57;8m▀[48;2;33;57;8m  [48;2;60;91;14m[38;2;231;231;231m▀[48;2;176;176;176m[38;2;0;0;0m▀[48;2;138;140;141m▀[48;2;154;156;157m▀[48;2;161;163;164m[38;2;126;127;127m▀[m
[48;2;0;0;0m            [48;2;231;231;231m [48;2;33;57;8m [48;2;57;90;8m[38;2;33;57;8m▀[48;2;255;107;107m   [48;2;246;106;106m[38;2;255;107;107m▀[48;2;207;111;107m▀[48;2;204;147;128m▀[48;2;217;200;207m[38;2;255;110;110m▀[48;2;184;157;157m[38;2;255;107;107m▀[48;2;104;107;72m[38;2;33;57;8m▀[48;2;109;121;99m[38;2;123;140;107m▀[48;2;120;131;126m▀[48;2;120;131;112m▀[48;2;119;135;105m▀[48;2;72;84;60m[38;2;33;57;8m▀[48;2;173;175;177m[38;2;73;95;42m▀[48;2;140;145;138m[38;2;149;151;152m▀[48;2;66;82;49m[38;2;161;163;164m▀[48;2;230;230;230m[38;2;161;162;162m▀[48;2;0;0;0m[38;2;148;148;149m▀ [m
[48;2;0;0;0m           [48;2;123;140;107m[38;2;231;231;231m▀[48;2;33;57;8m  [48;2;255;107;107m [48;2;226;101;101m[38;2;255;107;107m▀[48;2;185;171;179m[38;2;246;105;105m▀[48;2;231;236;245m[38;2;188;122;124m▀[48;2;226;231;242m[38;2;171;166;173m▀[48;2;238;234;221m[38;2;192;193;177m▀[48;2;255;243;195m[38;2;230;221;156m▀[48;2;255;210;21m[38;2;241;223;151m▀[48;2;255;204;15m[38;2;221;198;104m▀[48;2;243;235;205m[38;2;224;217;162m▀[48;2;255;221;72m[38;2;249;236;182m▀[48;2;255;214;0m[38;2;237;216;138m▀[48;2;228;221;190m[38;2;179;179;171m▀[48;2;207;215;234m[38;2;152;156;162m▀[48;2;100;109;92m[38;2;187;190;192m▀[48;2;57;90;8m[38;2;210;150;150m▀[48;2;255;107;107m[38;2;57;90;8m▀[48;2;33;57;8m  [48;2;0;0;0m  [m
[48;2;0;0;0m          [48;2;123;140;107m[38;2;231;231;231m▀[48;2;33;57;8m [48;2;57;90;8m[38;2;33;57;8m▀ [38;2;255;107;107m▀[48;2;177;180;178m[38;2;180;155;157m▀[48;2;212;196;90m[38;2;217;215;183m▀[48;2;243;217;97m[38;2;224;217;184m▀[48;2;255;205;10m[38;2;255;249;210m▀[48;2;255;210;17m[38;2;255;219;64m▀[48;2;255;226;120m[38;2;255;208;34m▀[48;2;255;254;255m[38;2;255;235;156m▀[48;2;255;234;141m[38;2;255;211;45m▀[48;2;255;226;78m[38;2;254;205;27m▀[48;2;255;255;233m[38;2;253;229;142m▀[48;2;222;229;248m[38;2;255;242;172m▀[48;2;148;150;157m[38;2;247;248;242m▀[48;2;76;81;69m[38;2;156;160;167m▀[48;2;33;57;8m[38;2;43;61;24m▀[48;2;255;107;107m  [48;2;33;57;8m  [48;2;0;0;0m  [m
[48;2;0;0;0m        [48;2;231;231;231m[38;2;0;0;0m▀[48;2;33;57;8m[38;2;123;140;107m▀ [48;2;255;107;107m[38;2;57;90;8m▀ ▀[48;2;57;90;8m [48;2;252;107;107m[38;2;177;121;121m▀[48;2;174;125;130m[38;2;185;181;150m▀[48;2;159;160;166m[38;2;231;222;175m▀[48;2;165;168;178m[38;2;248;216;99m▀[48;2;161;164;173m[38;2;255;240;179m▀[48;2;166;168;171m[38;2;255;255;255m▀[48;2;146;147;143m[38;2;233;232;211m▀[48;2;130;131;132m[38;2;221;216;171m▀[48;2;116;118;126m[38;2;203;205;197m▀[48;2;103;103;106m[38;2;170;171;170m▀[48;2;94;99;89m[38;2;118;119;119m▀[48;2;47;67;27m[38;2;89;89;88m▀[48;2;33;57;8m[38;2;45;65;23m▀[48;2;255;107;107m[38;2;57;90;8m▀  [48;2;33;57;8m  [48;2;0;0;0m  [m
[48;2;0;0;0m      [48;2;231;231;231m[38;2;0;0;0m▀[48;2;33;57;8m[38;2;231;231;231m▀[38;2;123;140;107m▀[48;2;57;90;8m[38;2;33;57;8m▀[48;2;255;107;107m    [38;2;57;90;8m▀[48;2;57;90;8m [48;2;255;107;107m [38;2;222;113;114m▀[38;2;177;120;122m▀[38;2;144;120;122m▀[38;2;129;119;119m▀[38;2;129;121;123m▀[38;2;140;122;124m▀[38;2;170;119;119m▀[38;2;211;113;113m▀[38;2;33;57;8m▀▀   [48;2;33;57;8m[38;2;57;90;8m▀ [48;2;231;231;231m[38;2;33;57;8m▀[48;2;0;0;0m  [m
[48;2;0;0;0m    [48;2;231;231;231m[38;2;0;0;0m▀[48;2;123;140;107m[38;2;231;231;231m▀[48;2;33;57;8m[38;2;57;90;8m▀[48;2;57;90;8m[38;2;33;57;8m▀[48;2;255;107;107m[38;2;57;90;8m▀      ▀▀▀[48;2;57;90;8m  [38;2;255;107;107m▀▀[48;2;255;107;107m        [48;2;33;57;8m [48;2;123;140;107m [48;2;0;0;0m[38;2;231;231;231m▀  [m
[48;2;0;0;0m [48;2;231;231;231m[38;2;0;0;0m▀▀[48;2;33;57;8m[38;2;231;231;231m▀[38;2;57;90;8m▀[48;2;57;90;8m[38;2;33;57;8m▀[48;2;255;107;107m                       [38;2;57;90;8m▀[48;2;33;57;8m [48;2;123;140;107m[38;2;231;231;231m▀[48;2;231;231;231m[38;2;0;0;0m▀[48;2;0;0;0m  [m
[48;2;0;0;0m [38;2;231;231;231m▀[38;2;57;90;8m▀[38;2;33;57;8m▀▀▀▀▀▀▀▀▀▀▀▀▀▀▀▀▀▀▀▀▀▀▀▀▀▀▀▀[38;2;123;140;107m▀[38;2;231;231;231m▀  [m
