[48;2;0;0;0m                  [48;2;231;231;231m[38;2;0;0;0m▀▀▀[48;2;123;140;107m▀[48;2;231;231;231m▀▀[48;2;123;140;107m▀[48;2;231;231;231m▀▀[48;2;0;0;0m        [m
[48;2;0;0;0m                [48;2;231;231;231m[38;2;0;0;0m▀[48;2;123;140;107m[38;2;231;231;231m▀[48;2;33;57;8m▀[38;2;123;140;107m▀   ▀[38;2;57;90;8m▀[38;2;123;140;107m▀[38;2;231;231;231m▀[48;2;123;140;107m[38;2;0;0;0m▀[48;2;0;0;0m       [m
[48;2;0;0;0m              [48;2;231;231;231m[38;2;0;0;0m▀[48;2;33;57;8m[38;2;231;231;231m▀ [48;2;57;90;8m[38;2;33;57;8m▀[48;2;33;57;8m[38;2;57;90;8m▀[48;2;57;90;8m[38;2;255;140;140m▀[48;2;255;140;140m [48;2;57;90;8m▀[48;2;33;57;8m▀▀▀[38;2;57;90;8m▀[48;2;57;90;8m[38;2;33;57;8m▀[48;2;33;57;8m [48;2;123;140;107m[38;2;231;231;231m▀[48;2;0;0;0m      [m
[48;2;0;0;0m             [48;2;123;140;107m[38;2;231;231;231m▀[48;2;33;57;8m [48;2;57;90;8m[38;2;33;57;8m▀[48;2;255;140;140m[38;2;57;90;8m▀▀[48;2;33;57;8m ▀[48;2;255;140;140m [48;2;33;57;8m [48;2;123;140;107m▀  [38;2;33;57;8m▀[48;2;33;57;8m   [48;2;123;140;107m[38;2;231;231;231m▀[48;2;0;0;0m     [m
[48;2;0;0;0m            [48;2;57;90;8m[38;2;231;231;231m▀[48;2;33;57;8m [48;2;57;90;8m[38;2;33;57;8m▀[48;2;255;140;140m      [48;2;33;57;8m [48;2;123;140;107m   [38;2;66;123;0m▀[48;2;33;57;8m [48;2;255;140;140m [38;2;33;57;8m▀[48;2;33;57;8m [48;2;121;137;106m[38;2;231;231;231m▀[48;2;0;0;0m [48;2;138;140;141m[38;2;0;0;0m▀[48;2;154;156;157m▀[48;2;161;163;164m[38;2;126;127;127m▀[m
[48;2;0;0;0m           [48;2;231;231;231m [48;2;33;57;8m  [48;2;255;140;140m    [48;2;246;137;137m[38;2;255;140;140m▀[48;2;207;133;129m▀[48;2;204;159;141m▀[48;2;186;193;194m[38;2;38;61;13m▀[48;2;159;164;157m[38;2;123;140;107m▀[48;2;126;127;96m▀[48;2;129;136;129m▀[48;2;91;108;82m▀[48;2;63;79;50m[38;2;33;57;8m▀[48;2;237;135;134m[38;2;255;140;140m▀[48;2;184;126;127m▀[48;2;173;175;177m[38;2;58;73;42m▀[48;2;140;145;138m[38;2;149;151;152m▀[48;2;201;200;200m[38;2;161;163;164m▀[48;2;0;0;0m[38;2;156;157;157m▀[38;2;148;148;149m▀ [m
[48;2;0;0;0m          [48;2;231;231;231m [48;2;33;57;8m  [48;2;255;140;140m  [48;2;226;129;129m[38;2;255;140;140m▀[48;2;185;175;183m[38;2;246;136;136m▀[48;2;231;236;245m[38;2;188;137;139m▀[48;2;226;231;242m[38;2;171;168;175m▀[48;2;238;234;221m[38;2;192;193;177m▀[48;2;255;243;195m[38;2;230;221;156m▀[48;2;255;210;21m[38;2;241;223;151m▀[48;2;255;204;15m[38;2;221;198;104m▀[48;2;243;235;205m[38;2;224;217;162m▀[48;2;255;221;72m[38;2;249;236;182m▀[48;2;255;214;0m[38;2;237;216;138m▀[48;2;228;221;190m[38;2;179;179;171m▀[48;2;207;215;234m[38;2;155;156;162m▀[48;2;182;140;141m[38;2;187;190;192m▀[48;2;255;140;140m[38;2;106;123;81m▀[48;2;33;57;8m [48;2;123;140;107m [48;2;0;0;0m   [m
[48;2;0;0;0m         [48;2;231;231;231m[38;2;0;0;0m▀[48;2;33;57;8m  [48;2;57;90;8m [38;2;255;140;140m▀[48;2;255;140;140m [48;2;177;180;178m[38;2;180;161;164m▀[48;2;212;196;90m[38;2;217;215;183m▀[48;2;243;217;97m[38;2;224;217;184m▀[48;2;255;205;10m[38;2;255;249;210m▀[48;2;255;210;17m[38;2;255;219;64m▀[48;2;255;226;120m[38;2;255;208;34m▀[48;2;255;254;255m[38;2;255;235;156m▀[48;2;255;234;141m[38;2;255;211;45m▀[48;2;255;226;78m[38;2;254;205;27m▀[48;2;255;255;233m[38;2;253;229;142m▀[48;2;222;229;248m[38;2;255;242;172m▀[48;2;148;150;157m[38;2;247;248;242m▀[48;2;123;98;97m[38;2;156;160;167m▀[48;2;255;140;140m[38;2;211;124;123m▀[48;2;57;90;8m [48;2;33;57;8m [48;2;231;231;231m[38;2;123;140;107m▀[48;2;0;0;0m   [m
[48;2;0;0;0m       [48;2;231;231;231m[38;2;0;0;0m▀[48;2;33;57;8m[38;2;231;231;231m▀ [48;2;57;90;8m[38;2;33;57;8m▀[48;2;255;140;140m  [48;2;57;90;8m [48;2;255;140;140m [48;2;252;140;140m[38;2;177;134;133m▀[48;2;174;136;141m[38;2;185;181;150m▀[48;2;159;160;166m[38;2;231;222;175m▀[48;2;165;168;178m[38;2;248;216;99m▀[48;2;161;164;173m[38;2;255;240;179m▀[48;2;166;168;171m[38;2;255;255;255m▀[48;2;146;147;143m[38;2;233;232;211m▀[48;2;130;131;132m[38;2;221;216;171m▀[48;2;116;118;126m[38;2;203;205;197m▀[48;2;103;103;106m[38;2;170;171;170m▀[48;2;140;116;116m[38;2;118;119;119m▀[48;2;231;136;136m[38;2;100;93;94m▀[48;2;255;140;140m[38;2;232;135;135m▀ [48;2;33;57;8m [48;2;123;140;107m[38;2;33;57;8m▀[48;2;0;0;0m[38;2;231;231;231m▀   [m
[48;2;0;0;0m    [48;2;231;231;231m[38;2;0;0;0m▀[48;2;123;140;107m[38;2;231;231;231m▀[48;2;33;57;8m▀ [48;2;57;90;8m[38;2;33;57;8m▀[48;2;255;140;140m    [38;2;57;90;8m▀▀[48;2;57;90;8m  [38;2;222;138;138m▀[38;2;177;133;135m▀[48;2;255;140;140m[38;2;144;126;127m▀[38;2;129;121;121m▀[38;2;129;123;125m▀[38;2;140;126;128m▀[38;2;170;130;130m▀[38;2;211;135;135m▀   [38;2;57;90;8m▀[48;2;33;57;8m [48;2;231;231;231m [48;2;0;0;0m    [m
[48;2;0;0;0m   [48;2;231;231;231m[38;2;0;0;0m▀[48;2;33;57;8m[38;2;123;140;107m▀ [48;2;57;90;8m [48;2;255;140;140m                     [38;2;57;90;8m▀[48;2;33;57;8m [48;2;231;231;231m [48;2;0;0;0m    [m
[48;2;0;0;0m [48;2;231;231;231m[38;2;0;0;0m▀[48;2;123;140;107m[38;2;231;231;231m▀[48;2;33;57;8m [48;2;57;90;8m[38;2;33;57;8m▀[48;2;255;140;140m                       [38;2;57;90;8m▀[48;2;33;57;8m [38;2;123;140;107m▀[48;2;0;0;0m    [m
[48;2;0;0;0m [38;2;231;231;231m▀[38;2;123;140;107m▀[38;2;33;57;8m▀▀▀▀▀▀▀▀▀▀▀▀▀▀▀▀▀▀▀▀▀▀▀▀▀▀▀▀    [m
