[48;2;0;0;0m   [48;2;198;236;249m[38;2;0;0;0m▀[48;2;55;187;236m[38;2;172;227;248m▀[38;2;117;209;242m▀[48;2;117;209;242m[38;2;226;245;252m▀[48;2;0;0;0m                               [48;2;242;235;202m[38;2;0;0;0m▀[48;2;251;180;7m[38;2;237;219;153m▀ [38;2;247;214;135m▀[48;2;242;235;202m[38;2;0;0;0m▀[48;2;0;0;0m [m
[48;2;0;0;0m [48;2;252;253;253m[38;2;0;0;0m▀[48;2;145;218;245m[38;2;252;253;253m▀[48;2;68;192;236m[38;2;91;200;240m▀[48;2;198;236;249m[38;2;68;192;236m▀[48;2;226;245;252m▀[48;2;68;192;236m [48;2;172;227;248m[38;2;226;245;252m▀[48;2;0;0;0m                            [48;2;252;253;253m[38;2;0;0;0m▀[48;2;238;227;176m[38;2;252;253;253m▀[48;2;251;180;7m[38;2;246;193;56m▀[48;2;242;235;202m[38;2;251;180;7m▀[48;2;0;0;0m[38;2;246;193;56m▀[48;2;240;204;96m[38;2;251;180;7m▀[48;2;251;180;7m[38;2;240;204;96m▀[48;2;247;244;227m[38;2;0;0;0m▀[m
[48;2;0;0;0m [48;2;198;236;249m[38;2;226;245;252m▀[48;2;68;192;236m[38;2;91;200;240m▀[48;2;198;236;249m[38;2;117;209;242m▀[48;2;0;0;0m  [48;2;181;222;238m[38;2;145;218;245m▀[48;2;91;200;240m[38;2;117;209;242m▀[48;2;0;0;0m                            [48;2;238;227;176m[38;2;247;244;227m▀[48;2;251;180;7m[38;2;246;193;56m▀[48;2;247;244;227m[38;2;247;214;135m▀[48;2;0;0;0m  [48;2;245;248;246m[38;2;242;235;202m▀[48;2;251;180;7m [48;2;237;219;153m▀[m
[48;2;0;0;0m [48;2;117;209;242m[38;2;145;218;245m▀[48;2;54;144;178m[38;2;91;200;240m▀[48;2;43;49;46m[38;2;229;232;232m▀[48;2;144;117;57m[38;2;167;168;168m▀[48;2;217;186;119m[38;2;80;76;65m▀[48;2;247;214;135m[38;2;43;49;46m▀[48;2;217;186;119m▀[48;2;80;76;65m[38;2;167;168;168m▀[38;2;252;253;253m▀[48;2;252;253;253m[38;2;0;0;0m▀[48;2;0;0;0m                        [48;2;245;248;246m▀[48;2;251;180;7m[38;2;240;204;96m▀[48;2;247;214;135m[38;2;246;193;56m▀[48;2;0;0;0m[38;2;252;253;253m▀  ▀[48;2;240;204;96m[38;2;246;193;56m▀[48;2;246;193;56m[38;2;240;204;96m▀[m
[48;2;226;245;252m[38;2;245;248;246m▀[48;2;68;192;236m[38;2;91;200;240m▀[48;2;52;82;98m [48;2;22;16;19m[38;2;103;107;94m▀[48;2;217;186;119m[38;2;255;226;148m▀▀[48;2;43;49;46m▀[38;2;247;214;135m▀[48;2;172;142;82m[38;2;255;226;148m▀[48;2;43;49;46m[38;2;80;76;65m▀[48;2;22;16;19m[38;2;103;107;94m▀[48;2;182;183;182m[38;2;252;253;253m▀[48;2;0;0;0m                       [48;2;238;227;176m[38;2;247;244;227m▀[48;2;251;180;7m [48;2;252;253;253m▀[48;2;0;0;0m    [48;2;237;219;153m[38;2;240;204;96m▀[48;2;246;193;56m [m
[48;2;172;227;248m[38;2;198;236;249m▀[48;2;91;200;240m[38;2;68;192;236m▀[48;2;255;226;148m[38;2;172;142;82m▀[38;2;80;76;65m▀[48;2;247;214;135m [48;2;43;49;46m▀[48;2;135;145;122m▀[38;2;103;107;94m▀[48;2;53;78;54m[38;2;43;49;46m▀[48;2;172;142;82m [48;2;255;226;148m[38;2;217;186;119m▀[48;2;144;117;57m[38;2;43;49;46m▀[48;2;167;168;168m[38;2;245;248;246m▀[48;2;0;0;0m                      [48;2;240;204;96m[38;2;247;214;135m▀[38;2;251;180;7m▀[48;2;0;0;0m[38;2;252;253;253m▀    [48;2;237;219;153m [48;2;246;193;56m [m
[48;2;117;209;242m[38;2;145;218;245m▀[48;2;116;197;198m [48;2;247;214;135m   [48;2;43;49;46m [48;2;103;107;94m[38;2;135;145;122m▀[48;2;135;145;122m [48;2;53;78;54m [48;2;144;117;57m [48;2;255;226;148m [48;2;217;186;119m [48;2;80;76;65m[38;2;103;107;94m▀[48;2;252;253;253m[38;2;0;0;0m▀[48;2;0;0;0m                    [48;2;252;253;253m▀[48;2;251;180;7m[38;2;246;193;56m▀[48;2;238;227;176m[38;2;247;214;135m▀[48;2;0;0;0m     [48;2;217;186;119m[38;2;237;219;153m▀[48;2;246;193;56m [m
[48;2;91;200;240m[38;2;117;209;242m▀[48;2;192;199;186m[38;2;116;197;198m▀[48;2;247;214;135m  [38;2;255;226;148m▀[48;2;217;186;119m[38;2;144;117;57m▀[48;2;43;49;46m[38;2;53;78;54m▀[38;2;135;145;122m▀[48;2;103;107;94m[38;2;43;49;46m▀[48;2;255;226;148m[38;2;217;186;119m▀[48;2;247;214;135m[38;2;255;226;148m▀[38;2;217;186;119m▀[48;2;43;49;46m[38;2;80;76;65m▀[48;2;252;253;253m [48;2;0;0;0m                    [48;2;252;253;253m [48;2;251;180;7m [48;2;247;244;227m[38;2;242;235;202m▀[48;2;0;0;0m    [38;2;252;253;253m▀[48;2;172;142;82m [48;2;246;193;56m [m
[48;2;91;200;240m [48;2;192;199;186m [48;2;247;214;135m   [38;2;255;226;148m▀[38;2;172;142;82m▀[48;2;217;186;119m[38;2;22;16;19m▀[48;2;247;214;135m[38;2;217;186;119m▀  [48;2;255;226;148m[38;2;247;214;135m▀[48;2;43;49;46m [48;2;237;238;238m[38;2;252;253;253m▀[48;2;0;0;0m                    [48;2;252;253;253m [48;2;251;180;7m [48;2;247;244;227m [48;2;0;0;0m    [48;2;252;253;253m[38;2;0;0;0m▀[48;2;144;117;57m [48;2;240;204;96m [m
[48;2;117;209;242m[38;2;91;200;240m▀[48;2;84;135;153m[38;2;74;104;139m▀[48;2;65;36;48m[38;2;217;186;119m▀[48;2;80;76;65m[38;2;255;226;148m▀[48;2;144;117;57m▀[48;2;247;214;135m  ▀   ▀[38;2;144;117;57m▀[48;2;43;49;46m[38;2;167;168;168m▀[48;2;237;238;238m[38;2;0;0;0m▀[48;2;0;0;0m                   [48;2;252;253;253m [48;2;251;180;7m [48;2;247;244;227m [48;2;0;0;0m   [48;2;252;253;253m▀[48;2;135;145;122m[38;2;245;248;246m▀[48;2;144;117;57m [48;2;238;227;176m[38;2;255;226;148m▀[m
[48;2;91;200;240m [48;2;192;199;186m [48;2;247;214;135m [48;2;255;226;148m[38;2;172;142;82m▀▀[48;2;247;214;135m       [38;2;255;226;148m▀[48;2;255;226;148m[38;2;172;142;82m▀[48;2;80;76;65m[38;2;103;107;94m▀[48;2;229;232;232m[38;2;252;253;253m▀[48;2;0;0;0m                  [48;2;252;253;253m [48;2;251;180;7m [48;2;238;227;176m[38;2;247;244;227m▀[48;2;0;0;0m  [48;2;135;145;122m[38;2;252;253;253m▀[48;2;80;76;65m[38;2;135;145;122m▀[48;2;247;214;135m[38;2;80;76;65m▀[48;2;246;193;56m[38;2;251;180;7m▀[48;2;245;248;246m[38;2;247;244;227m▀[m
[48;2;117;209;242m[38;2;91;200;240m▀[48;2;96;164;181m[38;2;192;199;186m▀[48;2;144;117;57m[38;2;255;226;148m▀▀▀▀▀▀▀▀▀▀▀▀[48;2;80;76;65m[38;2;172;142;82m▀[48;2;103;107;94m[38;2;167;168;168m▀[48;2;0;0;0m                  [48;2;252;253;253m [48;2;246;193;56m[38;2;251;180;7m▀[48;2;237;219;153m [48;2;245;248;246m[38;2;252;253;253m▀[48;2;167;168;168m[38;2;218;218;211m▀[48;2;80;76;65m [48;2;172;142;82m[38;2;255;226;148m▀[48;2;251;180;7m[38;2;240;204;96m▀[48;2;247;214;135m[38;2;246;193;56m▀[48;2;0;0;0m [m
[48;2;172;227;248m[38;2;145;218;245m▀[48;2;91;200;240m[38;2;54;144;178m▀[48;2;198;236;249m[38;2;135;145;122m▀[48;2;252;253;253m[38;2;167;168;168m▀[48;2;0;0;0m▀[48;2;145;218;245m[38;2;84;135;153m▀[48;2;172;227;248m[38;2;52;82;98m▀[48;2;0;0;0m[38;2;167;168;168m▀▀▀▀▀▀▀▀[38;2;182;183;182m▀[38;2;252;253;253m▀                  [48;2;240;204;96m[38;2;246;193;56m▀[38;2;247;214;135m▀[48;2;237;219;153m[38;2;242;235;202m▀[48;2;252;253;253m[38;2;218;218;211m▀[48;2;0;0;0m[38;2;135;145;122m▀[48;2;247;214;135m▀[48;2;251;180;7m [48;2;247;244;227m[38;2;238;227;176m▀[48;2;0;0;0m [m
[48;2;245;248;246m[38;2;198;236;249m▀[48;2;68;192;236m[38;2;91;200;240m▀[48;2;198;236;249m[38;2;172;227;248m▀[48;2;91;200;240m[38;2;226;245;252m▀[48;2;55;187;236m[38;2;198;236;249m▀[48;2;91;200;240m[38;2;55;187;236m▀[48;2;252;253;253m[38;2;245;248;246m▀[48;2;0;0;0m                            [48;2;247;244;227m[38;2;238;227;176m▀[48;2;251;180;7m[38;2;246;193;56m▀[48;2;242;235;202m[38;2;238;227;176m▀[48;2;246;193;56m[38;2;240;204;96m▀[48;2;251;180;7m[38;2;237;219;153m▀ [48;2;238;227;176m[38;2;240;204;96m▀[48;2;0;0;0m  [m
[48;2;0;0;0m [48;2;198;236;249m[38;2;117;209;242m▀[48;2;55;187;236m▀[48;2;91;200;240m[38;2;198;236;249m▀[38;2;68;192;236m▀[48;2;226;245;252m[38;2;145;218;245m▀[48;2;0;0;0m                              [48;2;242;235;202m[38;2;240;204;96m▀[48;2;251;180;7m▀[38;2;247;244;227m▀[38;2;246;193;56m▀[48;2;242;235;202m▀[48;2;0;0;0m[38;2;252;253;253m▀  [m
[48;2;0;0;0m  [38;2;145;218;245m▀[38;2;91;200;240m▀[38;2;198;236;249m▀                                [38;2;238;227;176m▀[38;2;240;204;96m▀[38;2;242;235;202m▀    [m
