[48;2;0;0;0m                                                                [m
[48;2;0;0;0m         [48;2;162;162;161m[38;2;0;0;0m▀[48;2;49;85;92m▀[48;2;1;2;1m▀▀▀▀▀▀▀▀▀▀▀▀▀▀▀▀▀▀▀▀▀▀▀▀▀▀▀▀▀▀▀▀▀▀▀▀▀▀▀▀▀[48;2;81;104;96m▀[48;2;120;141;103m▀[48;2;0;0;0m          [m
[48;2;0;0;0m         [48;2;81;104;96m [48;2;1;2;1m [48;2;104;148;194m[38;2;1;2;1m▀[48;2;137;182;253m▀▀▀▀▀▀▀▀▀▀▀▀▀▀▀▀▀▀▀▀▀▀▀▀▀▀▀▀▀▀▀▀▀▀▀▀▀▀▀▀[48;2;1;2;1m [38;2;81;104;96m▀[48;2;0;0;0m          [m
[48;2;0;0;0m         [48;2;81;104;96m[38;2;120;141;103m▀[48;2;1;2;1m [48;2;104;148;194m [48;2;137;182;253m                                        [48;2;1;2;1m  [48;2;0;0;0m          [m
[48;2;0;0;0m         [48;2;120;141;103m[38;2;81;104;96m▀[48;2;1;2;1m [48;2;90;106;148m[38;2;104;148;194m▀[48;2;104;148;194m[38;2;137;182;253m▀▀▀▀▀[48;2;137;182;253m            [48;2;104;148;194m▀▀▀▀▀▀▀▀▀▀▀▀▀▀[48;2;137;182;253m         [48;2;1;2;1m  [48;2;0;0;0m          [m
[48;2;0;0;0m         [38;2;81;104;96m▀[48;2;120;141;103m[38;2;1;2;1m▀[48;2;90;106;148m▀[48;2;1;2;1m     [48;2;137;182;253m            [48;2;104;148;194m [48;2;49;85;92m▀▀▀▀▀▀▀[48;2;33;47;43m▀[48;2;1;2;1m [48;2;81;104;96m▀[48;2;120;141;103m▀[48;2;1;2;1m  [48;2;137;182;253m         [48;2;1;2;1m  [48;2;0;0;0m          [m
[48;2;0;0;0m               [48;2;1;2;1m  [48;2;137;182;253m                    [48;2;104;148;194m [48;2;1;2;1m  [48;2;0;0;0m [48;2;120;141;103m[38;2;81;104;96m▀[48;2;1;2;1m [38;2;104;148;194m▀▀▀▀▀▀▀▀▀ [48;2;33;47;43m[38;2;1;2;1m▀[48;2;81;104;96m[38;2;0;0;0m▀[48;2;0;0;0m         [m
[48;2;0;0;0m               [48;2;1;2;1m  [48;2;137;182;253m                    [48;2;104;148;194m [48;2;1;2;1m  [48;2;0;0;0m [48;2;33;47;43m[38;2;162;162;161m▀[48;2;1;2;1m [48;2;90;106;148m[38;2;1;2;1m▀[48;2;137;182;253m▀▀▀▀▀▀▀▀▀[48;2;1;2;1m [38;2;49;85;92m▀[48;2;0;0;0m         [m
[48;2;0;0;0m         [48;2;104;148;194m[38;2;0;0;0m▀[48;2;33;47;43m[38;2;162;162;161m▀[48;2;1;2;1m[38;2;120;141;103m▀[38;2;81;104;96m▀[38;2;49;85;92m▀[38;2;81;104;96m▀  [48;2;137;182;253m            [48;2;104;148;194m [48;2;1;2;1m         ▀[38;2;49;85;92m▀[38;2;33;47;43m▀ [48;2;104;148;194m [48;2;137;182;253m         [48;2;1;2;1m  [48;2;0;0;0m         [m
[48;2;0;0;0m         [48;2;81;104;96m[38;2;104;148;194m▀[48;2;1;2;1m [48;2;104;148;194m[38;2;120;141;103m▀[48;2;137;182;253m[38;2;90;106;148m▀▀▀▀▀            [38;2;104;148;194m▀[38;2;90;106;148m▀▀▀▀▀▀▀▀▀▀▀▀▀[38;2;104;148;194m▀         [48;2;1;2;1m  [48;2;0;0;0m         [m
[48;2;0;0;0m         [48;2;81;104;96m [48;2;1;2;1m [48;2;104;148;194m [48;2;137;182;253m                                         [48;2;1;2;1m  [48;2;0;0;0m         [m
[48;2;0;0;0m         [48;2;81;104;96m [48;2;1;2;1m [38;2;104;148;194m▀[38;2;137;182;253m▀▀▀▀▀▀▀[38;2;104;148;194m▀▀[38;2;137;182;253m▀▀▀▀▀▀▀▀▀▀▀▀▀▀▀▀▀▀▀▀▀▀▀▀▀▀▀▀▀▀▀▀ [48;2;81;104;96m[38;2;1;2;1m▀[48;2;0;0;0m         [m
[48;2;0;0;0m         [38;2;162;162;161m▀[38;2;81;104;96m▀[38;2;1;2;1m▀[48;2;1;2;1m   [48;2;90;106;148m▀[48;2;130;255;255m▀[38;2;33;47;43m▀[38;2;90;106;148m▀[38;2;104;148;194m▀▀▀[38;2;90;106;148m▀[38;2;1;2;1m▀▀[48;2;90;106;148m▀[48;2;1;2;1m   [48;2;0;0;0m▀▀▀▀▀▀▀▀▀▀▀▀▀▀▀▀▀▀▀▀▀▀▀▀[38;2;81;104;96m▀[38;2;120;141;103m▀         [m
[48;2;0;0;0m         [48;2;1;2;1m[38;2;0;0;0m▀▀ [48;2;90;106;148m[38;2;1;2;1m▀[48;2;130;255;255m[38;2;33;47;43m▀             [38;2;90;106;148m▀[48;2;90;106;148m[38;2;1;2;1m▀[48;2;1;2;1m [38;2;0;0;0m▀[48;2;0;0;0m                                 [m
[48;2;0;0;0m        [48;2;1;2;1m[38;2;0;0;0m▀ [48;2;90;106;148m[38;2;1;2;1m▀[48;2;130;255;255m[38;2;90;106;148m▀       [48;2;49;85;92m[38;2;130;255;255m▀[48;2;1;2;1m▀[38;2;104;148;194m▀▀[38;2;130;255;255m▀[48;2;90;106;148m▀[48;2;130;255;255m    [38;2;90;106;148m▀[48;2;90;106;148m[38;2;1;2;1m▀[48;2;1;2;1m [38;2;0;0;0m▀[48;2;0;0;0m                               [m
[48;2;0;0;0m      [48;2;1;2;1m[38;2;0;0;0m▀ [48;2;33;47;43m[38;2;1;2;1m▀[48;2;130;255;255m[38;2;90;106;148m▀ [48;2;90;106;148m[38;2;130;255;255m▀[48;2;1;2;1m[38;2;104;148;194m▀[38;2;130;255;255m▀[48;2;130;255;255m   [48;2;90;106;148m▀[48;2;1;2;1m [48;2;81;104;96m[38;2;1;2;1m▀[48;2;120;141;103m[38;2;33;47;43m▀[38;2;49;85;92m▀▀[38;2;33;47;43m▀[48;2;81;104;96m[38;2;1;2;1m▀[48;2;1;2;1m [48;2;104;148;194m[38;2;130;255;255m▀[48;2;90;106;148m▀[48;2;1;2;1m[38;2;104;148;194m▀[38;2;130;255;255m▀[48;2;130;255;255m [48;2;49;85;92m[38;2;1;2;1m▀[48;2;1;2;1m [48;2;0;0;0m                               [m
[48;2;0;0;0m     [48;2;1;2;1m[38;2;0;0;0m▀ [48;2;90;106;148m[38;2;1;2;1m▀[48;2;130;255;255m[38;2;104;148;194m▀  [48;2;1;2;1m   [48;2;130;255;255m▀  [48;2;33;47;43m [48;2;1;2;1m [48;2;120;141;103m      [48;2;1;2;1m [48;2;33;47;43m[38;2;90;106;148m▀[38;2;1;2;1m▀[48;2;1;2;1m  [48;2;104;148;194m [48;2;130;255;255m[38;2;104;148;194m▀[48;2;1;2;1m  [48;2;0;0;0m                              [m
[48;2;0;0;0m    [48;2;1;2;1m[38;2;0;0;0m▀ [48;2;90;106;148m[38;2;1;2;1m▀[48;2;130;255;255m     ▀[38;2;90;106;148m▀   [48;2;1;2;1m [48;2;33;47;43m[38;2;1;2;1m▀[48;2;120;141;103m      [48;2;33;47;43m [48;2;1;2;1m [48;2;130;255;255m ▀[38;2;90;106;148m▀  [48;2;104;148;194m[38;2;33;47;43m▀[48;2;1;2;1m [38;2;0;0;0m▀[48;2;0;0;0m                             [m
[48;2;0;0;0m    [48;2;1;2;1m  [48;2;130;255;255m[38;2;104;148;194m▀          [48;2;1;2;1m [38;2;33;47;43m▀[48;2;120;141;103m      [48;2;1;2;1m▀[48;2;33;47;43m[38;2;1;2;1m▀[48;2;130;255;255m      [38;2;33;47;43m▀[48;2;1;2;1m  [48;2;0;0;0m                            [m
[48;2;0;0;0m   [48;2;1;2;1m  [48;2;104;148;194m[38;2;90;106;148m▀[48;2;130;255;255m           [48;2;90;106;148m[38;2;33;47;43m▀[48;2;1;2;1m [48;2;120;141;103m     [48;2;81;104;96m[38;2;120;141;103m▀[48;2;1;2;1m [48;2;90;106;148m[38;2;49;85;92m▀[48;2;130;255;255m       [38;2;90;106;148m▀[48;2;90;106;148m[38;2;1;2;1m▀[48;2;1;2;1m [38;2;0;0;0m▀[48;2;0;0;0m                          [m
[48;2;0;0;0m   [48;2;1;2;1m [48;2;33;47;43m[38;2;1;2;1m▀[48;2;130;255;255m            [48;2;104;148;194m [48;2;1;2;1m [48;2;49;85;92m[38;2;81;104;96m▀[48;2;120;141;103m    [48;2;33;47;43m▀[48;2;1;2;1m [48;2;130;255;255m[38;2;104;148;194m▀         [48;2;90;106;148m[38;2;1;2;1m▀[48;2;1;2;1m [38;2;0;0;0m▀[48;2;0;0;0m                         [m
[48;2;0;0;0m   [48;2;1;2;1m [48;2;104;148;194m[38;2;90;106;148m▀[48;2;130;255;255m             [48;2;90;106;148m[38;2;1;2;1m▀[48;2;1;2;1m [48;2;81;104;96m[38;2;120;141;103m▀[48;2;120;141;103m  [48;2;81;104;96m▀[48;2;1;2;1m [48;2;90;106;148m[38;2;1;2;1m▀[48;2;130;255;255m           [48;2;33;47;43m▀[48;2;1;2;1m [48;2;0;0;0m                         [m
[48;2;0;0;0m  [38;2;1;2;1m▀[48;2;1;2;1m [48;2;104;148;194m [48;2;130;255;255m              [48;2;90;106;148m▀[48;2;1;2;1m [48;2;49;85;92m[38;2;120;141;103m▀[48;2;120;141;103m [48;2;1;2;1m[38;2;33;47;43m▀[48;2;90;106;148m[38;2;1;2;1m▀[48;2;130;255;255m            [48;2;90;106;148m [48;2;1;2;1m [48;2;0;0;0m                         [m
[48;2;0;0;0m   [48;2;1;2;1m [48;2;33;47;43m[38;2;90;106;148m▀[48;2;130;255;255m               [38;2;33;47;43m▀[48;2;1;2;1m ▀[48;2;33;47;43m[38;2;1;2;1m▀[48;2;130;255;255m[38;2;104;148;194m▀            [48;2;1;2;1m[38;2;49;85;92m▀ [48;2;0;0;0m                         [m
[48;2;0;0;0m   [48;2;1;2;1m  [48;2;90;106;148m[38;2;130;255;255m▀[48;2;130;255;255m               [38;2;104;148;194m▀[48;2;90;106;148m[38;2;1;2;1m▀[48;2;130;255;255m[38;2;104;148;194m▀            [48;2;104;148;194m[38;2;130;255;255m▀[48;2;1;2;1m  [48;2;0;0;0m                         [m
[48;2;0;0;0m    [48;2;1;2;1m  [48;2;90;106;148m[38;2;130;255;255m▀[48;2;130;255;255m                              [48;2;90;106;148m[38;2;1;2;1m▀[48;2;1;2;1m  [38;2;0;0;0m▀▀[48;2;0;0;0m                      [m
[48;2;0;0;0m    [48;2;1;2;1m  [48;2;33;47;43m[38;2;1;2;1m▀[48;2;1;2;1m[38;2;90;106;148m▀[48;2;104;148;194m[38;2;130;255;255m▀[48;2;130;255;255m                              [38;2;90;106;148m▀[38;2;1;2;1m▀[48;2;104;148;194m▀[48;2;1;2;1m  [38;2;0;0;0m▀▀▀[48;2;0;0;0m                 [m
[48;2;0;0;0m    [48;2;1;2;1m [48;2;104;148;194m[38;2;33;47;43m▀[48;2;130;255;255m ▀[48;2;1;2;1m [38;2;130;255;255m▀[48;2;130;255;255m                                 [38;2;104;148;194m▀[38;2;33;47;43m▀[38;2;1;2;1m▀[48;2;90;106;148m▀[48;2;1;2;1m  [38;2;0;0;0m▀▀[48;2;0;0;0m             [m
[48;2;0;0;0m    [48;2;1;2;1m [48;2;104;148;194m [48;2;130;255;255m   [38;2;1;2;1m▀[48;2;33;47;43m▀[48;2;1;2;1m[38;2;90;106;148m▀[48;2;33;47;43m[38;2;130;255;255m▀[48;2;130;255;255m                                   [38;2;90;106;148m▀[48;2;104;148;194m[38;2;1;2;1m▀[48;2;33;47;43m▀[48;2;1;2;1m [38;2;0;0;0m▀▀[48;2;0;0;0m          [m
[48;2;0;0;0m    [48;2;1;2;1m [48;2;33;47;43m[38;2;90;106;148m▀[48;2;130;255;255m     ▀[38;2;1;2;1m▀[48;2;104;148;194m▀[48;2;1;2;1m[38;2;33;47;43m▀[38;2;104;148;194m▀[38;2;130;255;255m▀▀[48;2;90;106;148m▀[48;2;130;255;255m                                [38;2;104;148;194m▀[38;2;1;2;1m▀[48;2;90;106;148m▀[48;2;1;2;1m  [38;2;0;0;0m▀[48;2;0;0;0m       [m
[48;2;0;0;0m    [48;2;1;2;1m  [48;2;104;148;194m[38;2;130;255;255m▀[48;2;130;255;255m        [38;2;104;148;194m▀▀[38;2;33;47;43m▀[38;2;90;106;148m▀                                    [38;2;33;47;43m▀[48;2;90;106;148m[38;2;1;2;1m▀[48;2;1;2;1m  [38;2;0;0;0m▀[48;2;0;0;0m    [m
[48;2;0;0;0m    [38;2;1;2;1m▀[48;2;1;2;1m [38;2;33;47;43m▀▀▀▀▀▀▀▀▀▀▀▀▀▀▀▀▀▀▀▀▀▀▀▀▀▀▀▀▀▀▀▀▀▀▀▀▀▀▀▀▀▀▀▀▀▀▀▀▀▀▀     [38;2;0;0;0m▀[48;2;0;0;0m [m
