[48;2;0;0;0m                                                                [m
[48;2;0;0;0m        [48;2;89;96;84m[38;2;0;0;0m▀▀[48;2;0;1;0m▀▀▀▀▀▀▀▀▀▀▀▀▀▀▀▀▀▀▀▀▀▀▀▀▀▀▀[48;2;42;33;42m▀[48;2;89;96;84m▀[48;2;119;140;103m▀[48;2;149;82;153m▀[48;2;119;140;103m▀[48;2;208;112;207m▀[48;2;0;0;0m                     [m
[48;2;0;0;0m        [48;2;0;1;0m[38;2;89;96;84m▀ [48;2;255;138;252m[38;2;0;1;0m▀▀▀▀▀▀▀▀▀▀▀▀▀▀▀▀▀▀▀▀▀▀▀▀▀▀▀[48;2;217;138;255m▀[48;2;208;112;207m▀▀[48;2;149;82;153m▀▀[48;2;78;50;90m▀[48;2;0;1;0m[38;2;42;33;42m▀[38;2;149;82;153m▀[38;2;160;160;159m▀[48;2;42;33;42m[38;2;217;138;255m▀[48;2;149;82;153m[38;2;0;0;0m▀[48;2;160;160;159m▀[48;2;0;0;0m               [m
[48;2;0;0;0m        [48;2;0;1;0m  [48;2;255;138;252m                                 [38;2;208;112;207m▀▀[38;2;78;50;90m▀[38;2;0;1;0m▀[48;2;149;82;153m▀[48;2;42;33;42m▀[48;2;0;1;0m[38;2;149;82;153m▀[38;2;119;140;103m▀[48;2;119;140;103m[38;2;0;0;0m▀[48;2;0;0;0m            [m
[48;2;0;0;0m        [48;2;78;50;90m[38;2;0;1;0m▀[48;2;0;1;0m [48;2;78;50;90m[38;2;255;138;252m▀▀▀▀▀[48;2;149;82;153m▀[48;2;255;138;252m            [48;2;78;50;90m▀▀▀▀▀▀[48;2;149;82;153m▀[48;2;208;112;207m▀[48;2;255;138;252m             [38;2;149;82;153m▀[48;2;208;112;207m[38;2;0;1;0m▀[48;2;42;33;42m▀[48;2;0;1;0m[38;2;89;96;84m▀[48;2;89;96;84m[38;2;0;0;0m▀[48;2;0;0;0m          [m
[48;2;0;0;0m        [38;2;119;140;103m▀[48;2;160;160;159m[38;2;0;1;0m▀▀▀▀[48;2;119;140;103m▀[48;2;0;1;0m [48;2;78;50;90m [48;2;255;138;252m            [48;2;0;1;0m  [48;2;160;160;159m▀▀▀▀[48;2;89;96;84m▀[48;2;42;33;42m▀[48;2;0;1;0m[38;2;78;50;90m▀[38;2;208;112;207m▀[48;2;208;112;207m[38;2;255;138;252m▀[48;2;255;138;252m            [38;2;208;112;207m▀[48;2;149;82;153m[38;2;0;1;0m▀[48;2;0;1;0m [48;2;89;96;84m[38;2;160;160;159m▀[48;2;0;0;0m         [m
[48;2;0;0;0m             [48;2;160;160;159m [48;2;0;1;0m [48;2;78;50;90m [48;2;255;138;252m            [48;2;0;1;0m  [48;2;0;0;0m      [38;2;119;140;103m▀[48;2;149;82;153m[38;2;0;1;0m▀[48;2;0;1;0m[38;2;42;33;42m▀[48;2;208;112;207m[38;2;255;138;252m▀[48;2;255;138;252m            [38;2;208;112;207m▀[48;2;0;1;0m [38;2;89;96;84m▀[48;2;0;0;0m         [m
[48;2;0;0;0m             [48;2;160;160;159m [48;2;0;1;0m [48;2;78;50;90m [48;2;255;138;252m            [48;2;0;1;0m  [48;2;0;0;0m     [48;2;217;138;255m[38;2;0;0;0m▀[48;2;89;96;84m▀[48;2;0;1;0m[38;2;89;96;84m▀[48;2;42;33;42m[38;2;0;1;0m▀[48;2;255;138;252m[38;2;208;112;207m▀            [48;2;208;112;207m[38;2;255;138;252m▀[48;2;0;1;0m [48;2;89;96;84m[38;2;0;1;0m▀[48;2;0;0;0m         [m
[48;2;0;0;0m        [48;2;208;112;207m[38;2;0;0;0m▀[48;2;42;33;42m[38;2;255;138;252m▀[48;2;0;1;0m[38;2;160;160;159m▀▀[38;2;149;82;153m▀[38;2;160;160;159m▀ [48;2;78;50;90m [48;2;255;138;252m            [48;2;0;1;0m  ▀▀[38;2;149;82;153m▀[38;2;119;140;103m▀[38;2;89;96;84m▀[38;2;42;33;42m▀[48;2;78;50;90m[38;2;0;1;0m▀[48;2;208;112;207m▀[48;2;255;138;252m[38;2;208;112;207m▀            [48;2;217;138;255m[38;2;255;138;252m▀[48;2;42;33;42m[38;2;149;82;153m▀[48;2;0;1;0m [48;2;160;160;159m[38;2;89;96;84m▀[48;2;0;0;0m         [m
[48;2;0;0;0m        [48;2;0;1;0m[38;2;78;50;90m▀ [48;2;255;138;252m▀▀▀▀▀[38;2;149;82;153m▀            [38;2;78;50;90m▀▀▀▀▀[38;2;149;82;153m▀[38;2;208;112;207m▀▀             [48;2;208;112;207m[38;2;255;138;252m▀[48;2;78;50;90m[38;2;217;138;255m▀[48;2;0;1;0m[38;2;78;50;90m▀[48;2;89;96;84m[38;2;0;1;0m▀[48;2;160;160;159m[38;2;42;33;42m▀[48;2;0;0;0m          [m
[48;2;0;0;0m        [48;2;0;1;0m  [48;2;255;138;252m                                  [48;2;217;138;255m[38;2;255;138;252m▀[48;2;208;112;207m▀[48;2;78;50;90m▀[48;2;0;1;0m[38;2;208;112;207m▀[38;2;149;82;153m▀[48;2;42;33;42m[38;2;0;1;0m▀[48;2;119;140;103m▀[48;2;0;0;0m[38;2;149;82;153m▀[38;2;160;160;159m▀           [m
[48;2;0;0;0m        [48;2;89;96;84m[38;2;0;1;0m▀[48;2;0;1;0m [38;2;255;138;252m▀▀▀▀▀▀▀▀▀▀▀▀▀▀▀▀▀▀▀▀▀▀▀▀▀▀▀[38;2;217;138;255m▀[38;2;208;112;207m▀▀▀[38;2;149;82;153m▀[38;2;78;50;90m▀[38;2;42;33;42m▀[48;2;42;33;42m[38;2;0;1;0m▀[48;2;89;96;84m▀[48;2;119;140;103m▀[48;2;255;138;252m[38;2;42;33;42m▀[48;2;0;0;0m[38;2;89;96;84m▀[38;2;160;160;159m▀              [m
[48;2;0;0;0m        [38;2;119;140;103m▀[38;2;89;96;84m▀[38;2;42;33;42m▀[38;2;0;1;0m▀▀▀▀▀▀▀▀[48;2;0;1;0m     [48;2;0;0;0m▀▀▀▀▀▀▀▀▀▀▀▀▀[38;2;42;33;42m▀[38;2;89;96;84m▀▀[38;2;149;82;153m▀[38;2;42;33;42m▀[38;2;160;160;159m▀[38;2;208;112;207m▀                    [m
[48;2;0;0;0m              [48;2;0;1;0m[38;2;0;0;0m▀▀  [48;2;78;50;90m[38;2;0;1;0m▀[48;2;149;82;153m▀▀▀▀▀[48;2;78;50;90m▀[48;2;0;1;0m  [38;2;0;0;0m▀▀[48;2;0;0;0m                                   [m
[48;2;0;0;0m           [48;2;0;1;0m[38;2;0;0;0m▀▀ [48;2;149;82;153m[38;2;0;1;0m▀[48;2;208;112;207m▀[48;2;217;138;255m[38;2;149;82;153m▀[38;2;208;112;207m▀        [38;2;149;82;153m▀[38;2;0;1;0m▀[48;2;149;82;153m▀[48;2;0;1;0m  [38;2;0;0;0m▀[48;2;0;0;0m                                [m
[48;2;0;0;0m          [48;2;0;1;0m  [48;2;149;82;153m[38;2;0;1;0m▀[48;2;217;138;255m[38;2;149;82;153m▀               [38;2;208;112;207m▀[48;2;208;112;207m[38;2;0;1;0m▀[48;2;0;1;0m  [48;2;0;0;0m                               [m
[48;2;0;0;0m        [48;2;0;1;0m[38;2;0;0;0m▀ [48;2;149;82;153m[38;2;0;1;0m▀[48;2;217;138;255m[38;2;149;82;153m▀         [48;2;149;82;153m[38;2;217;138;255m▀[48;2;0;1;0m▀[38;2;149;82;153m▀▀▀[38;2;217;138;255m▀[48;2;149;82;153m▀[48;2;208;112;207m▀[48;2;217;138;255m  [38;2;149;82;153m▀[48;2;42;33;42m[38;2;0;1;0m▀[48;2;0;1;0m [48;2;0;0;0m                              [m
[48;2;0;0;0m       [48;2;0;1;0m[38;2;0;0;0m▀ [48;2;149;82;153m[38;2;0;1;0m▀[48;2;217;138;255m    [48;2;0;1;0m[38;2;208;112;207m▀[38;2;149;82;153m▀[48;2;149;82;153m[38;2;217;138;255m▀[48;2;217;138;255m   [48;2;0;1;0m[38;2;149;82;153m▀ [48;2;119;140;103m[38;2;0;1;0m▀[38;2;89;96;84m▀▀▀[38;2;42;33;42m▀[48;2;42;33;42m[38;2;0;1;0m▀[48;2;0;1;0m[38;2;149;82;153m▀[48;2;208;112;207m[38;2;217;138;255m▀[48;2;42;33;42m[38;2;208;112;207m▀[48;2;0;1;0m[38;2;149;82;153m▀▀  [48;2;0;0;0m                             [m
[48;2;0;0;0m      [48;2;0;1;0m[38;2;0;0;0m▀ [48;2;149;82;153m[38;2;42;33;42m▀[48;2;217;138;255m    [38;2;149;82;153m▀[48;2;0;1;0m   [48;2;217;138;255m   [48;2;0;1;0m [48;2;42;33;42m [48;2;119;140;103m     [48;2;89;96;84m [48;2;0;1;0m [48;2;149;82;153m [48;2;0;1;0m   [48;2;149;82;153m[38;2;0;1;0m▀[48;2;0;1;0m [38;2;0;0;0m▀[48;2;0;0;0m                            [m
[48;2;0;0;0m     [48;2;0;1;0m[38;2;0;0;0m▀ [48;2;149;82;153m[38;2;0;1;0m▀[48;2;217;138;255m      [38;2;149;82;153m▀[38;2;0;1;0m▀[38;2;208;112;207m▀  [48;2;149;82;153m▀[48;2;0;1;0m [48;2;89;96;84m[38;2;42;33;42m▀[48;2;119;140;103m      [48;2;0;1;0m [48;2;149;82;153m [48;2;217;138;255m[38;2;149;82;153m▀[38;2;42;33;42m▀[38;2;208;112;207m▀▀[48;2;149;82;153m[38;2;0;1;0m▀[48;2;0;1;0m [38;2;0;0;0m▀[48;2;0;0;0m                           [m
[48;2;0;0;0m     [48;2;0;1;0m [48;2;42;33;42m[38;2;0;1;0m▀[48;2;217;138;255m[38;2;208;112;207m▀           [48;2;208;112;207m [48;2;0;1;0m [48;2;42;33;42m[38;2;89;96;84m▀[48;2;119;140;103m     [48;2;89;96;84m[38;2;119;140;103m▀[48;2;0;1;0m [48;2;149;82;153m [48;2;217;138;255m     [48;2;208;112;207m[38;2;42;33;42m▀[48;2;0;1;0m  [48;2;0;0;0m                          [m
[48;2;0;0;0m    [48;2;0;1;0m[38;2;0;0;0m▀ [48;2;149;82;153m [48;2;217;138;255m             [48;2;0;1;0m [38;2;42;33;42m▀[48;2;119;140;103m     [48;2;89;96;84m [48;2;0;1;0m [48;2;149;82;153m [48;2;217;138;255m      [38;2;149;82;153m▀[48;2;42;33;42m[38;2;0;1;0m▀[48;2;0;1;0m [48;2;0;0;0m                         [m
[48;2;0;0;0m    [48;2;0;1;0m  [48;2;217;138;255m[38;2;149;82;153m▀             [48;2;149;82;153m[38;2;42;33;42m▀[48;2;0;1;0m [48;2;89;96;84m[38;2;119;140;103m▀[48;2;119;140;103m    [48;2;0;1;0m[38;2;42;33;42m▀[48;2;42;33;42m[38;2;0;1;0m▀[48;2;217;138;255m        [38;2;149;82;153m▀[48;2;0;1;0m  [48;2;0;0;0m                        [m
[48;2;0;0;0m    [48;2;0;1;0m  [48;2;217;138;255m              [38;2;208;112;207m▀[48;2;42;33;42m[38;2;0;1;0m▀[48;2;0;1;0m[38;2;42;33;42m▀[48;2;119;140;103m   [48;2;89;96;84m [48;2;0;1;0m [48;2;149;82;153m [48;2;217;138;255m         [48;2;149;82;153m [48;2;0;1;0m [38;2;0;0;0m▀[48;2;0;0;0m                       [m
[48;2;0;0;0m    [48;2;0;1;0m  [48;2;149;82;153m [48;2;217;138;255m              [38;2;149;82;153m▀[48;2;149;82;153m[38;2;0;1;0m▀[48;2;0;1;0m[38;2;42;33;42m▀[48;2;89;96;84m[38;2;119;140;103m▀▀[48;2;0;1;0m [48;2;149;82;153m[38;2;42;33;42m▀[48;2;217;138;255m          [48;2;149;82;153m [48;2;0;1;0m [48;2;0;0;0m[38;2;0;1;0m▀                       [m
[48;2;0;0;0m     [48;2;0;1;0m  [48;2;149;82;153m[38;2;208;112;207m▀[48;2;217;138;255m              ▀[48;2;149;82;153m[38;2;0;1;0m▀[48;2;0;1;0m  [48;2;149;82;153m▀[48;2;217;138;255m           [48;2;149;82;153m [48;2;0;1;0m [38;2;0;0;0m▀[48;2;0;0;0m                       [m
[48;2;0;0;0m    [48;2;0;1;0m[38;2;0;0;0m▀ [48;2;149;82;153m[38;2;0;1;0m▀[48;2;0;1;0m [48;2;42;33;42m[38;2;208;112;207m▀[48;2;217;138;255m               [38;2;149;82;153m▀[48;2;149;82;153m[38;2;0;1;0m▀[48;2;217;138;255m[38;2;208;112;207m▀           [38;2;149;82;153m▀[48;2;42;33;42m[38;2;0;1;0m▀[48;2;0;1;0m [38;2;0;0;0m▀[48;2;0;0;0m                      [m
[48;2;0;0;0m    [48;2;0;1;0m [48;2;42;33;42m[38;2;0;1;0m▀[48;2;217;138;255m[38;2;208;112;207m▀[38;2;149;82;153m▀[48;2;149;82;153m[38;2;0;1;0m▀[48;2;0;1;0m[38;2;149;82;153m▀[48;2;149;82;153m[38;2;217;138;255m▀[48;2;217;138;255m                            [38;2;208;112;207m▀[48;2;208;112;207m[38;2;0;1;0m▀[48;2;42;33;42m▀[48;2;0;1;0m [38;2;0;0;0m▀▀[48;2;0;0;0m                   [m
[48;2;0;0;0m   [48;2;0;1;0m  [48;2;149;82;153m [48;2;217;138;255m   [38;2;149;82;153m▀[48;2;149;82;153m[38;2;0;1;0m▀[48;2;0;1;0m[38;2;149;82;153m▀[48;2;42;33;42m[38;2;217;138;255m▀[48;2;208;112;207m▀[48;2;217;138;255m                            [38;2;149;82;153m▀[48;2;208;112;207m[38;2;0;1;0m▀[48;2;0;1;0m  [38;2;0;0;0m▀[48;2;0;0;0m                 [m
[48;2;0;0;0m   [48;2;0;1;0m  [48;2;217;138;255m      [38;2;149;82;153m▀[48;2;208;112;207m[38;2;0;1;0m▀[48;2;149;82;153m▀[48;2;0;1;0m[38;2;149;82;153m▀▀[38;2;217;138;255m▀[48;2;149;82;153m▀▀[48;2;217;138;255m                         [38;2;208;112;207m▀[48;2;149;82;153m[38;2;0;1;0m▀[48;2;0;1;0m  [48;2;0;0;0m                [m
[48;2;0;0;0m   [48;2;0;1;0m  [48;2;208;112;207m[38;2;217;138;255m▀[48;2;217;138;255m        [38;2;208;112;207m▀[38;2;149;82;153m▀[38;2;0;1;0m▀[48;2;208;112;207m▀[48;2;149;82;153m▀▀ [48;2;217;138;255m                         [48;2;208;112;207m[38;2;149;82;153m▀[48;2;0;1;0m  [48;2;0;0;0m               [m
[48;2;0;0;0m   [48;2;0;1;0m  [38;2;42;33;42m▀▀▀▀▀▀▀▀▀▀▀▀▀▀▀▀▀▀▀▀▀▀▀▀▀▀▀▀▀▀▀▀▀▀▀▀▀▀▀▀▀▀   [48;2;0;0;0m              [m
