[48;2;0;0;0m                                                                [m
[48;2;0;0;0m         [48;2;217;138;255m[38;2;0;0;0m▀[48;2;77;79;99m▀[48;2;37;41;47m▀[48;2;0;1;0m▀▀▀▀▀▀▀▀▀▀▀▀▀▀▀▀▀▀▀▀▀▀▀▀▀▀▀▀▀▀▀▀▀▀▀▀▀▀▀▀[48;2;77;79;99m▀[48;2;120;141;103m▀[48;2;0;0;0m          [m
[48;2;0;0;0m         [48;2;77;79;99m [48;2;0;1;0m [48;2;160;101;187m[38;2;0;1;0m▀[48;2;217;138;255m▀▀▀▀▀▀▀▀▀▀▀▀▀▀▀▀▀▀▀▀▀▀▀▀▀▀▀▀▀▀▀▀▀▀▀▀▀▀▀▀[48;2;0;1;0m [38;2;77;79;99m▀[48;2;0;0;0m          [m
[48;2;0;0;0m         [48;2;77;79;99m [48;2;0;1;0m [48;2;217;138;255m[38;2;160;101;187m▀                                        [48;2;0;1;0m  [48;2;0;0;0m          [m
[48;2;0;0;0m         [48;2;120;141;103m[38;2;77;79;99m▀[48;2;0;1;0m [48;2;160;101;187m [38;2;217;138;255m▀▀▀▀▀[48;2;217;138;255m             [48;2;160;101;187m▀▀▀▀▀▀▀▀▀▀▀▀▀[48;2;217;138;255m         [48;2;0;1;0m  [48;2;0;0;0m          [m
[48;2;0;0;0m         [38;2;120;141;103m▀[48;2;120;141;103m[38;2;0;1;0m▀[48;2;90;106;148m▀[48;2;0;1;0m     [48;2;217;138;255m            [48;2;160;101;187m [48;2;90;106;148m▀[48;2;77;79;99m▀▀[48;2;90;106;148m▀[48;2;77;79;99m▀▀▀▀[48;2;0;1;0m [48;2;77;79;99m▀[48;2;120;141;103m▀[48;2;37;41;47m▀[48;2;0;1;0m [48;2;217;138;255m         [48;2;0;1;0m  [48;2;0;0;0m          [m
[48;2;0;0;0m               [48;2;0;1;0m  [48;2;217;138;255m                    [48;2;160;101;187m [48;2;0;1;0m  [48;2;0;0;0m [48;2;120;141;103m[38;2;77;79;99m▀[48;2;0;1;0m [38;2;160;101;187m▀▀▀▀▀▀▀▀▀ [48;2;37;41;47m[38;2;0;1;0m▀[48;2;77;79;99m[38;2;0;0;0m▀[48;2;0;0;0m         [m
[48;2;0;0;0m               [48;2;0;1;0m  [48;2;217;138;255m                    [48;2;160;101;187m [48;2;0;1;0m  [48;2;0;0;0m [48;2;37;41;47m[38;2;162;161;161m▀[48;2;0;1;0m [48;2;160;101;187m[38;2;0;1;0m▀[48;2;217;138;255m▀▀▀▀▀▀▀▀▀[48;2;0;1;0m [38;2;77;79;99m▀[48;2;0;0;0m         [m
[48;2;0;0;0m         [48;2;160;101;187m[38;2;0;0;0m▀[48;2;37;41;47m[38;2;162;161;161m▀[48;2;0;1;0m[38;2;77;79;99m▀▀[38;2;43;60;84m▀[38;2;77;79;99m▀  [48;2;217;138;255m            [48;2;160;101;187m [48;2;0;1;0m         [38;2;43;60;84m▀[38;2;77;79;99m▀[38;2;37;41;47m▀ [48;2;160;101;187m [48;2;217;138;255m         [48;2;0;1;0m  [48;2;0;0;0m         [m
[48;2;0;0;0m         [48;2;77;79;99m[38;2;90;106;148m▀[48;2;0;1;0m [48;2;160;101;187m▀[48;2;217;138;255m▀▀[38;2;160;101;187m▀▀[38;2;90;106;148m▀            [38;2;160;101;187m▀▀▀[38;2;90;106;148m▀[38;2;160;101;187m▀[38;2;90;106;148m▀[38;2;160;101;187m▀▀[38;2;90;106;148m▀[38;2;160;101;187m▀▀[38;2;90;106;148m▀[38;2;160;101;187m▀▀▀         [48;2;0;1;0m  [48;2;0;0;0m         [m
[48;2;0;0;0m         [48;2;77;79;99m [48;2;0;1;0m [48;2;160;101;187m [48;2;217;138;255m                                         [48;2;0;1;0m  [48;2;0;0;0m         [m
[48;2;0;0;0m         [48;2;77;79;99m [48;2;0;1;0m [38;2;160;101;187m▀[38;2;217;138;255m▀▀▀▀▀[38;2;160;101;187m▀▀▀[38;2;217;138;255m▀▀▀▀▀▀▀▀▀▀▀▀▀▀▀▀▀▀▀▀▀▀▀▀▀▀▀▀▀▀▀▀▀ [48;2;77;79;99m[38;2;0;1;0m▀[48;2;0;0;0m         [m
[48;2;0;0;0m         [38;2;162;161;161m▀[48;2;0;1;0m[38;2;77;79;99m▀[38;2;37;41;47m▀ [48;2;90;106;148m[38;2;0;1;0m▀[48;2;160;101;187m▀[48;2;137;182;253m▀[38;2;90;106;148m▀▀▀▀▀[38;2;0;1;0m▀▀[48;2;90;106;148m▀[48;2;0;1;0m    [48;2;0;0;0m▀▀▀▀▀▀▀▀▀▀▀▀▀▀▀▀▀▀▀▀▀▀▀▀▀[38;2;77;79;99m▀[38;2;120;141;103m▀         [m
[48;2;0;0;0m        [48;2;0;1;0m[38;2;0;0;0m▀ [48;2;90;106;148m[38;2;0;1;0m▀[48;2;137;182;253m▀[38;2;160;101;187m▀            [38;2;90;106;148m▀[48;2;160;101;187m[38;2;0;1;0m▀[48;2;0;1;0m  [38;2;0;0;0m▀[48;2;0;0;0m                                  [m
[48;2;0;0;0m      [48;2;0;1;0m[38;2;0;0;0m▀ [48;2;90;106;148m[38;2;0;1;0m▀[48;2;137;182;253m[38;2;90;106;148m▀           [48;2;160;101;187m[38;2;137;182;253m▀[48;2;137;182;253m     [38;2;160;101;187m▀[48;2;90;106;148m[38;2;0;1;0m▀[48;2;0;1;0m [38;2;0;0;0m▀[48;2;0;0;0m                                 [m
[48;2;0;0;0m     [48;2;0;1;0m  [48;2;137;182;253m[38;2;43;60;84m▀    [48;2;160;101;187m[38;2;137;182;253m▀[48;2;137;182;253m    [48;2;160;101;187m▀[48;2;0;1;0m▀[38;2;37;41;47m▀[48;2;37;41;47m[38;2;0;1;0m▀[48;2;77;79;99m▀▀[48;2;0;1;0m [38;2;90;106;148m▀[48;2;90;106;148m[38;2;137;182;253m▀[48;2;137;182;253m  [48;2;90;106;148m▀[38;2;0;1;0m▀[48;2;0;1;0m [38;2;0;0;0m▀[48;2;0;0;0m                                [m
[48;2;0;0;0m    [48;2;0;1;0m [48;2;37;41;47m[38;2;0;1;0m▀[48;2;137;182;253m[38;2;90;106;148m▀    [48;2;0;1;0m[38;2;43;60;84m▀ [38;2;90;106;148m▀[48;2;137;182;253m   [48;2;0;1;0m[38;2;37;41;47m▀[48;2;37;41;47m[38;2;0;1;0m▀[48;2;120;141;103m     [48;2;77;79;99m[38;2;43;60;84m▀[48;2;0;1;0m [48;2;90;106;148m[38;2;160;101;187m▀[48;2;0;1;0m[38;2;90;106;148m▀    [48;2;0;0;0m                                [m
[48;2;0;0;0m   [48;2;0;1;0m  [48;2;137;182;253m[38;2;90;106;148m▀     [48;2;90;106;148m[38;2;0;1;0m▀[48;2;0;1;0m [48;2;90;106;148m▀[48;2;137;182;253m   [48;2;0;1;0m [48;2;77;79;99m[38;2;37;41;47m▀[48;2;120;141;103m     [38;2;77;79;99m▀[48;2;0;1;0m [48;2;43;60;84m[38;2;90;106;148m▀[48;2;90;106;148m[38;2;0;1;0m▀[48;2;0;1;0m [48;2;90;106;148m▀[48;2;160;101;187m[38;2;90;106;148m▀[48;2;0;1;0m  [48;2;0;0;0m                               [m
[48;2;0;0;0m  [48;2;0;1;0m  [48;2;137;182;253m[38;2;90;106;148m▀           [48;2;160;101;187m[38;2;137;182;253m▀[48;2;0;1;0m [48;2;77;79;99m [48;2;120;141;103m      [48;2;0;1;0m [48;2;90;106;148m[38;2;43;60;84m▀[48;2;137;182;253m    [38;2;90;106;148m▀[48;2;0;1;0m  [38;2;0;0;0m▀[48;2;0;0;0m                             [m
[48;2;0;0;0m [48;2;0;1;0m[38;2;0;0;0m▀ [48;2;90;106;148m[38;2;37;41;47m▀[48;2;137;182;253m             [48;2;0;1;0m [48;2;37;41;47m[38;2;77;79;99m▀[48;2;120;141;103m     [48;2;77;79;99m [48;2;0;1;0m [48;2;90;106;148m [48;2;137;182;253m      [48;2;90;106;148m[38;2;0;1;0m▀[48;2;0;1;0m [38;2;0;0;0m▀[48;2;0;0;0m                            [m
[48;2;0;0;0m [48;2;0;1;0m  [48;2;137;182;253m[38;2;160;101;187m▀             [48;2;43;60;84m[38;2;0;1;0m▀[48;2;0;1;0m [48;2;120;141;103m     [48;2;37;41;47m[38;2;77;79;99m▀[48;2;0;1;0m [48;2;137;182;253m[38;2;90;106;148m▀       [48;2;90;106;148m[38;2;0;1;0m▀[48;2;0;1;0m [38;2;0;0;0m▀[48;2;0;0;0m                           [m
[48;2;0;0;0m [48;2;0;1;0m [48;2;37;41;47m[38;2;0;1;0m▀[48;2;137;182;253m              [38;2;90;106;148m▀[48;2;0;1;0m [48;2;43;60;84m[38;2;77;79;99m▀[48;2;120;141;103m    [48;2;0;1;0m [48;2;90;106;148m[38;2;37;41;47m▀[48;2;137;182;253m         [48;2;90;106;148m[38;2;0;1;0m▀[48;2;0;1;0m [48;2;0;0;0m                           [m
[48;2;0;0;0m [48;2;0;1;0m [48;2;43;60;84m [48;2;137;182;253m               [48;2;160;101;187m[38;2;43;60;84m▀[48;2;0;1;0m [48;2;43;60;84m[38;2;120;141;103m▀[48;2;120;141;103m  [48;2;0;1;0m[38;2;77;79;99m▀ [48;2;137;182;253m[38;2;90;106;148m▀         [48;2;90;106;148m [48;2;0;1;0m  [48;2;0;0;0m                          [m
[48;2;0;0;0m [48;2;0;1;0m  [48;2;137;182;253m                [38;2;90;106;148m▀[48;2;0;1;0m [38;2;77;79;99m▀[48;2;37;41;47m▀[48;2;0;1;0m [48;2;137;182;253m[38;2;90;106;148m▀          [48;2;43;60;84m▀[48;2;0;1;0m [48;2;0;0;0m[38;2;0;1;0m▀                          [m
[48;2;0;0;0m [48;2;0;1;0m  [48;2;90;106;148m [48;2;137;182;253m                [38;2;160;101;187m▀[48;2;90;106;148m[38;2;0;1;0m▀[48;2;0;1;0m [48;2;137;182;253m[38;2;90;106;148m▀           [48;2;0;1;0m  [48;2;0;0;0m                           [m
[48;2;0;0;0m  [48;2;0;1;0m  [38;2;160;101;187m▀[48;2;137;182;253m                 [38;2;43;60;84m▀            [38;2;0;1;0m▀[48;2;0;1;0m  [38;2;0;0;0m▀▀[48;2;0;0;0m                        [m
[48;2;0;0;0m  [48;2;0;1;0m  [48;2;90;106;148m[38;2;0;1;0m▀[48;2;0;1;0m[38;2;90;106;148m▀[48;2;90;106;148m[38;2;137;182;253m▀[48;2;137;182;253m                              [38;2;90;106;148m▀[38;2;0;1;0m▀[48;2;90;106;148m▀[48;2;37;41;47m▀[48;2;0;1;0m  [38;2;0;0;0m▀▀[48;2;0;0;0m                   [m
[48;2;0;0;0m  [48;2;0;1;0m [48;2;37;41;47m[38;2;0;1;0m▀[48;2;137;182;253m [38;2;90;106;148m▀[48;2;90;106;148m[38;2;0;1;0m▀[48;2;0;1;0m[38;2;90;106;148m▀[48;2;90;106;148m[38;2;137;182;253m▀[48;2;137;182;253m                                [38;2;160;101;187m▀[38;2;90;106;148m▀[38;2;0;1;0m▀[48;2;90;106;148m▀[48;2;0;1;0m [38;2;0;0;0m▀▀[48;2;0;0;0m                [m
[48;2;0;0;0m  [48;2;0;1;0m [48;2;37;41;47m[38;2;43;60;84m▀[48;2;137;182;253m   [38;2;90;106;148m▀[48;2;160;101;187m[38;2;0;1;0m▀[48;2;0;1;0m [38;2;137;182;253m▀[48;2;43;60;84m▀[48;2;160;101;187m▀[48;2;137;182;253m                                [38;2;90;106;148m▀[38;2;37;41;47m▀[48;2;90;106;148m[38;2;0;1;0m▀[48;2;0;1;0m  [38;2;0;0;0m▀[48;2;0;0;0m             [m
[48;2;0;0;0m  [48;2;0;1;0m [38;2;37;41;47m▀[48;2;137;182;253m      [38;2;90;106;148m▀[38;2;0;1;0m▀[48;2;90;106;148m▀[48;2;37;41;47m▀[48;2;0;1;0m[38;2;90;106;148m▀[38;2;160;101;187m▀▀[38;2;137;182;253m▀▀[48;2;137;182;253m                              [38;2;37;41;47m▀[48;2;90;106;148m[38;2;0;1;0m▀[48;2;0;1;0m [38;2;0;0;0m▀[48;2;0;0;0m           [m
[48;2;0;0;0m  [48;2;0;1;0m  [48;2;90;106;148m[38;2;137;182;253m▀[48;2;137;182;253m          [38;2;90;106;148m▀▀▀[38;2;43;60;84m▀                                [38;2;90;106;148m▀[48;2;90;106;148m[38;2;0;1;0m▀[48;2;0;1;0m  [38;2;0;0;0m▀[48;2;0;0;0m        [m
[48;2;0;0;0m  [38;2;0;1;0m▀[48;2;0;1;0m [38;2;37;41;47m▀▀▀▀▀▀▀▀▀▀▀▀▀▀▀▀▀▀▀▀▀▀▀▀▀▀▀▀▀▀▀▀▀▀▀▀▀▀▀▀▀▀▀▀▀▀▀▀▀    [38;2;0;0;0m▀[48;2;0;0;0m      [m
