[48;2;0;0;0m                                                                [m
[48;2;0;0;0m                                                                [m
[48;2;0;0;0m                                                                [m
[48;2;0;0;0m                                                                [m
[48;2;0;0;0m                                                                [m
[48;2;0;0;0m                                                                [m
[48;2;0;0;0m                                                                [m
[48;2;0;0;0m                                                                [m
[48;2;0;0;0m                                                                [m
[48;2;0;0;0m                                                                [m
[48;2;0;0;0m                   [48;2;1;3;1m[38;2;0;0;0m▀▀▀▀▀▀[48;2;0;0;0m                                       [m
[48;2;0;0;0m              [48;2;1;3;1m[38;2;0;0;0m▀▀  [48;2;20;39;20m[38;2;1;3;1m▀[48;2;80;149;85m▀▀▀▀▀▀[48;2;20;39;20m▀[48;2;1;3;1m  [38;2;0;0;0m▀▀[48;2;0;0;0m                                  [m
[48;2;0;0;0m            [48;2;1;3;1m[38;2;0;0;0m▀  [48;2;80;149;85m[38;2;1;3;1m▀[48;2;132;255;134m[38;2;80;149;85m▀          ▀[38;2;1;3;1m▀[48;2;43;90;49m▀[48;2;1;3;1m [38;2;0;0;0m▀[48;2;0;0;0m                                [m
[48;2;0;0;0m          [48;2;1;3;1m[38;2;0;0;0m▀ [48;2;80;149;85m[38;2;1;3;1m▀[48;2;132;255;134m[38;2;43;90;49m▀         [48;2;80;149;85m[38;2;132;255;134m▀▀▀▀[48;2;132;255;134m   [38;2;80;149;85m▀[48;2;80;149;85m[38;2;1;3;1m▀[48;2;1;3;1m [38;2;0;0;0m▀[48;2;0;0;0m                              [m
[48;2;0;0;0m        [48;2;1;3;1m[38;2;0;0;0m▀  [48;2;132;255;134m[38;2;80;149;85m▀   [48;2;43;90;49m[38;2;132;255;134m▀[48;2;132;255;134m    [48;2;80;149;85m▀[48;2;1;3;1m[38;2;80;149;85m▀[48;2;37;58;46m[38;2;1;3;1m▀[48;2;94;108;82m▀▀▀[48;2;79;111;73m▀[48;2;1;3;1m[38;2;20;39;20m▀[38;2;132;255;134m▀[48;2;132;255;134m  [48;2;37;58;46m▀[38;2;1;3;1m▀[48;2;1;3;1m [38;2;0;0;0m▀[48;2;0;0;0m                             [m
[48;2;0;0;0m       [48;2;1;3;1m[38;2;0;0;0m▀ [48;2;80;149;85m[38;2;1;3;1m▀[48;2;132;255;134m[38;2;80;149;85m▀  [48;2;80;149;85m[38;2;132;255;134m▀[48;2;1;3;1m  [38;2;20;39;20m▀[48;2;132;255;134m   [48;2;1;3;1m [48;2;20;39;20m [48;2;120;141;103m     [48;2;94;108;82m[38;2;79;111;73m▀[48;2;1;3;1m [48;2;80;149;85m [48;2;1;3;1m[38;2;20;39;20m▀  [48;2;20;39;20m[38;2;1;3;1m▀[48;2;1;3;1m [48;2;0;0;0m                             [m
[48;2;0;0;0m      [48;2;1;3;1m[38;2;0;0;0m▀ [48;2;80;149;85m[38;2;1;3;1m▀[48;2;132;255;134m     ▀[48;2;80;149;85m▀[48;2;132;255;134m[38;2;20;39;20m▀   [48;2;1;3;1m [48;2;68;63;69m[38;2;37;58;46m▀[48;2;120;141;103m      [48;2;1;3;1m [48;2;37;58;46m[38;2;80;149;85m▀[48;2;132;255;134m[38;2;20;39;20m▀[48;2;80;149;85m[38;2;1;3;1m▀[48;2;132;255;134m[38;2;20;39;20m▀[38;2;80;149;85m▀[48;2;1;3;1m  [48;2;0;0;0m                            [m
[48;2;0;0;0m      [48;2;1;3;1m [48;2;37;58;46m[38;2;1;3;1m▀[48;2;132;255;134m           [48;2;80;149;85m[38;2;132;255;134m▀[48;2;1;3;1m [48;2;43;90;49m [48;2;120;141;103m      [48;2;1;3;1m [48;2;80;149;85m[38;2;43;90;49m▀[48;2;132;255;134m    [38;2;80;149;85m▀[48;2;1;3;1m  [48;2;0;0;0m                           [m
[48;2;0;0;0m     [48;2;1;3;1m  [48;2;132;255;134m[38;2;80;149;85m▀            [48;2;1;3;1m [48;2;20;39;20m[38;2;37;58;46m▀[48;2;120;141;103m     [48;2;94;108;82m [48;2;1;3;1m [48;2;80;149;85m [48;2;132;255;134m     [38;2;80;149;85m▀[48;2;80;149;85m[38;2;1;3;1m▀[48;2;1;3;1m [38;2;0;0;0m▀[48;2;0;0;0m                         [m
[48;2;0;0;0m    [48;2;1;3;1m[38;2;0;0;0m▀ [48;2;80;149;85m[38;2;37;58;46m▀[48;2;132;255;134m             [48;2;80;149;85m▀[48;2;1;3;1m [48;2;94;108;82m[38;2;120;141;103m▀[48;2;120;141;103m    [48;2;20;39;20m[38;2;94;108;82m▀[48;2;1;3;1m [48;2;132;255;134m[38;2;80;149;85m▀       [48;2;80;149;85m[38;2;1;3;1m▀[48;2;1;3;1m [38;2;0;0;0m▀[48;2;0;0;0m                        [m
[48;2;0;0;0m    [48;2;1;3;1m  [48;2;80;149;85m [48;2;132;255;134m             [38;2;80;149;85m▀[48;2;1;3;1m [48;2;20;39;20m[38;2;94;108;82m▀[48;2;120;141;103m   [48;2;94;108;82m[38;2;120;141;103m▀[48;2;1;3;1m [48;2;80;149;85m[38;2;20;39;20m▀[48;2;132;255;134m         [48;2;80;149;85m[38;2;37;58;46m▀[48;2;1;3;1m [38;2;0;0;0m▀[48;2;0;0;0m                       [m
[48;2;0;0;0m    [48;2;1;3;1m  [48;2;132;255;134m               [38;2;80;149;85m▀[48;2;1;3;1m [48;2;20;39;20m[38;2;94;108;82m▀[48;2;120;141;103m  [48;2;1;3;1m[38;2;68;63;69m▀[48;2;37;58;46m[38;2;1;3;1m▀[48;2;132;255;134m[38;2;80;149;85m▀         ▀[48;2;1;3;1m  [48;2;0;0;0m                       [m
[48;2;0;0;0m    [48;2;1;3;1m  [48;2;80;149;85m [48;2;132;255;134m               [38;2;80;149;85m▀[48;2;37;58;46m[38;2;1;3;1m▀[48;2;1;3;1m[38;2;68;63;69m▀[38;2;79;111;73m▀[48;2;20;39;20m[38;2;1;3;1m▀[48;2;132;255;134m[38;2;80;149;85m▀           [48;2;1;3;1m  [48;2;0;0;0m                       [m
[48;2;0;0;0m    [38;2;1;3;1m▀[48;2;1;3;1m [48;2;20;39;20m[38;2;80;149;85m▀[48;2;132;255;134m                 [48;2;80;149;85m[38;2;1;3;1m▀[48;2;1;3;1m [48;2;132;255;134m[38;2;80;149;85m▀           [48;2;80;149;85m [48;2;1;3;1m  [48;2;0;0;0m                       [m
[48;2;0;0;0m     [48;2;1;3;1m  [48;2;80;149;85m[38;2;132;255;134m▀[48;2;132;255;134m                 [38;2;80;149;85m▀            [48;2;43;90;49m [48;2;1;3;1m [48;2;0;0;0m                        [m
[48;2;0;0;0m      [48;2;1;3;1m  [38;2;80;149;85m▀[48;2;20;39;20m[38;2;132;255;134m▀[48;2;132;255;134m                            [38;2;80;149;85m▀[48;2;80;149;85m[38;2;1;3;1m▀▀[48;2;1;3;1m   [38;2;0;0;0m▀▀[48;2;0;0;0m                  [m
[48;2;0;0;0m     [48;2;1;3;1m[38;2;0;0;0m▀  [48;2;132;255;134m[38;2;80;149;85m▀[38;2;1;3;1m▀[48;2;20;39;20m▀[48;2;1;3;1m[38;2;80;149;85m▀[48;2;68;63;69m[38;2;132;255;134m▀[48;2;132;255;134m                              [38;2;80;149;85m▀[38;2;1;3;1m▀[48;2;80;149;85m▀[48;2;1;3;1m  [38;2;0;0;0m▀▀▀[48;2;0;0;0m             [m
[48;2;0;0;0m     [48;2;1;3;1m  [48;2;132;255;134m[38;2;80;149;85m▀   ▀[38;2;1;3;1m▀[48;2;80;149;85m▀[48;2;1;3;1m[38;2;80;149;85m▀▀[38;2;132;255;134m▀[48;2;80;149;85m▀▀[48;2;132;255;134m                            [38;2;80;149;85m▀[38;2;20;39;20m▀[38;2;1;3;1m▀[48;2;80;149;85m▀[48;2;1;3;1m  [38;2;0;0;0m▀[48;2;0;0;0m          [m
[48;2;0;0;0m     [48;2;1;3;1m [48;2;80;149;85m [48;2;132;255;134m        [38;2;80;149;85m▀[38;2;37;58;46m▀[38;2;1;3;1m▀[48;2;80;149;85m▀[38;2;20;39;20m▀[48;2;132;255;134m                                [38;2;1;3;1m▀[48;2;80;149;85m▀[48;2;1;3;1m  [38;2;0;0;0m▀[48;2;0;0;0m       [m
[48;2;0;0;0m     [48;2;1;3;1m [48;2;80;149;85m [48;2;132;255;134m                                                [38;2;1;3;1m▀[48;2;80;149;85m▀[48;2;1;3;1m [38;2;0;0;0m▀[48;2;0;0;0m     [m
[48;2;0;0;0m     [48;2;1;3;1m [48;2;80;149;85m [48;2;132;255;134m                                                  [38;2;80;149;85m▀[48;2;80;149;85m[38;2;1;3;1m▀[48;2;1;3;1m [38;2;0;0;0m▀[48;2;0;0;0m   [m
[48;2;0;0;0m     [48;2;1;3;1m [38;2;20;39;20m▀[38;2;80;149;85m▀▀▀▀▀▀▀▀▀▀▀▀▀▀▀▀▀▀▀▀▀▀▀▀▀▀▀▀▀▀▀▀▀▀▀▀▀▀▀▀▀▀▀▀▀▀▀▀▀▀▀▀   [38;2;0;0;0m▀[48;2;0;0;0m [m
