[48;2;0;0;0m                                                                [m
[48;2;0;0;0m         [48;2;161;161;161m[38;2;0;0;0m▀[48;2;74;86;69m▀[48;2;1;2;1m▀[48;2;1;1;1m▀▀▀▀▀▀▀▀▀▀▀▀▀▀▀▀▀▀▀▀▀▀▀▀▀▀▀▀▀▀▀▀▀▀▀▀▀▀▀[48;2;1;2;1m▀[48;2;95;96;82m▀[48;2;120;141;103m▀[48;2;0;0;0m          [m
[48;2;0;0;0m         [48;2;118;140;103m[38;2;92;95;85m▀[48;2;1;1;1m [48;2;210;86;151m[38;2;1;1;1m▀[48;2;255;107;184m▀▀▀▀▀▀▀▀▀▀▀▀▀▀▀▀▀▀▀▀▀▀▀▀▀▀▀▀▀▀▀▀▀▀▀▀▀▀▀[48;2;254;106;183m▀[48;2;1;1;1m [48;2;1;2;1m[38;2;95;96;82m▀[48;2;0;0;0m          [m
[48;2;0;0;0m         [48;2;95;96;82m [48;2;1;1;1m [48;2;210;86;151m [48;2;255;107;184m                                        [48;2;1;1;1m  [48;2;0;0;0m          [m
[48;2;0;0;0m         [48;2;95;96;82m [48;2;1;1;1m [48;2;153;64;104m[38;2;210;86;151m▀[48;2;184;97;105m[38;2;255;107;184m▀▀▀▀▀[48;2;255;107;184m            [48;2;210;86;151m▀▀▀▀▀▀▀▀▀▀▀▀▀▀[48;2;254;106;183m▀[48;2;255;107;184m        [48;2;1;1;1m  [48;2;0;0;0m          [m
[48;2;0;0;0m         [38;2;119;140;103m▀[48;2;119;140;103m[38;2;1;1;1m▀[48;2;92;95;85m▀[48;2;42;26;25m▀[48;2;1;1;1m    [48;2;255;107;184m            [48;2;210;86;151m[38;2;184;97;105m▀[48;2;103;46;85m[38;2;1;1;1m▀▀▀▀▀▀▀[48;2;68;41;56m▀[48;2;1;1;1m [48;2;87;91;83m▀[48;2;118;140;103m▀[48;2;35;47;40m▀[48;2;1;1;1m [48;2;254;106;183m [48;2;255;107;184m        [48;2;1;1;1m  [48;2;0;0;0m          [m
[48;2;0;0;0m               [48;2;1;1;1m  [48;2;255;107;184m                    [48;2;184;97;105m [48;2;1;1;1m [38;2;42;26;25m▀[48;2;0;0;0m [48;2;120;141;103m[38;2;92;95;85m▀[48;2;1;1;1m [38;2;184;97;105m▀[38;2;210;86;151m▀▀▀▀▀▀▀▀ [48;2;65;75;57m[38;2;1;2;1m▀[48;2;83;89;79m[38;2;0;0;0m▀[48;2;0;0;0m         [m
[48;2;0;0;0m               [48;2;1;1;1m  [48;2;255;107;184m                    [48;2;184;97;105m [48;2;1;1;1m  [48;2;0;0;0m [48;2;42;26;25m[38;2;157;157;156m▀[48;2;1;1;1m [48;2;177;91;102m[38;2;1;1;1m▀[48;2;255;107;184m▀▀▀▀▀▀▀▀▀[48;2;1;1;1m [38;2;74;86;69m▀[48;2;0;0;0m         [m
[48;2;0;0;0m         [48;2;189;102;188m[38;2;0;0;0m▀[48;2;35;47;40m[38;2;161;161;161m▀[48;2;1;1;1m[38;2;87;105;80m▀[38;2;83;89;79m▀[38;2;66;67;57m▀[38;2;83;89;79m▀  [48;2;255;107;184m            [48;2;184;97;105m [48;2;1;1;1m         ▀[38;2;66;67;57m▀[38;2;37;47;45m▀ [48;2;184;97;105m [48;2;255;107;184m         [48;2;1;1;1m  [48;2;0;0;0m         [m
[48;2;0;0;0m         [48;2;95;96;82m[38;2;119;140;103m▀[48;2;1;1;1m [48;2;210;86;151m[38;2;103;46;85m▀[48;2;255;107;184m[38;2;153;64;104m▀▀▀▀▀            [38;2;210;86;151m▀[38;2;153;64;104m▀▀▀▀▀▀▀▀▀▀▀▀▀[38;2;210;86;151m▀         [48;2;1;1;1m  [48;2;0;0;0m         [m
[48;2;0;0;0m         [48;2;86;102;81m[38;2;95;96;82m▀[48;2;1;1;1m [48;2;210;86;151m [48;2;255;107;184m                                         [48;2;1;1;1m  [48;2;0;0;0m         [m
[48;2;0;0;0m         [48;2;92;95;85m[38;2;95;96;82m▀[48;2;1;1;1m [38;2;210;86;151m▀[38;2;255;107;184m▀▀▀▀▀▀▀▀▀▀▀▀▀▀▀▀▀▀▀▀▀▀▀▀▀▀▀▀▀▀▀▀▀▀▀▀▀▀▀▀[38;2;254;106;183m▀ [48;2;95;96;82m[38;2;1;2;1m▀[48;2;0;0;0m         [m
[48;2;0;0;0m         [38;2;161;161;161m▀[38;2;81;101;95m▀[38;2;1;2;1m▀[38;2;1;1;1m▀▀▀▀▀▀▀▀▀▀▀▀▀▀▀▀▀▀▀▀▀▀▀▀▀▀▀▀▀▀▀▀▀▀▀▀▀▀▀▀[38;2;1;2;1m▀[38;2;95;96;82m▀[38;2;120;141;103m▀         [m
[48;2;0;0;0m                                                                [m
[48;2;0;0;0m                                                                [m
[48;2;0;0;0m                             [48;2;1;1;1m[38;2;0;0;0m▀▀    [48;2;1;2;1m[38;2;1;1;1m▀[48;2;42;26;25m▀[48;2;1;2;1m▀[48;2;1;1;1m   [38;2;0;0;0m▀▀▀[48;2;0;0;0m                    [m
[48;2;0;0;0m                          [48;2;1;1;1m[38;2;0;0;0m▀ [48;2;1;2;1m[38;2;1;1;1m▀[48;2;176;96;179m▀[48;2;255;102;246m[38;2;1;2;1m▀[38;2;172;67;164m▀[38;2;189;102;188m▀      [38;2;226;92;220m▀[38;2;182;99;182m▀[38;2;95;37;84m▀[48;2;226;92;220m[38;2;1;1;1m▀[48;2;148;62;144m▀[48;2;1;2;1m▀[48;2;1;1;1m [38;2;0;0;0m▀[48;2;0;0;0m                 [m
[48;2;0;0;0m                        [48;2;1;1;1m[38;2;0;0;0m▀ [48;2;148;62;144m[38;2;1;1;1m▀[48;2;254;102;245m[38;2;135;82;142m▀[48;2;255;102;246m[38;2;226;92;220m▀               ▀[38;2;135;82;142m▀[48;2;148;62;144m[38;2;1;2;1m▀[48;2;1;1;1m [38;2;0;0;0m▀[48;2;0;0;0m               [m
[48;2;0;0;0m                      [48;2;1;1;1m[38;2;0;0;0m▀ [48;2;148;62;144m[38;2;1;1;1m▀[48;2;255;102;246m[38;2;148;62;144m▀           [48;2;189;102;188m[38;2;255;102;246m▀[48;2;95;37;84m▀[48;2;1;2;1m▀[48;2;1;1;1m▀[48;2;1;2;1m▀[48;2;155;65;152m▀[48;2;226;92;220m▀[48;2;255;102;246m   [38;2;148;62;144m▀[48;2;45;28;39m[38;2;1;1;1m▀[48;2;1;1;1m [48;2;0;0;0m              [m
[48;2;0;0;0m                    [48;2;1;1;1m[38;2;0;0;0m▀ [48;2;1;2;1m[38;2;1;1;1m▀[48;2;226;92;220m[38;2;95;37;84m▀[48;2;255;102;246m     [48;2;226;92;220m[38;2;255;102;246m▀[48;2;42;26;25m▀[48;2;1;1;1m▀[48;2;226;92;220m▀[48;2;255;102;246m  [48;2;226;92;220m▀[48;2;1;1;1m[38;2;148;62;144m▀[48;2;35;47;40m[38;2;1;2;1m▀[48;2;115;141;101m[38;2;1;1;1m▀[48;2;120;141;103m[38;2;42;26;25m▀[38;2;66;67;57m▀[38;2;1;2;1m▀[48;2;87;105;80m[38;2;1;1;1m▀[48;2;1;2;1m▀[48;2;95;37;84m[38;2;213;84;206m▀[48;2;226;92;220m[38;2;255;102;246m▀[48;2;1;2;1m▀[48;2;1;1;1m▀[48;2;226;92;220m[38;2;189;102;188m▀[48;2;42;26;25m[38;2;1;1;1m▀[48;2;1;1;1m [48;2;0;0;0m             [m
[48;2;0;0;0m                   [48;2;1;1;1m[38;2;0;0;0m▀ [48;2;148;62;144m[38;2;1;1;1m▀[48;2;255;102;246m[38;2;226;92;220m▀      [48;2;182;99;182m [48;2;1;1;1m  [48;2;182;99;182m [48;2;255;102;246m  [48;2;182;99;182m [48;2;1;1;1m [48;2;87;105;80m [48;2;120;141;103m     [48;2;66;67;57m[38;2;37;47;45m▀[48;2;1;1;1m [48;2;172;67;164m[38;2;182;99;182m▀[48;2;1;1;1m  [48;2;148;62;144m[38;2;155;65;152m▀[48;2;189;102;188m▀[48;2;1;1;1m  [48;2;0;0;0m            [m
[48;2;0;0;0m                  [48;2;1;1;1m  [48;2;226;92;220m[38;2;135;82;142m▀[48;2;255;102;246m        [38;2;226;92;220m▀[48;2;226;92;220m[38;2;1;1;1m▀▀[48;2;255;102;246m[38;2;213;84;206m▀  [48;2;182;99;182m [48;2;1;1;1m [48;2;87;105;80m [48;2;120;141;103m     [48;2;87;105;80m[38;2;86;102;81m▀[48;2;1;1;1m [48;2;189;102;188m[38;2;148;62;144m▀[48;2;226;92;220m[38;2;1;1;1m▀▀[48;2;255;102;246m[38;2;226;92;220m▀ [48;2;45;28;39m[38;2;1;1;1m▀[48;2;1;1;1m [48;2;0;0;0m            [m
[48;2;0;0;0m                [48;2;1;1;1m[38;2;0;0;0m▀  [48;2;226;92;220m[38;2;182;99;182m▀[48;2;255;102;246m               [48;2;182;99;182m [48;2;1;1;1m [48;2;87;105;80m [48;2;120;141;103m     [48;2;87;105;80m[38;2;86;102;81m▀[48;2;1;1;1m [48;2;226;92;220m[38;2;189;102;188m▀[48;2;255;102;246m    [48;2;226;92;220m[38;2;182;99;182m▀[48;2;1;2;1m[38;2;1;1;1m▀[48;2;1;1;1m [48;2;0;0;0m           [m
[48;2;0;0;0m                [48;2;1;1;1m  [48;2;155;65;152m[38;2;46;32;46m▀[48;2;255;102;246m                [48;2;189;102;188m[38;2;182;99;182m▀[48;2;1;2;1m[38;2;1;1;1m▀[48;2;86;102;81m[38;2;87;105;80m▀[48;2;120;141;103m     [48;2;37;47;45m[38;2;66;67;57m▀[48;2;1;1;1m [48;2;255;102;246m      [48;2;45;28;39m[38;2;1;1;1m▀[48;2;1;1;1m [48;2;0;0;0m           [m
[48;2;0;0;0m               [48;2;1;1;1m   [48;2;182;99;182m [48;2;255;102;246m                [38;2;226;92;220m▀[48;2;1;2;1m[38;2;1;1;1m▀[48;2;35;47;40m[38;2;66;67;57m▀[48;2;120;141;103m    [48;2;87;105;80m[38;2;115;141;101m▀[48;2;1;1;1m [48;2;182;99;182m[38;2;95;37;84m▀[48;2;255;102;246m      [48;2;99;48;96m [48;2;1;1;1m [48;2;0;0;0m           [m
[48;2;0;0;0m              [48;2;1;1;1m  [48;2;226;92;220m[38;2;148;62;144m▀[48;2;1;2;1m[38;2;1;1;1m▀[48;2;46;32;46m[38;2;182;99;182m▀[48;2;255;102;246m                 [48;2;189;102;188m[38;2;148;62;144m▀[48;2;1;2;1m[38;2;1;1;1m▀[48;2;74;86;69m[38;2;115;141;101m▀[48;2;120;141;103m   [48;2;1;2;1m[38;2;86;102;81m▀[48;2;1;1;1m [48;2;255;102;246m[38;2;209;82;202m▀      [48;2;1;1;1m[38;2;46;32;46m▀ [48;2;0;0;0m           [m
[48;2;0;0;0m            [48;2;1;1;1m[38;2;0;0;0m▀  [48;2;226;92;220m[38;2;135;82;142m▀[48;2;255;102;246m [48;2;226;92;220m[38;2;148;62;144m▀[48;2;1;2;1m[38;2;1;1;1m▀[48;2;148;62;144m[38;2;226;92;220m▀[48;2;255;102;246m                 [48;2;209;82;202m[38;2;45;28;39m▀[48;2;1;1;1m [48;2;65;75;57m[38;2;115;141;101m▀[48;2;120;141;103m [48;2;65;75;57m[38;2;87;105;80m▀[48;2;1;1;1m [48;2;226;92;220m[38;2;148;62;144m▀[48;2;255;102;246m      [48;2;189;102;188m[38;2;255;102;246m▀[48;2;1;1;1m  [48;2;0;0;0m           [m
[48;2;0;0;0m         [48;2;1;1;1m[38;2;0;0;0m▀▀ [48;2;148;62;144m[38;2;1;1;1m▀[48;2;255;102;246m[38;2;45;28;39m▀[38;2;226;92;220m▀   [38;2;135;82;142m▀[48;2;45;28;39m[38;2;1;1;1m▀[48;2;1;1;1m[38;2;155;65;152m▀[48;2;226;92;220m[38;2;255;102;246m▀[48;2;255;102;246m                [38;2;148;62;144m▀[48;2;45;28;39m[38;2;1;1;1m▀[48;2;1;1;1m[38;2;65;75;57m▀[38;2;1;2;1m▀[48;2;189;102;188m[38;2;148;62;144m▀[48;2;255;102;246m       [48;2;1;1;1m▀ [48;2;0;0;0m            [m
[48;2;0;0;0m      [48;2;1;1;1m[38;2;0;0;0m▀▀ [48;2;135;82;142m[38;2;1;1;1m▀[48;2;226;92;220m[38;2;1;2;1m▀[48;2;255;102;246m[38;2;209;82;202m▀       [38;2;226;92;220m▀[48;2;226;92;220m[38;2;1;2;1m▀[48;2;135;82;142m[38;2;1;1;1m▀[48;2;1;1;1m[38;2;148;62;144m▀[48;2;1;2;1m[38;2;255;102;246m▀[48;2;182;99;182m▀[48;2;255;102;246m              [38;2;226;92;220m▀[48;2;148;62;144m[38;2;1;1;1m▀[48;2;172;67;164m[38;2;45;28;39m▀[48;2;255;102;246m       [48;2;45;28;39m[38;2;182;99;182m▀[48;2;1;1;1m[38;2;1;2;1m▀[48;2;0;0;0m[38;2;1;1;1m▀            [m
[48;2;0;0;0m     [48;2;1;1;1m  [48;2;148;62;144m[38;2;1;1;1m▀[48;2;255;102;246m[38;2;148;62;144m▀             [38;2;189;102;188m▀[38;2;1;1;1m▀[48;2;182;99;182m▀[48;2;45;28;39m▀[48;2;1;1;1m[38;2;155;65;152m▀[38;2;189;102;188m▀[38;2;255;102;246m▀[48;2;45;28;39m▀[48;2;182;99;182m▀▀▀▀[48;2;226;92;220m▀[48;2;255;102;246m              [48;2;1;1;1m  [48;2;0;0;0m             [m
[48;2;0;0;0m    [48;2;1;1;1m [48;2;1;2;1m[38;2;1;1;1m▀[48;2;255;102;246m[38;2;148;62;144m▀                   [38;2;226;92;220m▀[38;2;182;99;182m▀[38;2;148;62;144m▀[38;2;42;26;25m▀[38;2;1;1;1m▀[48;2;226;92;220m▀[48;2;189;102;188m▀[48;2;182;99;182m▀[48;2;189;102;188m▀[48;2;255;102;246m              [48;2;1;2;1m▀[48;2;1;1;1m [48;2;0;0;0m             [m
[48;2;0;0;0m   [48;2;1;1;1m  [38;2;1;2;1m▀[38;2;68;41;56m▀▀▀▀▀▀▀▀▀▀▀▀▀▀▀▀▀▀▀▀▀▀▀▀▀▀▀▀▀▀▀▀▀▀▀▀▀▀▀▀▀▀▀[38;2;42;26;25m▀ [48;2;0;0;0m             [m
