[48;2;0;0;0m                                                                [m
[48;2;0;0;0m         [48;2;217;138;255m[38;2;0;0;0m▀[48;2;82;91;71m▀[48;2;41;36;30m▀[48;2;0;1;0m▀▀▀▀▀▀▀▀▀▀▀▀▀▀▀▀▀▀▀▀▀▀▀▀▀▀▀▀▀▀▀▀▀▀▀▀▀▀▀[48;2;1;2;1m▀[48;2;92;95;85m▀[48;2;119;140;103m▀[48;2;0;0;0m          [m
[48;2;0;0;0m         [48;2;95;96;82m[38;2;92;95;85m▀[48;2;0;1;0m [48;2;226;92;220m[38;2;0;1;0m▀[48;2;255;138;252m▀▀▀▀▀▀▀▀▀▀▀▀▀▀▀▀▀▀▀▀▀▀▀▀▀▀▀▀▀▀▀▀▀▀▀▀▀▀▀▀[48;2;0;1;0m [48;2;1;2;1m[38;2;92;95;85m▀[48;2;0;0;0m          [m
[48;2;0;0;0m         [48;2;95;96;82m[38;2;83;99;79m▀[48;2;0;1;0m [48;2;226;92;220m [48;2;255;138;252m                                        [48;2;0;1;0m  [48;2;0;0;0m          [m
[48;2;0;0;0m         [48;2;118;140;103m[38;2;95;96;82m▀[48;2;0;1;0m [48;2;160;71;162m[38;2;226;92;220m▀[48;2;189;102;188m[38;2;255;138;252m▀▀▀▀▀[48;2;255;138;252m            [48;2;226;92;220m▀[48;2;189;102;188m▀▀▀[48;2;213;84;206m▀[48;2;189;102;188m▀▀[48;2;213;84;206m▀[48;2;189;102;188m▀▀▀▀▀▀[48;2;255;138;252m         [48;2;0;1;0m  [48;2;0;0;0m          [m
[48;2;0;0;0m         [38;2;87;105;80m▀[48;2;119;140;103m[38;2;0;1;0m▀[48;2;155;65;152m▀[48;2;0;1;0m     [48;2;255;138;252m            [48;2;209;82;202m[38;2;189;102;188m▀[48;2;135;82;142m[38;2;0;1;0m▀▀[48;2;94;49;100m▀[48;2;135;82;142m▀▀▀▀[48;2;96;46;93m▀[48;2;0;1;0m [48;2;87;91;83m▀[48;2;118;140;103m▀[48;2;35;47;40m▀[48;2;0;1;0m [48;2;254;102;245m[38;2;211;130;235m▀[48;2;255;138;252m        [48;2;0;1;0m  [48;2;0;0;0m          [m
[48;2;0;0;0m               [48;2;0;1;0m  [48;2;255;138;252m                    [48;2;189;102;188m [48;2;0;1;0m  [48;2;0;0;0m [48;2;120;141;103m[38;2;92;95;85m▀[48;2;0;1;0m [38;2;189;102;188m▀[38;2;213;84;206m▀[38;2;189;102;188m▀▀▀[38;2;213;84;206m▀[38;2;189;102;188m▀▀▀ [48;2;35;47;40m[38;2;1;2;1m▀[48;2;86;93;81m[38;2;0;0;0m▀[48;2;0;0;0m         [m
[48;2;0;0;0m               [48;2;0;1;0m  [48;2;255;138;252m                    [48;2;189;102;188m [48;2;0;1;0m  [48;2;0;0;0m [48;2;42;26;25m[38;2;119;140;103m▀[48;2;0;1;0m [48;2;179;98;182m[38;2;0;1;0m▀[48;2;255;138;252m▀▀▀▀▀▀▀▀▀[48;2;0;1;0m [38;2;92;95;85m▀[48;2;0;0;0m         [m
[48;2;0;0;0m         [48;2;189;102;188m[38;2;0;0;0m▀[48;2;65;75;57m[38;2;161;161;161m▀[48;2;0;1;0m[38;2;119;140;103m▀[38;2;65;75;57m▀[38;2;89;65;81m▀[38;2;65;75;57m▀  [48;2;255;138;252m            [48;2;189;102;188m [48;2;0;1;0m         [38;2;74;86;69m▀[38;2;65;75;57m▀[38;2;35;52;42m▀ [48;2;189;102;188m [48;2;255;138;252m         [48;2;0;1;0m  [48;2;0;0;0m         [m
[48;2;0;0;0m         [48;2;95;96;82m[38;2;160;71;162m▀[48;2;0;1;0m [48;2;213;84;206m[38;2;135;82;142m▀[48;2;255;138;252m[38;2;149;72;156m▀▀[38;2;160;71;162m▀[38;2;135;82;142m▀[38;2;149;72;156m▀            [38;2;226;92;220m▀[38;2;160;71;162m▀[38;2;149;72;156m▀[38;2;160;71;162m▀[38;2;149;72;156m▀▀[38;2;160;71;162m▀▀[38;2;135;82;142m▀[38;2;160;71;162m▀▀▀[38;2;149;72;156m▀▀[38;2;209;82;202m▀         [48;2;0;1;0m  [48;2;0;0;0m         [m
[48;2;0;0;0m         [48;2;95;96;82m[38;2;83;99;79m▀[48;2;0;1;0m [48;2;226;92;220m [48;2;255;138;252m                                         [48;2;0;1;0m  [48;2;0;0;0m         [m
[48;2;0;0;0m         [48;2;85;97;91m[38;2;95;96;82m▀[48;2;0;1;0m [38;2;226;92;220m▀[38;2;255;138;252m▀▀▀▀▀▀▀▀▀▀▀▀▀▀▀▀▀▀▀▀▀▀▀▀▀▀▀▀▀▀▀▀▀▀▀▀▀▀▀▀[38;2;254;102;245m▀ [48;2;95;96;82m[38;2;41;36;30m▀[48;2;0;0;0m         [m
[48;2;0;0;0m         [38;2;161;161;161m▀[38;2;85;97;91m▀[38;2;41;36;30m▀[38;2;0;1;0m▀▀▀▀▀▀▀[48;2;0;1;0m     [48;2;0;0;0m▀▀▀▀▀▀▀▀▀▀▀▀▀▀▀▀▀▀▀▀▀▀▀▀▀▀▀▀[38;2;1;2;1m▀[38;2;92;95;85m▀[38;2;119;140;103m▀         [m
[48;2;0;0;0m              [48;2;0;1;0m[38;2;0;0;0m▀▀  [48;2;94;49;100m[38;2;0;1;0m▀[48;2;162;101;187m▀▀▀▀▀[48;2;94;49;100m▀[48;2;1;2;1m▀[48;2;0;1;0m [38;2;0;0;0m▀▀[48;2;0;0;0m                                   [m
[48;2;0;0;0m           [48;2;0;1;0m[38;2;0;0;0m▀▀ [48;2;135;82;142m[38;2;0;1;0m▀[48;2;211;130;235m▀[48;2;217;138;255m[38;2;135;82;142m▀[38;2;211;130;235m▀        [38;2;162;101;187m▀[38;2;1;2;1m▀[48;2;135;82;142m[38;2;0;1;0m▀[48;2;0;1;0m  [38;2;0;0;0m▀[48;2;0;0;0m                                [m
[48;2;0;0;0m          [48;2;0;1;0m  [48;2;136;85;145m[38;2;0;1;0m▀[48;2;217;138;255m[38;2;135;82;142m▀               [38;2;211;130;235m▀[48;2;211;130;235m[38;2;0;1;0m▀[48;2;0;1;0m  [48;2;0;0;0m                               [m
[48;2;0;0;0m        [48;2;0;1;0m[38;2;0;0;0m▀ [48;2;135;82;142m[38;2;0;1;0m▀[48;2;217;138;255m[38;2;135;82;142m▀         [48;2;149;72;156m[38;2;217;138;255m▀[48;2;0;1;0m▀[38;2;162;101;187m▀▀▀[38;2;211;130;235m▀[48;2;135;82;142m[38;2;217;138;255m▀[48;2;211;130;235m▀[48;2;217;138;255m  [48;2;211;130;235m[38;2;135;82;142m▀[48;2;42;26;25m[38;2;0;1;0m▀[48;2;0;1;0m [48;2;0;0;0m                              [m
[48;2;0;0;0m       [48;2;0;1;0m[38;2;0;0;0m▀ [48;2;162;101;187m[38;2;1;2;1m▀[48;2;217;138;255m    [48;2;1;2;1m[38;2;211;130;235m▀[48;2;0;1;0m[38;2;162;101;187m▀[48;2;135;82;142m[38;2;211;130;235m▀[48;2;217;138;255m   [48;2;1;2;1m[38;2;149;72;156m▀[38;2;0;1;0m▀[48;2;115;141;101m[38;2;1;2;1m▀[48;2;119;140;103m[38;2;74;86;69m▀[38;2;87;105;80m▀[38;2;83;99;79m▀[38;2;37;47;45m▀[48;2;76;79;60m[38;2;0;1;0m▀[48;2;0;1;0m[38;2;135;82;142m▀[48;2;189;102;188m[38;2;217;138;255m▀[48;2;41;29;42m[38;2;211;130;235m▀[48;2;0;1;0m[38;2;162;101;187m▀[38;2;135;82;142m▀  [48;2;0;0;0m                             [m
[48;2;0;0;0m      [48;2;0;1;0m[38;2;0;0;0m▀ [48;2;162;101;187m[38;2;41;29;42m▀[48;2;217;138;255m    [48;2;211;130;235m[38;2;162;101;187m▀[48;2;0;1;0m  [48;2;41;29;42m[38;2;0;1;0m▀[48;2;217;138;255m   [48;2;1;2;1m [48;2;66;67;57m [48;2;119;140;103m [48;2;115;141;101m[38;2;119;140;103m▀[48;2;119;140;103m   [48;2;87;105;80m [48;2;0;1;0m [48;2;149;72;156m [48;2;0;1;0m   [48;2;135;82;142m[38;2;0;1;0m▀[48;2;0;1;0m [38;2;0;0;0m▀[48;2;0;0;0m                            [m
[48;2;0;0;0m     [48;2;0;1;0m[38;2;0;0;0m▀ [48;2;135;82;142m[38;2;0;1;0m▀[48;2;217;138;255m      [38;2;136;85;145m▀[38;2;1;2;1m▀[38;2;211;130;235m▀  [48;2;162;101;187m[38;2;189;102;188m▀[48;2;0;1;0m [48;2;74;86;69m[38;2;76;79;60m▀[48;2;119;140;103m     [48;2;115;141;101m [48;2;0;1;0m [48;2;162;101;187m[38;2;135;82;142m▀[48;2;217;138;255m[38;2;160;71;162m▀[38;2;42;26;25m▀[38;2;211;130;235m▀▀[48;2;135;82;142m[38;2;0;1;0m▀[48;2;0;1;0m [38;2;0;0;0m▀[48;2;0;0;0m                           [m
[48;2;0;0;0m     [48;2;0;1;0m [48;2;1;2;1m[38;2;0;1;0m▀[48;2;217;138;255m[38;2;211;130;235m▀           [48;2;211;130;235m[38;2;162;101;187m▀[48;2;0;1;0m [48;2;74;86;69m[38;2;83;99;79m▀[48;2;119;140;103m     [48;2;87;105;80m [48;2;0;1;0m [48;2;162;101;187m [48;2;217;138;255m     [48;2;211;130;235m[38;2;41;29;42m▀[48;2;0;1;0m  [48;2;0;0;0m                          [m
[48;2;0;0;0m    [48;2;0;1;0m[38;2;0;0;0m▀ [48;2;162;101;187m[38;2;149;72;156m▀[48;2;217;138;255m             [48;2;0;1;0m [48;2;42;26;25m[38;2;41;36;30m▀[48;2;119;140;103m     [48;2;83;99;79m[38;2;87;105;80m▀[48;2;0;1;0m [48;2;162;101;187m [48;2;217;138;255m      [38;2;135;82;142m▀[48;2;41;29;42m[38;2;1;2;1m▀[48;2;0;1;0m [48;2;0;0;0m                         [m
[48;2;0;0;0m    [48;2;0;1;0m  [48;2;211;130;235m[38;2;162;101;187m▀[48;2;217;138;255m             [48;2;162;101;187m[38;2;68;41;56m▀[48;2;0;1;0m [48;2;87;105;80m[38;2;119;140;103m▀[48;2;119;140;103m    [48;2;0;1;0m[38;2;35;52;42m▀[48;2;46;35;48m[38;2;0;1;0m▀[48;2;217;138;255m        [38;2;162;101;187m▀[48;2;1;2;1m[38;2;0;1;0m▀[48;2;0;1;0m [48;2;0;0;0m                        [m
[48;2;0;0;0m    [48;2;0;1;0m  [48;2;211;130;235m[38;2;217;138;255m▀[48;2;217;138;255m             [38;2;211;130;235m▀[48;2;41;29;42m[38;2;0;1;0m▀[48;2;0;1;0m[38;2;74;86;69m▀[48;2;115;141;101m[38;2;119;140;103m▀[48;2;119;140;103m  [48;2;76;79;60m[38;2;87;105;80m▀[48;2;0;1;0m [48;2;162;101;187m [48;2;217;138;255m         [48;2;162;101;187m[38;2;135;82;142m▀[48;2;0;1;0m [38;2;0;0;0m▀[48;2;0;0;0m                       [m
[48;2;0;0;0m    [48;2;0;1;0m  [48;2;135;82;142m[38;2;162;101;187m▀[48;2;217;138;255m              ▀[48;2;135;82;142m[38;2;0;1;0m▀[48;2;0;1;0m[38;2;65;75;57m▀[48;2;87;105;80m[38;2;119;140;103m▀[38;2;115;141;101m▀[48;2;0;1;0m[38;2;42;26;25m▀[48;2;162;101;187m[38;2;41;29;42m▀[48;2;217;138;255m          [48;2;162;101;187m [48;2;0;1;0m [48;2;0;0;0m[38;2;0;1;0m▀                       [m
[48;2;0;0;0m     [48;2;0;1;0m  [48;2;135;82;142m[38;2;211;130;235m▀[48;2;217;138;255m              ▀[48;2;162;101;187m[38;2;1;2;1m▀[48;2;0;1;0m▀▀[48;2;149;72;156m[38;2;0;1;0m▀[48;2;217;138;255m           [48;2;162;101;187m [48;2;0;1;0m [38;2;0;0;0m▀[48;2;0;0;0m                       [m
[48;2;0;0;0m    [48;2;0;1;0m[38;2;0;0;0m▀ [48;2;135;82;142m[38;2;0;1;0m▀[48;2;0;1;0m [48;2;41;29;42m[38;2;211;130;235m▀[48;2;217;138;255m               [38;2;135;82;142m▀[48;2;136;85;145m[38;2;0;1;0m▀[48;2;217;138;255m[38;2;211;130;235m▀           [38;2;162;101;187m▀[48;2;35;47;40m[38;2;0;1;0m▀[48;2;0;1;0m [38;2;0;0;0m▀[48;2;0;0;0m                      [m
[48;2;0;0;0m    [48;2;0;1;0m [48;2;41;29;42m[38;2;0;1;0m▀[48;2;217;138;255m[38;2;189;102;188m▀[38;2;162;101;187m▀[48;2;135;82;142m[38;2;0;1;0m▀[48;2;0;1;0m[38;2;135;82;142m▀[48;2;135;82;142m[38;2;217;138;255m▀[48;2;217;138;255m                            [38;2;211;130;235m▀[48;2;211;130;235m[38;2;0;1;0m▀[48;2;35;47;40m▀[48;2;0;1;0m [38;2;0;0;0m▀▀[48;2;0;0;0m                   [m
[48;2;0;0;0m   [48;2;0;1;0m  [48;2;162;101;187m [48;2;217;138;255m   [38;2;135;82;142m▀[48;2;135;82;142m[38;2;0;1;0m▀[48;2;0;1;0m[38;2;135;82;142m▀[48;2;41;29;42m[38;2;217;138;255m▀[48;2;211;130;235m▀[48;2;217;138;255m                            [38;2;135;82;142m▀[48;2;189;102;188m[38;2;0;1;0m▀[48;2;0;1;0m  [38;2;0;0;0m▀[48;2;0;0;0m                 [m
[48;2;0;0;0m   [48;2;0;1;0m  [48;2;217;138;255m[38;2;211;130;235m▀     [38;2;162;101;187m▀[48;2;211;130;235m[38;2;1;2;1m▀[48;2;135;82;142m[38;2;0;1;0m▀[48;2;0;1;0m[38;2;135;82;142m▀[48;2;1;2;1m[38;2;162;101;187m▀[38;2;217;138;255m▀[48;2;162;101;187m▀▀[48;2;217;138;255m                         [38;2;211;130;235m▀[48;2;160;71;162m[38;2;0;1;0m▀[48;2;0;1;0m  [48;2;0;0;0m                [m
[48;2;0;0;0m   [48;2;0;1;0m  [48;2;189;102;188m[38;2;217;138;255m▀[48;2;217;138;255m        [38;2;211;130;235m▀[38;2;162;101;187m▀[38;2;41;29;42m▀[48;2;211;130;235m[38;2;0;1;0m▀[48;2;162;101;187m▀[48;2;135;82;142m▀ [48;2;217;138;255m                         [48;2;211;130;235m[38;2;135;82;142m▀[48;2;0;1;0m  [48;2;0;0;0m               [m
[48;2;0;0;0m   [48;2;0;1;0m  [38;2;46;35;48m▀[38;2;68;41;56m▀▀▀▀[38;2;46;38;48m▀[38;2;68;41;56m▀[38;2;46;38;48m▀[38;2;68;41;56m▀▀▀▀▀▀▀▀▀▀▀▀▀▀▀▀▀▀[38;2;46;38;48m▀[38;2;68;41;56m▀▀▀▀[38;2;46;38;48m▀[38;2;68;41;56m▀[38;2;46;38;48m▀[38;2;68;41;56m▀▀▀▀▀[38;2;46;38;48m▀[38;2;68;41;56m▀▀[38;2;1;2;1m▀  [48;2;0;0;0m              [m
