[48;2;0;0;0m                                                                [m
[48;2;0;0;0m                                                                [m
[48;2;0;0;0m                                                                [m
[48;2;0;0;0m                                                                [m
[48;2;0;0;0m                                                                [m
[48;2;0;0;0m                                                                [m
[48;2;0;0;0m                                                                [m
[48;2;0;0;0m                                                                [m
[48;2;0;0;0m                                                                [m
[48;2;0;0;0m                                                                [m
[48;2;0;0;0m                                                                [m
[48;2;0;0;0m                                      [48;2;1;3;1m[38;2;0;0;0m▀▀▀▀▀▀▀▀▀[48;2;0;0;0m                 [m
[48;2;0;0;0m                                 [48;2;1;3;1m[38;2;0;0;0m▀▀  [48;2;97;46;46m[38;2;1;3;1m▀[48;2;175;71;70m▀[48;2;215;86;85m▀[48;2;255;102;101m▀▀▀▀[48;2;215;86;85m▀[48;2;175;71;70m▀[48;2;149;58;58m▀[48;2;1;3;1m  [38;2;0;0;0m▀▀[48;2;0;0;0m             [m
[48;2;0;0;0m                               [48;2;1;3;1m[38;2;0;0;0m▀ [48;2;97;46;46m[38;2;1;3;1m▀[48;2;215;86;85m▀[48;2;255;102;101m[38;2;149;58;58m▀[38;2;215;86;85m▀           [38;2;175;71;70m▀[38;2;42;24;24m▀[48;2;97;46;46m[38;2;1;3;1m▀[48;2;1;3;1m [38;2;0;0;0m▀[48;2;0;0;0m           [m
[48;2;0;0;0m                             [48;2;1;3;1m  [48;2;149;58;58m[38;2;1;3;1m▀[48;2;255;102;101m[38;2;149;58;58m▀         [48;2;215;86;85m[38;2;255;102;101m▀[48;2;149;58;58m▀[48;2;42;24;24m▀[48;2;1;3;1m▀[48;2;42;24;24m▀[48;2;149;58;58m▀[48;2;215;86;85m▀[48;2;255;102;101m  [38;2;149;58;58m▀[48;2;149;58;58m[38;2;1;3;1m▀[48;2;1;3;1m [38;2;0;0;0m▀[48;2;0;0;0m         [m
[48;2;0;0;0m                           [48;2;1;3;1m[38;2;0;0;0m▀ [48;2;149;58;58m[38;2;1;3;1m▀[48;2;255;102;101m[38;2;149;58;58m▀    [48;2;97;46;46m[38;2;255;102;101m▀[48;2;1;3;1m▀[48;2;175;71;70m▀[48;2;255;102;101m   [48;2;42;24;24m[38;2;175;71;70m▀[48;2;1;3;1m [48;2;79;92;71m[38;2;1;3;1m▀[48;2;120;141;103m▀[38;2;42;24;24m▀[38;2;1;3;1m▀[48;2;79;92;71m▀[48;2;42;24;24m▀[48;2;1;3;1m[38;2;175;71;70m▀[48;2;255;102;101m [48;2;97;46;46m[38;2;255;102;101m▀[48;2;1;3;1m▀[48;2;97;46;46m[38;2;73;30;30m▀[48;2;1;3;1m  [48;2;0;0;0m        [m
[48;2;0;0;0m                         [48;2;1;3;1m[38;2;0;0;0m▀ [48;2;97;46;46m[38;2;1;3;1m▀[48;2;255;102;101m[38;2;97;46;46m▀     [48;2;175;71;70m [48;2;1;3;1m  [48;2;42;24;24m[38;2;73;30;30m▀[48;2;255;102;101m  [48;2;215;86;85m [48;2;1;3;1m [48;2;79;92;71m [48;2;120;141;103m     [48;2;79;92;71m [48;2;1;3;1m [48;2;73;30;30m[38;2;97;46;46m▀[48;2;1;3;1m  [38;2;42;24;24m▀[48;2;149;58;58m▀[48;2;1;3;1m [38;2;0;0;0m▀[48;2;0;0;0m       [m
[48;2;0;0;0m                       [48;2;1;3;1m[38;2;0;0;0m▀ [48;2;42;24;24m[38;2;1;3;1m▀[48;2;215;86;85m[38;2;97;46;46m▀[48;2;255;102;101m       [38;2;215;86;85m▀[48;2;215;86;85m[38;2;1;3;1m▀[48;2;175;71;70m▀[48;2;255;102;101m[38;2;149;58;58m▀  [48;2;175;71;70m[38;2;215;86;85m▀[48;2;1;3;1m [48;2;79;92;71m [48;2;120;141;103m     [38;2;79;92;71m▀[48;2;1;3;1m [48;2;149;58;58m [48;2;215;86;85m[38;2;42;24;24m▀[48;2;175;71;70m[38;2;1;3;1m▀[48;2;255;102;101m[38;2;97;46;46m▀[38;2;215;86;85m▀[48;2;1;3;1m  [48;2;0;0;0m       [m
[48;2;0;0;0m                      [48;2;1;3;1m  [48;2;175;71;70m[38;2;1;3;1m▀[48;2;255;102;101m[38;2;215;86;85m▀              [48;2;175;71;70m [48;2;1;3;1m [48;2;79;92;71m [48;2;120;141;103m     [48;2;79;92;71m [48;2;1;3;1m [48;2;175;71;70m [48;2;255;102;101m    [48;2;175;71;70m[38;2;97;46;46m▀[48;2;1;3;1m [38;2;0;0;0m▀[48;2;0;0;0m      [m
[48;2;0;0;0m                     [48;2;1;3;1m[38;2;0;0;0m▀ [48;2;175;71;70m[38;2;42;24;24m▀[48;2;255;102;101m                [38;2;215;86;85m▀[48;2;1;3;1m [48;2;42;24;24m[38;2;79;92;71m▀[48;2;120;141;103m     [48;2;79;92;71m [48;2;1;3;1m [48;2;175;71;70m [48;2;255;102;101m    [38;2;215;86;85m▀[48;2;73;30;30m[38;2;1;3;1m▀[48;2;1;3;1m [48;2;0;0;0m      [m
[48;2;0;0;0m                     [48;2;1;3;1m  [48;2;175;71;70m [48;2;255;102;101m                 [48;2;42;24;24m[38;2;1;3;1m▀[48;2;1;3;1m[38;2;42;24;24m▀[48;2;120;141;103m     [48;2;1;3;1m▀[48;2;73;30;30m[38;2;1;3;1m▀[48;2;255;102;101m[38;2;215;86;85m▀     [48;2;175;71;70m[38;2;149;58;58m▀[48;2;1;3;1m  [48;2;0;0;0m     [m
[48;2;0;0;0m                    [48;2;1;3;1m   [48;2;175;71;70m[38;2;215;86;85m▀[48;2;255;102;101m                 [48;2;215;86;85m[38;2;175;71;70m▀[48;2;1;3;1m [48;2;42;24;24m[38;2;79;92;71m▀[48;2;120;141;103m   [48;2;79;92;71m [48;2;1;3;1m [48;2;175;71;70m[38;2;149;58;58m▀[48;2;255;102;101m      [48;2;215;86;85m [48;2;1;3;1m  [48;2;0;0;0m     [m
[48;2;0;0;0m                   [48;2;1;3;1m  [48;2;149;58;58m[38;2;1;3;1m▀[48;2;42;24;24m▀[38;2;97;46;46m▀[48;2;255;102;101m                  [48;2;215;86;85m▀[48;2;1;3;1m [48;2;42;24;24m[38;2;79;92;71m▀[48;2;120;141;103m [48;2;79;92;71m[38;2;120;141;103m▀[48;2;1;3;1m [48;2;149;58;58m[38;2;42;24;24m▀[48;2;255;102;101m       [48;2;215;86;85m [48;2;1;3;1m  [48;2;0;0;0m     [m
[48;2;0;0;0m                  [48;2;1;3;1m[38;2;0;0;0m▀ [48;2;42;24;24m[38;2;1;3;1m▀[48;2;255;102;101m[38;2;175;71;70m▀▀[48;2;1;3;1m ▀[48;2;215;86;85m[38;2;255;102;101m▀[48;2;255;102;101m                 [38;2;149;58;58m▀[48;2;73;30;30m[38;2;1;3;1m▀[48;2;1;3;1m[38;2;79;92;71m▀[38;2;42;24;24m▀[48;2;97;46;46m[38;2;1;3;1m▀[48;2;255;102;101m[38;2;215;86;85m▀       [48;2;97;46;46m[38;2;175;71;70m▀[48;2;1;3;1m  [48;2;0;0;0m     [m
[48;2;0;0;0m                  [48;2;1;3;1m [48;2;42;24;24m[38;2;1;3;1m▀[48;2;255;102;101m[38;2;175;71;70m▀  ▀[48;2;149;58;58m[38;2;1;3;1m▀[48;2;1;3;1m[38;2;73;30;30m▀[48;2;97;46;46m[38;2;255;102;101m▀[48;2;255;102;101m                 [38;2;215;86;85m▀[48;2;175;71;70m[38;2;1;3;1m▀[48;2;73;30;30m▀[48;2;255;102;101m[38;2;215;86;85m▀       [48;2;175;71;70m▀[48;2;1;3;1m  [48;2;0;0;0m      [m
[48;2;0;0;0m                [48;2;1;3;1m[38;2;0;0;0m▀ [48;2;97;46;46m[38;2;1;3;1m▀[48;2;255;102;101m[38;2;175;71;70m▀     [38;2;97;46;46m▀[48;2;97;46;46m[38;2;1;3;1m▀[48;2;1;3;1m[38;2;149;58;58m▀[48;2;73;30;30m[38;2;255;102;101m▀[48;2;215;86;85m▀[48;2;255;102;101m                [38;2;215;86;85m▀       [48;2;215;86;85m[38;2;255;102;101m▀[48;2;1;3;1m[38;2;42;24;24m▀ [48;2;0;0;0m       [m
[48;2;0;0;0m            [48;2;1;3;1m[38;2;0;0;0m▀▀  [48;2;97;46;46m[38;2;1;3;1m▀[48;2;215;86;85m▀[48;2;255;102;101m[38;2;215;86;85m▀        [38;2;149;58;58m▀[48;2;175;71;70m[38;2;1;3;1m▀[48;2;1;3;1m [38;2;175;71;70m▀[48;2;42;24;24m[38;2;255;102;101m▀[48;2;175;71;70m▀[48;2;255;102;101m                     [48;2;1;3;1m[38;2;97;46;46m▀ [48;2;0;0;0m[38;2;1;3;1m▀       [m
[48;2;0;0;0m          [48;2;1;3;1m[38;2;0;0;0m▀  [48;2;149;58;58m[38;2;1;3;1m▀[48;2;255;102;101m[38;2;97;46;46m▀[38;2;175;71;70m▀             [38;2;215;86;85m▀[38;2;149;58;58m▀[48;2;215;86;85m[38;2;1;3;1m▀[48;2;149;58;58m▀[48;2;42;24;24m▀[48;2;1;3;1m[38;2;149;58;58m▀[38;2;175;71;70m▀[38;2;215;86;85m▀▀[38;2;255;102;101m▀[48;2;215;86;85m▀[48;2;255;102;101m             [48;2;215;86;85m [48;2;1;3;1m  [48;2;0;0;0m        [m
[48;2;0;0;0m        [48;2;1;3;1m[38;2;0;0;0m▀  [48;2;215;86;85m[38;2;1;3;1m▀[48;2;255;102;101m[38;2;215;86;85m▀                     ▀[38;2;175;71;70m▀▀[38;2;149;58;58m▀▀[38;2;215;86;85m▀             [48;2;215;86;85m [48;2;1;3;1m  [48;2;0;0;0m        [m
[48;2;0;0;0m       [48;2;1;3;1m[38;2;0;0;0m▀ [48;2;149;58;58m[38;2;1;3;1m▀[48;2;255;102;101m[38;2;175;71;70m▀                                           [48;2;42;24;24m[38;2;1;3;1m▀[48;2;1;3;1m [48;2;0;0;0m        [m
[48;2;0;0;0m      [48;2;1;3;1m[38;2;0;0;0m▀ [48;2;175;71;70m[38;2;73;30;30m▀[48;2;255;102;101m                                             [48;2;215;86;85m[38;2;97;46;46m▀[48;2;1;3;1m  [38;2;0;0;0m▀[48;2;0;0;0m      [m
[48;2;0;0;0m      [48;2;1;3;1m  [38;2;175;71;70m▀▀▀▀▀▀▀▀▀▀▀▀▀▀▀▀▀▀▀▀▀▀▀▀▀▀▀▀▀▀▀▀▀▀▀▀▀▀▀▀▀▀▀▀▀▀▀[38;2;42;24;24m▀   [38;2;0;0;0m▀[48;2;0;0;0m    [m
