[48;2;0;0;0m                                                                [m
[48;2;0;0;0m    [48;2;159;158;156m[38;2;0;0;0m▀[48;2;68;41;56m▀[48;2;0;1;0m▀▀▀▀▀▀▀▀▀▀▀▀▀▀▀▀▀▀▀▀▀▀▀▀[48;2;92;95;85m▀[48;2;163;163;161m▀[48;2;0;0;0m  [48;2;157;157;156m▀[48;2;68;41;56m▀[48;2;0;1;0m▀▀▀▀▀▀▀▀▀▀▀▀▀▀▀▀▀▀▀▀▀▀[48;2;42;29;27m▀[48;2;46;38;48m▀[48;2;215;215;215m▀[48;2;0;0;0m   [m
[48;2;0;0;0m   [48;2;87;105;80m[38;2;175;175;176m▀[48;2;0;1;0m[38;2;1;2;1m▀[48;2;56;100;54m[38;2;0;1;0m▀[48;2;132;255;134m▀▀▀▀▀▀▀▀▀▀▀▀▀▀▀▀▀▀▀▀▀▀▀▀[48;2;84;160;87m▀[48;2;0;1;0m[38;2;1;2;1m▀[48;2;47;41;34m[38;2;163;163;161m▀[38;2;157;157;156m▀[48;2;0;1;0m [48;2;107;210;109m[38;2;0;1;0m▀[48;2;132;255;134m▀▀▀▀▀▀▀▀▀▀▀▀▀▀▀▀▀▀▀▀▀▀[48;2;126;224;132m▀[48;2;0;1;0m [48;2;92;95;85m[38;2;120;141;103m▀[48;2;0;0;0m   [m
[48;2;0;0;0m   [48;2;89;78;52m [48;2;0;1;0m [48;2;80;149;85m [48;2;132;255;134m                         [38;2;56;100;54m▀[48;2;47;41;34m[38;2;0;1;0m▀[48;2;42;29;27m▀[48;2;126;224;132m[38;2;80;149;85m▀[48;2;132;255;134m                       [48;2;126;224;132m [48;2;0;1;0m [48;2;66;67;57m [48;2;0;0;0m   [m
[48;2;0;0;0m   [48;2;119;140;103m[38;2;89;78;52m▀[48;2;0;1;0m [48;2;56;100;54m [48;2;107;210;109m[38;2;132;255;134m▀▀▀▀▀[48;2;126;224;132m▀[48;2;132;255;134m      [48;2;126;224;132m▀[48;2;132;255;134m             [38;2;107;210;109m▀▀      [48;2;107;210;109m[38;2;132;255;134m▀[48;2;132;255;134m            [48;2;107;210;109m▀▀▀▀▀[48;2;84;159;87m[38;2;126;224;132m▀[48;2;0;1;0m [48;2;95;96;82m[38;2;66;67;57m▀[48;2;0;0;0m   [m
[48;2;0;0;0m   [38;2;215;215;215m▀[48;2;215;215;215m[38;2;81;80;77m▀[48;2;89;78;52m[38;2;0;1;0m▀[48;2;0;1;0m   [48;2;118;140;103m▀[48;2;0;1;0m [48;2;107;210;109m [48;2;132;255;134m      [48;2;0;1;0m[38;2;56;100;54m▀[48;2;84;160;87m[38;2;132;255;134m▀[48;2;132;255;134m                   [48;2;56;100;54m[38;2;126;224;132m▀[48;2;0;1;0m[38;2;42;29;27m▀[48;2;132;255;134m            [48;2;56;100;54m [48;2;0;1;0m [48;2;92;95;85m[38;2;0;1;0m▀[48;2;0;1;0m  [48;2;47;41;32m▀[48;2;175;175;174m▀[48;2;0;0;0m[38;2;157;157;156m▀   [m
[48;2;0;0;0m         [48;2;120;141;103m [48;2;0;1;0m [48;2;107;210;109m [48;2;132;255;134m      [48;2;0;1;0m  [48;2;41;88;48m[38;2;107;210;109m▀[48;2;126;224;132m[38;2;132;255;134m▀[48;2;132;255;134m               [48;2;126;224;132m▀[48;2;1;2;1m[38;2;84;160;87m▀[48;2;0;1;0m  [48;2;132;255;134m            [48;2;56;100;54m [48;2;0;1;0m [48;2;120;141;103m [48;2;0;0;0m        [m
[48;2;0;0;0m         [48;2;120;141;103m [48;2;0;1;0m [48;2;107;210;109m [48;2;132;255;134m      [48;2;0;1;0m  [48;2;47;41;34m[38;2;0;1;0m▀[48;2;0;1;0m[38;2;80;149;85m▀[48;2;107;210;109m[38;2;132;255;134m▀[48;2;132;255;134m             [48;2;80;149;85m▀[48;2;0;1;0m[38;2;41;88;48m▀[48;2;82;87;79m[38;2;0;1;0m▀[48;2;0;1;0m  [48;2;132;255;134m            [48;2;56;100;54m [48;2;0;1;0m [48;2;119;140;103m[38;2;120;141;103m▀[48;2;0;0;0m        [m
[48;2;0;0;0m   [48;2;215;215;215m[38;2;0;0;0m▀[48;2;82;87;79m[38;2;215;215;215m▀[48;2;0;1;0m[38;2;89;78;52m▀   [38;2;81;80;77m▀ [48;2;107;210;109m [48;2;132;255;134m      [48;2;0;1;0m  [38;2;118;140;103m▀ [38;2;47;41;34m▀[48;2;56;100;54m[38;2;126;224;132m▀[48;2;132;255;134m          [48;2;126;224;132m[38;2;132;255;134m▀[48;2;1;2;1m[38;2;107;210;109m▀[48;2;0;1;0m  [38;2;92;95;85m▀  [48;2;132;255;134m            [48;2;56;100;54m [48;2;0;1;0m ▀  [38;2;47;41;32m▀[38;2;119;140;103m▀[48;2;118;140;103m[38;2;0;0;0m▀[48;2;0;0;0m   [m
[48;2;0;0;0m   [48;2;78;65;47m[38;2;119;140;103m▀[48;2;0;1;0m[38;2;1;2;1m▀[48;2;80;149;85m[38;2;56;100;54m▀[48;2;132;255;134m[38;2;107;210;109m▀▀▀▀▀[38;2;126;224;132m▀      [38;2;107;210;109m▀▀▀▀▀[48;2;107;210;109m[38;2;80;149;85m▀[48;2;1;2;1m[38;2;84;160;87m▀[48;2;107;210;109m[38;2;132;255;134m▀[48;2;132;255;134m       [48;2;84;160;87m▀[48;2;0;1;0m[38;2;41;88;48m▀[48;2;107;210;109m[38;2;84;159;87m▀[48;2;132;255;134m[38;2;107;210;109m▀▀▀▀▀            ▀▀▀▀▀[38;2;84;160;87m▀[48;2;0;1;0m [38;2;79;86;67m▀[48;2;0;0;0m   [m
[48;2;0;0;0m   [48;2;78;65;47m[38;2;91;86;77m▀[48;2;0;1;0m [48;2;80;149;85m [48;2;132;255;134m                 [48;2;107;210;109m [48;2;0;1;0m [38;2;41;88;48m▀[48;2;80;149;85m[38;2;132;255;134m▀[48;2;132;255;134m  [48;2;126;224;132m▀[48;2;80;149;85m▀[48;2;0;1;0m▀[38;2;84;160;87m▀ [48;2;42;36;29m[38;2;0;1;0m▀[48;2;161;99;90m▀[48;2;184;97;105m▀[48;2;161;99;90m▀[48;2;42;29;27m▀[48;2;0;1;0m[38;2;80;149;85m▀[38;2;107;210;109m▀[38;2;126;224;132m▀[48;2;80;149;85m[38;2;132;255;134m▀[48;2;126;224;132m▀[48;2;132;255;134m               [48;2;0;1;0m  [48;2;0;0;0m   [m
[48;2;0;0;0m   [48;2;175;175;176m[38;2;89;78;52m▀[48;2;0;1;0m [38;2;80;149;85m▀[38;2;132;255;134m▀▀▀▀▀▀▀▀▀▀▀▀▀▀▀▀▀[38;2;107;210;109m▀ [48;2;118;140;103m[38;2;0;1;0m▀[48;2;0;1;0m [38;2;107;210;109m▀▀[48;2;1;2;1m[38;2;0;1;0m▀[48;2;184;97;105m▀[48;2;255;139;140m[38;2;148;58;78m▀[38;2;184;97;105m▀       ▀[38;2;47;41;34m▀[48;2;210;108;108m[38;2;0;1;0m▀[48;2;84;56;46m▀[48;2;0;1;0m[38;2;80;149;85m▀[38;2;132;255;134m▀▀▀▀▀▀▀▀▀▀▀▀▀▀ [48;2;92;95;85m[38;2;47;41;34m▀[48;2;0;0;0m   [m
[48;2;0;0;0m    [38;2;157;157;156m▀[38;2;68;41;56m▀[38;2;0;1;0m▀▀▀▀▀▀▀▀▀▀▀▀▀▀▀▀▀[38;2;47;41;34m▀[38;2;95;96;82m▀[48;2;0;1;0m[38;2;0;0;0m▀[38;2;81;80;77m▀[48;2;148;58;78m[38;2;0;1;0m▀[48;2;255;139;140m[38;2;148;58;78m▀[38;2;210;108;108m▀        [48;2;210;108;108m[38;2;255;139;140m▀▀[48;2;255;139;140m    [38;2;148;58;78m▀[48;2;148;58;78m[38;2;0;1;0m▀[48;2;0;1;0m  [48;2;0;0;0m▀▀▀▀▀▀▀▀▀▀[38;2;42;29;27m▀[38;2;95;96;82m▀[38;2;119;141;103m▀   [m
[48;2;0;0;0m                       [48;2;0;1;0m[38;2;0;0;0m▀ [48;2;148;58;78m[38;2;0;1;0m▀[48;2;255;139;140m[38;2;148;58;78m▀  [48;2;184;97;105m[38;2;255;139;140m▀[48;2;210;108;108m▀[48;2;255;139;140m    [48;2;42;29;27m[38;2;210;108;108m▀[48;2;0;1;0m[38;2;148;58;78m▀[48;2;47;41;34m[38;2;0;1;0m▀[48;2;79;86;67m▀[48;2;86;102;81m▀[48;2;47;41;34m▀[48;2;0;1;0m[38;2;47;41;34m▀[38;2;210;108;108m▀[48;2;210;108;108m[38;2;255;139;140m▀[48;2;255;139;140m [48;2;210;108;108m▀[48;2;156;76;76m[38;2;47;41;34m▀[48;2;0;1;0m  [48;2;0;0;0m               [m
[48;2;0;0;0m                      [48;2;0;1;0m  [48;2;210;108;108m[38;2;42;29;27m▀[48;2;255;139;140m[38;2;254;139;139m▀  [48;2;92;67;57m[38;2;184;97;105m▀[48;2;0;1;0m  [48;2;184;97;105m[38;2;210;108;108m▀[48;2;255;139;140m  [48;2;184;97;105m [48;2;0;1;0m [48;2;87;105;80m[38;2;76;79;60m▀[48;2;119;141;103m    [38;2;115;141;101m▀[48;2;0;1;0m [48;2;1;2;1m[38;2;148;58;78m▀[48;2;184;97;105m[38;2;210;108;108m▀[48;2;0;1;0m    [38;2;0;0;0m▀[48;2;0;0;0m              [m
[48;2;0;0;0m                    [48;2;0;1;0m[38;2;0;0;0m▀ [48;2;148;58;78m[38;2;0;1;0m▀[48;2;255;139;140m[38;2;184;97;105m▀    [48;2;210;108;108m[38;2;148;58;78m▀[48;2;1;2;1m[38;2;0;1;0m▀[48;2;42;29;27m▀[48;2;255;139;140m[38;2;184;97;105m▀  [48;2;161;99;90m▀[48;2;0;1;0m [48;2;87;105;80m [48;2;119;141;103m     [48;2;79;86;67m[38;2;47;41;34m▀[48;2;0;1;0m [48;2;210;108;108m[38;2;184;97;105m▀[48;2;1;2;1m[38;2;0;1;0m▀▀[48;2;210;108;108m[38;2;68;41;56m▀[48;2;0;1;0m  [48;2;0;0;0m              [m
[48;2;0;0;0m                   [48;2;0;1;0m[38;2;0;0;0m▀ [48;2;184;97;105m[38;2;0;1;0m▀[48;2;255;139;140m[38;2;210;108;108m▀           [48;2;47;41;32m[38;2;92;64;54m▀[48;2;0;1;0m [48;2;119;141;103m[38;2;115;141;101m▀    [48;2;113;144;100m▀[48;2;66;67;57m[38;2;79;86;67m▀[48;2;0;1;0m [48;2;255;139;140m    [48;2;184;97;105m[38;2;148;58;78m▀[48;2;0;1;0m [38;2;0;0;0m▀[48;2;0;0;0m             [m
[48;2;0;0;0m                  [48;2;0;1;0m  [48;2;210;108;108m[38;2;148;58;78m▀[48;2;255;139;140m             [48;2;184;97;105m▀[48;2;0;1;0m [48;2;118;140;103m[38;2;115;141;101m▀[48;2;119;141;103m    ▀[48;2;42;36;29m[38;2;79;86;67m▀[48;2;0;1;0m [48;2;255;139;140m    [38;2;254;139;139m▀[48;2;47;41;34m[38;2;0;1;0m▀[48;2;0;1;0m [48;2;0;0;0m             [m
[48;2;0;0;0m                 [48;2;0;1;0m  [48;2;210;108;108m[38;2;148;58;78m▀[48;2;255;139;140m              [48;2;184;97;105m [48;2;0;1;0m [48;2;87;105;80m [48;2;119;141;103m    [48;2;87;105;80m[38;2;119;141;103m▀[48;2;0;1;0m [48;2;184;97;105m[38;2;42;36;29m▀[48;2;255;139;140m     [48;2;184;97;105m [48;2;0;1;0m [48;2;42;26;25m[38;2;0;1;0m▀[48;2;0;0;0m            [m
[48;2;0;0;0m                [48;2;0;1;0m  [48;2;148;58;78m[38;2;1;2;1m▀[48;2;255;139;140m                [48;2;47;41;34m[38;2;0;1;0m▀[48;2;0;1;0m[38;2;47;41;34m▀[48;2;115;141;101m[38;2;119;141;103m▀[48;2;119;141;103m   [48;2;68;41;56m[38;2;87;105;80m▀[48;2;0;1;0m [48;2;255;139;140m[38;2;184;97;105m▀     [38;2;254;139;139m▀[48;2;0;1;0m  [48;2;0;0;0m            [m
[48;2;0;0;0m                [48;2;0;1;0m  [48;2;184;97;105m [48;2;255;139;140m                [38;2;184;97;105m▀[48;2;1;2;1m[38;2;0;1;0m▀[38;2;79;86;67m▀[48;2;115;141;101m[38;2;119;141;103m▀[48;2;119;141;103m [48;2;79;86;67m[38;2;115;141;101m▀[48;2;0;1;0m [48;2;184;97;105m[38;2;47;41;34m▀[48;2;255;139;140m       [48;2;0;1;0m  [48;2;0;0;0m            [m
[48;2;0;0;0m                [48;2;0;1;0m  [48;2;148;58;78m[38;2;184;97;105m▀[48;2;255;139;140m                 [38;2;210;108;108m▀[48;2;148;58;78m[38;2;0;1;0m▀[48;2;0;1;0m[38;2;47;41;34m▀[48;2;42;36;29m[38;2;119;141;103m▀[48;2;0;1;0m[38;2;42;29;27m▀[48;2;184;97;105m[38;2;1;2;1m▀[48;2;255;139;140m       [48;2;210;108;108m[38;2;255;139;140m▀[48;2;0;1;0m  [48;2;0;0;0m            [m
[48;2;0;0;0m                 [48;2;42;26;25m[38;2;0;1;0m▀[48;2;0;1;0m [48;2;184;97;105m[38;2;255;139;140m▀[48;2;255;139;140m                  [48;2;210;108;108m[38;2;1;2;1m▀[48;2;0;1;0m [48;2;148;58;78m[38;2;0;1;0m▀[48;2;255;139;140m[38;2;210;108;108m▀       [48;2;148;58;78m[38;2;184;97;105m▀[48;2;0;1;0m [48;2;0;0;0m[38;2;42;26;25m▀            [m
[48;2;0;0;0m                 [48;2;0;1;0m[38;2;255;139;140m▀ [38;2;1;2;1m▀[48;2;148;58;78m[38;2;255;139;140m▀[48;2;255;139;140m                  [38;2;148;58;78m▀[38;2;210;108;108m▀       [48;2;210;108;108m[38;2;255;139;140m▀[48;2;0;1;0m  [48;2;0;0;0m             [m
[48;2;0;0;0m               [48;2;118;140;103m[38;2;0;0;0m▀[48;2;0;1;0m[38;2;42;36;29m▀[38;2;47;41;34m▀[48;2;210;108;108m[38;2;0;1;0m▀[48;2;255;139;140m[38;2;148;58;78m▀[48;2;148;58;78m[38;2;0;1;0m▀[48;2;0;1;0m[38;2;148;58;78m▀[48;2;148;58;78m[38;2;255;139;140m▀[48;2;255;139;140m                         [48;2;148;58;78m[38;2;184;97;105m▀[48;2;0;1;0m [48;2;0;0;0m[38;2;0;1;0m▀             [m
[48;2;0;0;0m             [48;2;0;1;0m[38;2;0;0;0m▀ [48;2;148;58;78m[38;2;0;1;0m▀[48;2;255;139;140m[38;2;1;2;1m▀[38;2;210;108;108m▀   [38;2;148;58;78m▀[48;2;184;97;105m[38;2;0;1;0m▀[48;2;0;1;0m[38;2;47;41;34m▀[38;2;210;108;108m▀[48;2;148;58;78m[38;2;255;139;140m▀[48;2;184;97;105m▀[48;2;255;139;140m                     [48;2;0;1;0m[38;2;42;26;25m▀[38;2;1;2;1m▀[38;2;0;0;0m▀[48;2;0;0;0m             [m
[48;2;0;0;0m          [48;2;0;1;0m[38;2;0;0;0m▀[38;2;105;78;72m▀ [48;2;210;108;108m[38;2;0;1;0m▀[48;2;255;139;140m[38;2;148;58;78m▀        [38;2;210;108;108m▀[38;2;148;58;78m▀[48;2;210;108;108m[38;2;0;1;0m▀[48;2;184;97;105m▀[48;2;42;36;29m▀[48;2;0;1;0m[38;2;68;41;56m▀[38;2;184;97;105m▀[48;2;184;97;105m[38;2;210;108;108m▀[48;2;255;139;140m                 [48;2;161;99;90m[38;2;42;36;29m▀[48;2;0;1;0m[38;2;1;2;1m▀ [38;2;0;0;0m▀[48;2;0;0;0m            [m
[48;2;0;0;0m       [48;2;0;1;0m[38;2;0;0;0m▀[38;2;42;36;29m▀[38;2;1;2;1m▀[48;2;210;108;108m[38;2;0;1;0m▀[48;2;255;139;140m[38;2;148;58;78m▀[38;2;254;139;139m▀                                   [38;2;210;108;108m▀[38;2;148;58;78m▀[48;2;148;58;78m[38;2;0;1;0m▀[48;2;0;1;0m  [48;2;0;0;0m           [m
[48;2;0;0;0m      [48;2;0;1;0m[38;2;0;0;0m▀ [48;2;148;58;78m[38;2;0;1;0m▀[48;2;255;139;140m[38;2;184;97;105m▀                                         [38;2;148;58;78m▀[48;2;148;58;78m[38;2;0;1;0m▀[48;2;0;1;0m [38;2;0;0;0m▀[48;2;0;0;0m         [m
[48;2;0;0;0m     [48;2;0;1;0m  [48;2;184;97;105m[38;2;0;1;0m▀[48;2;255;139;140m[38;2;210;108;108m▀                                           [38;2;254;139;139m▀[48;2;210;108;108m[38;2;42;29;27m▀[48;2;0;1;0m  [48;2;0;0;0m        [m
[48;2;0;0;0m     [48;2;0;1;0m [48;2;1;2;1m[38;2;0;1;0m▀[48;2;255;139;140m                                               [48;2;184;97;105m[38;2;148;58;78m▀[48;2;0;1;0m [38;2;0;0;0m▀[48;2;0;0;0m       [m
[48;2;0;0;0m     [48;2;0;1;0m [38;2;1;2;1m▀[38;2;184;97;105m▀▀▀▀▀▀▀▀▀▀▀▀▀▀▀▀▀▀▀▀▀▀▀▀▀▀▀▀▀▀▀▀▀▀▀▀▀▀▀▀▀▀▀▀▀▀▀[38;2;148;58;78m▀  [48;2;0;0;0m       [m
