[48;2;0;0;0m                                                                [m
[48;2;0;0;0m         [48;2;161;161;161m[38;2;0;0;0m▀[48;2;75;90;62m▀[48;2;30;48;38m▀[48;2;0;1;0m▀▀▀▀▀▀▀▀▀▀▀▀▀▀▀▀▀▀▀▀▀▀▀▀▀▀▀▀▀▀▀▀▀▀▀▀▀▀▀[48;2;1;2;1m▀[48;2;92;95;85m▀[48;2;120;141;103m▀[48;2;0;0;0m          [m
[48;2;0;0;0m         [48;2;95;96;82m[38;2;81;101;95m▀[48;2;0;1;0m [48;2;111;148;206m[38;2;0;1;0m▀[48;2;137;182;253m▀▀▀▀▀▀▀▀▀▀▀▀▀▀▀▀▀▀▀▀▀▀▀▀▀▀▀▀▀▀▀▀▀▀▀▀▀▀▀▀[48;2;0;1;0m [48;2;30;48;38m[38;2;95;96;82m▀[48;2;0;0;0m          [m
[48;2;0;0;0m         [48;2;95;96;82m [48;2;0;1;0m [48;2;111;148;206m [48;2;137;182;253m                                        [48;2;0;1;0m  [48;2;0;0;0m          [m
[48;2;0;0;0m         [48;2;118;140;103m[38;2;95;96;82m▀[48;2;0;1;0m [48;2;90;106;148m[38;2;111;148;206m▀[48;2;100;131;178m[38;2;137;182;253m▀▀▀▀▀[48;2;137;182;253m            [48;2;111;148;206m▀[48;2;107;148;199m▀▀▀▀▀▀▀▀▀▀▀▀▀[48;2;137;182;253m         [48;2;0;1;0m  [48;2;0;0;0m          [m
[48;2;0;0;0m         [38;2;119;140;103m▀[48;2;119;140;103m[38;2;0;1;0m▀[48;2;90;106;148m▀[48;2;0;1;0m     [48;2;137;182;253m            [48;2;107;148;199m[38;2;100;131;178m▀[48;2;58;68;99m[38;2;0;1;0m▀▀▀▀▀▀▀[48;2;47;63;80m▀[48;2;0;1;0m [48;2;87;91;83m▀[48;2;118;140;103m▀[48;2;35;52;42m▀[48;2;0;1;0m [48;2;137;182;253m         [48;2;0;1;0m  [48;2;0;0;0m          [m
[48;2;0;0;0m               [48;2;0;1;0m  [48;2;137;182;253m                    [48;2;100;131;178m [48;2;0;1;0m  [48;2;0;0;0m [48;2;118;140;103m[38;2;92;95;85m▀[48;2;0;1;0m [38;2;100;131;178m▀[38;2;107;148;199m▀▀▀▀▀▀▀▀ [48;2;35;52;42m[38;2;1;2;1m▀[48;2;87;105;80m[38;2;0;0;0m▀[48;2;0;0;0m         [m
[48;2;0;0;0m               [48;2;0;1;0m  [48;2;137;182;253m                    [48;2;100;131;178m [48;2;0;1;0m  [48;2;0;0;0m [48;2;41;36;30m[38;2;157;157;156m▀[48;2;0;1;0m [48;2;100;131;178m[38;2;0;1;0m▀[48;2;137;182;253m▀▀▀▀▀▀▀▀▀[48;2;0;1;0m [38;2;85;97;91m▀[48;2;0;0;0m         [m
[48;2;0;0;0m         [48;2;107;148;199m[38;2;0;0;0m▀[48;2;65;75;57m[38;2;161;161;161m▀[48;2;0;1;0m[38;2;115;141;101m▀[38;2;74;86;69m▀▀▀  [48;2;137;182;253m            [48;2;100;131;178m [48;2;0;1;0m         ▀[38;2;52;77;73m▀[38;2;33;46;44m▀ [48;2;100;131;178m [48;2;137;182;253m         [48;2;0;1;0m  [48;2;0;0;0m         [m
[48;2;0;0;0m         [48;2;95;96;82m[38;2;90;106;148m▀[48;2;0;1;0m [48;2;111;148;206m[38;2;81;101;95m▀[48;2;137;182;253m[38;2;90;106;148m▀▀▀▀▀            [38;2;111;148;206m▀[38;2;90;106;148m▀▀▀▀▀▀▀▀▀▀▀▀▀[38;2;111;148;206m▀         [48;2;0;1;0m  [48;2;0;0;0m         [m
[48;2;0;0;0m         [48;2;95;96;82m [48;2;0;1;0m [48;2;111;148;206m [48;2;137;182;253m       [48;2;111;148;206m[38;2;137;182;253m▀[48;2;100;131;178m▀▀▀▀[48;2;111;148;206m▀[48;2;137;182;253m                            [48;2;0;1;0m  [48;2;0;0;0m         [m
[48;2;0;0;0m         [48;2;81;101;95m[38;2;95;96;82m▀[48;2;0;1;0m [38;2;111;148;206m▀[38;2;137;182;253m▀▀▀▀[38;2;111;148;206m▀[38;2;90;106;148m▀[48;2;30;48;38m[38;2;0;1;0m▀[48;2;107;210;109m▀▀▀▀▀▀[48;2;41;36;30m▀[48;2;0;1;0m[38;2;90;106;148m▀[38;2;111;148;206m▀[38;2;137;182;253m▀▀▀▀▀▀▀▀▀▀▀▀▀▀▀▀▀▀▀▀▀▀▀▀▀ [48;2;118;140;103m[38;2;1;2;1m▀[48;2;0;0;0m         [m
[48;2;0;0;0m         [38;2;161;161;161m▀[38;2;75;90;62m▀[38;2;30;48;38m▀[48;2;0;1;0m  [48;2;1;2;1m[38;2;0;1;0m▀[48;2;107;210;109m▀[48;2;132;255;134m[38;2;80;149;85m▀[38;2;126;224;132m▀        ▀[38;2;80;149;85m▀[48;2;126;224;132m[38;2;0;1;0m▀[48;2;41;88;48m▀[48;2;0;1;0m  [48;2;0;0;0m▀▀▀▀▀▀▀▀▀▀▀▀▀▀▀▀▀▀▀▀[38;2;1;2;1m▀[38;2;92;95;85m▀[38;2;120;141;103m▀         [m
[48;2;0;0;0m          [48;2;0;1;0m[38;2;0;0;0m▀ [48;2;80;149;85m[38;2;0;1;0m▀[48;2;132;255;134m[38;2;41;88;48m▀[38;2;126;224;132m▀       [48;2;126;224;132m[38;2;132;255;134m▀[48;2;107;210;109m▀▀▀▀[48;2;132;255;134m   [38;2;80;149;85m▀[48;2;80;149;85m[38;2;0;1;0m▀[48;2;0;1;0m [38;2;0;0;0m▀[48;2;0;0;0m                              [m
[48;2;0;0;0m        [48;2;0;1;0m[38;2;0;0;0m▀ [48;2;1;2;1m[38;2;0;1;0m▀[48;2;126;224;132m[38;2;80;149;85m▀[48;2;132;255;134m  [48;2;126;224;132m[38;2;132;255;134m▀[48;2;66;67;57m▀[48;2;126;224;132m▀[48;2;132;255;134m   [48;2;80;149;85m▀[48;2;0;1;0m[38;2;80;149;85m▀[48;2;35;52;42m[38;2;0;1;0m▀[48;2;87;105;80m▀[48;2;115;141;101m▀[48;2;87;105;80m▀[48;2;75;90;62m▀[48;2;0;1;0m[38;2;1;2;1m▀[48;2;1;2;1m[38;2;126;224;132m▀[48;2;132;255;134m [48;2;126;224;132m[38;2;132;255;134m▀[48;2;66;67;57m[38;2;126;224;132m▀[48;2;41;88;48m[38;2;0;1;0m▀[48;2;0;1;0m [38;2;0;0;0m▀[48;2;0;0;0m                             [m
[48;2;0;0;0m       [48;2;0;1;0m[38;2;0;0;0m▀ [48;2;80;149;85m[38;2;0;1;0m▀[48;2;132;255;134m[38;2;107;210;109m▀  [48;2;107;210;109m[38;2;132;255;134m▀[48;2;0;1;0m[38;2;1;2;1m▀ [38;2;30;48;38m▀[48;2;132;255;134m   [48;2;1;2;1m [48;2;34;48;45m▀[48;2;120;141;103m[38;2;115;141;101m▀ [48;2;115;141;101m [48;2;120;141;103m  [48;2;87;105;80m [48;2;0;1;0m [48;2;107;210;109m [48;2;1;2;1m [48;2;0;1;0m  [48;2;30;48;38m[38;2;0;1;0m▀[48;2;0;1;0m [48;2;0;0;0m                             [m
[48;2;0;0;0m      [48;2;0;1;0m[38;2;0;0;0m▀ [48;2;80;149;85m[38;2;0;1;0m▀[48;2;132;255;134m[38;2;126;224;132m▀    [48;2;126;224;132m[38;2;1;2;1m▀[48;2;107;210;109m[38;2;0;1;0m▀[48;2;126;224;132m[38;2;30;48;38m▀[48;2;132;255;134m   [48;2;1;2;1m [48;2;66;67;57m [48;2;120;141;103m   [48;2;115;141;101m [48;2;120;141;103m [48;2;115;141;101m [48;2;0;1;0m [48;2;34;48;45m[38;2;80;149;85m▀[48;2;126;224;132m[38;2;1;2;1m▀[48;2;107;210;109m[38;2;0;1;0m▀[48;2;126;224;132m[38;2;30;48;38m▀[38;2;80;149;85m▀[48;2;1;2;1m[38;2;0;1;0m▀[48;2;0;1;0m [48;2;0;0;0m                            [m
[48;2;0;0;0m      [48;2;0;1;0m [48;2;30;48;38m[38;2;0;1;0m▀[48;2;132;255;134m[38;2;126;224;132m▀          [48;2;107;210;109m▀[48;2;0;1;0m[38;2;1;2;1m▀[48;2;65;75;57m [48;2;120;141;103m  [38;2;115;141;101m▀ [48;2;115;141;101m[38;2;120;141;103m▀[48;2;120;141;103m[38;2;115;141;101m▀[48;2;0;1;0m [48;2;107;210;109m[38;2;65;75;57m▀[48;2;132;255;134m    [48;2;126;224;132m[38;2;80;149;85m▀[48;2;0;1;0m  [48;2;0;0;0m                           [m
[48;2;0;0;0m     [48;2;0;1;0m  [48;2;132;255;134m[38;2;107;210;109m▀            [48;2;0;1;0m [48;2;30;48;38m[38;2;34;48;45m▀[48;2;120;141;103m   [48;2;115;141;101m [48;2;120;141;103m [48;2;87;105;80m [48;2;0;1;0m [48;2;107;210;109m [48;2;132;255;134m     [38;2;107;210;109m▀[48;2;80;149;85m[38;2;0;1;0m▀[48;2;0;1;0m [38;2;0;0;0m▀[48;2;0;0;0m                         [m
[48;2;0;0;0m    [48;2;0;1;0m[38;2;0;0;0m▀ [48;2;107;210;109m[38;2;41;36;30m▀[48;2;132;255;134m             [48;2;80;149;85m[38;2;30;48;38m▀[48;2;0;1;0m [48;2;87;105;80m[38;2;120;141;103m▀[48;2;120;141;103m [38;2;115;141;101m▀  [48;2;30;48;38m[38;2;86;102;81m▀[48;2;0;1;0m [48;2;132;255;134m[38;2;107;210;109m▀      [38;2;126;224;132m▀[48;2;107;210;109m[38;2;1;2;1m▀[48;2;0;1;0m▀[38;2;0;0;0m▀[48;2;0;0;0m                        [m
[48;2;0;0;0m    [48;2;0;1;0m  [48;2;107;210;109m [48;2;132;255;134m             [38;2;107;210;109m▀[48;2;0;1;0m [48;2;30;48;38m[38;2;75;90;62m▀[48;2;120;141;103m  [38;2;115;141;101m▀[48;2;87;105;80m▀[48;2;0;1;0m [48;2;107;210;109m[38;2;30;48;38m▀[48;2;132;255;134m         [48;2;107;210;109m[38;2;41;88;48m▀[48;2;0;1;0m [38;2;0;0;0m▀[48;2;0;0;0m                       [m
[48;2;0;0;0m    [48;2;0;1;0m  [48;2;132;255;134m[38;2;126;224;132m▀              [48;2;126;224;132m[38;2;80;149;85m▀[48;2;0;1;0m [48;2;30;48;38m[38;2;87;105;80m▀[48;2;120;141;103m [48;2;115;141;101m[38;2;120;141;103m▀[48;2;0;1;0m[38;2;65;75;57m▀[48;2;35;52;42m[38;2;0;1;0m▀[48;2;132;255;134m[38;2;107;210;109m▀         ▀[48;2;0;1;0m  [48;2;0;0;0m                       [m
[48;2;0;0;0m    [48;2;0;1;0m  [48;2;107;210;109m [48;2;132;255;134m               [38;2;80;149;85m▀[48;2;41;88;48m[38;2;0;1;0m▀[48;2;0;1;0m[38;2;65;75;57m▀[38;2;82;91;71m▀[48;2;30;48;38m[38;2;0;1;0m▀[48;2;132;255;134m[38;2;107;210;109m▀          [48;2;126;224;132m[38;2;132;255;134m▀[48;2;0;1;0m  [48;2;0;0;0m                       [m
[48;2;0;0;0m    [38;2;0;1;0m▀[48;2;0;1;0m [48;2;30;48;38m[38;2;107;210;109m▀[48;2;132;255;134m                [38;2;126;224;132m▀[48;2;107;210;109m[38;2;0;1;0m▀[48;2;0;1;0m [48;2;126;224;132m[38;2;107;210;109m▀[48;2;132;255;134m           [48;2;107;210;109m [48;2;0;1;0m  [48;2;0;0;0m                       [m
[48;2;0;0;0m     [48;2;0;1;0m  [48;2;80;149;85m[38;2;126;224;132m▀[48;2;132;255;134m                 [38;2;107;210;109m▀            [48;2;41;88;48m[38;2;65;75;57m▀[48;2;0;1;0m [48;2;0;0;0m                        [m
[48;2;0;0;0m      [48;2;0;1;0m  [38;2;80;149;85m▀[48;2;35;52;42m[38;2;126;224;132m▀[48;2;126;224;132m[38;2;132;255;134m▀[48;2;132;255;134m                           [48;2;126;224;132m[38;2;80;149;85m▀[48;2;107;210;109m[38;2;0;1;0m▀▀[48;2;0;1;0m   [38;2;0;0;0m▀▀[48;2;0;0;0m                  [m
[48;2;0;0;0m     [48;2;0;1;0m[38;2;0;0;0m▀ [48;2;1;2;1m[38;2;0;1;0m▀[48;2;132;255;134m[38;2;80;149;85m▀[48;2;126;224;132m[38;2;1;2;1m▀[48;2;1;2;1m[38;2;0;1;0m▀[48;2;0;1;0m[38;2;107;210;109m▀[48;2;65;75;57m[38;2;132;255;134m▀[48;2;126;224;132m▀[48;2;132;255;134m                            [38;2;126;224;132m▀[38;2;107;210;109m▀[48;2;126;224;132m[38;2;0;1;0m▀[48;2;107;210;109m▀[48;2;0;1;0m  [38;2;0;0;0m▀▀▀[48;2;0;0;0m             [m
[48;2;0;0;0m     [48;2;0;1;0m  [48;2;132;255;134m[38;2;107;210;109m▀  [38;2;126;224;132m▀[38;2;80;149;85m▀[48;2;126;224;132m[38;2;0;1;0m▀[48;2;80;149;85m▀[48;2;0;1;0m[38;2;80;149;85m▀[38;2;107;210;109m▀[38;2;132;255;134m▀[48;2;80;149;85m▀[48;2;107;210;109m▀[48;2;132;255;134m                            [38;2;107;210;109m▀[38;2;30;48;38m▀[48;2;126;224;132m[38;2;0;1;0m▀[48;2;80;149;85m▀[48;2;0;1;0m  [38;2;0;0;0m▀[48;2;0;0;0m          [m
[48;2;0;0;0m     [48;2;0;1;0m [48;2;107;210;109m[38;2;80;149;85m▀[48;2;132;255;134m       [38;2;126;224;132m▀[38;2;107;210;109m▀[38;2;30;48;38m▀[48;2;126;224;132m[38;2;0;1;0m▀[48;2;107;210;109m▀[38;2;35;52;42m▀[48;2;132;255;134m                               [38;2;126;224;132m▀[38;2;1;2;1m▀[48;2;80;149;85m[38;2;0;1;0m▀[48;2;0;1;0m  [38;2;0;0;0m▀[48;2;0;0;0m       [m
[48;2;0;0;0m     [48;2;0;1;0m [48;2;107;210;109m [48;2;132;255;134m                                                [38;2;0;1;0m▀[48;2;80;149;85m▀[48;2;0;1;0m [38;2;0;0;0m▀[48;2;0;0;0m     [m
[48;2;0;0;0m     [48;2;0;1;0m [48;2;107;210;109m [48;2;132;255;134m                                                  [38;2;80;149;85m▀[48;2;80;149;85m[38;2;0;1;0m▀[48;2;0;1;0m [38;2;0;0;0m▀[48;2;0;0;0m   [m
[48;2;0;0;0m     [48;2;0;1;0m [38;2;30;48;38m▀[38;2;107;210;109m▀▀▀▀▀▀▀▀▀▀▀▀▀▀▀▀▀▀▀▀▀▀▀▀▀▀▀▀▀▀▀▀▀▀▀▀▀▀▀▀▀▀▀▀▀▀▀▀▀▀▀▀   [38;2;0;0;0m▀[48;2;0;0;0m [m
