[48;2;0;0;0m                                                                [m
[48;2;0;0;0m                                                                [m
[48;2;0;0;0m                                                                [m
[48;2;0;0;0m                                                                [m
[48;2;0;0;0m                                                                [m
[48;2;0;0;0m                                                                [m
[48;2;0;0;0m                                                                [m
[48;2;0;0;0m                                                                [m
[48;2;0;0;0m                                                                [m
[48;2;0;0;0m                                                                [m
[48;2;0;0;0m                                                                [m
[48;2;0;0;0m                                                                [m
[48;2;0;0;0m                                                                [m
[48;2;0;0;0m                     [48;2;1;2;1m[38;2;0;0;0m▀▀▀     ▀▀▀[48;2;0;0;0m                                [m
[48;2;0;0;0m                  [48;2;1;2;1m[38;2;0;0;0m▀  [48;2;134;85;157m[38;2;1;2;1m▀[48;2;178;113;209m▀[48;2;217;138;255m[38;2;81;52;96m▀[38;2;178;113;209m▀▀▀▀▀[38;2;81;52;96m▀[38;2;1;2;1m▀[48;2;178;113;209m▀[48;2;1;2;1m  [38;2;0;0;0m▀▀[48;2;0;0;0m                            [m
[48;2;0;0;0m               [48;2;1;2;1m[38;2;0;0;0m▀  [48;2;134;85;157m[38;2;1;2;1m▀[48;2;217;138;255m[38;2;134;85;157m▀[38;2;178;113;209m▀            [38;2;134;85;157m▀[48;2;178;113;209m[38;2;1;2;1m▀[48;2;1;2;1m  [38;2;0;0;0m▀[48;2;0;0;0m                          [m
[48;2;0;0;0m              [48;2;1;2;1m[38;2;0;0;0m▀ [48;2;134;85;157m[38;2;1;2;1m▀[48;2;217;138;255m[38;2;134;85;157m▀          [48;2;178;113;209m[38;2;217;138;255m▀▀▀[48;2;217;138;255m    [38;2;178;113;209m▀[48;2;134;85;157m[38;2;1;2;1m▀[48;2;1;2;1m [38;2;0;0;0m▀[48;2;0;0;0m                         [m
[48;2;0;0;0m             [48;2;1;2;1m  [48;2;217;138;255m[38;2;134;85;157m▀   [48;2;178;113;209m[38;2;217;138;255m▀▀[48;2;217;138;255m    [48;2;134;85;157m▀[48;2;1;2;1m[38;2;134;85;157m▀ [48;2;77;74;51m[38;2;1;2;1m▀[48;2;87;102;78m▀▀[48;2;40;30;40m▀[48;2;1;2;1m[38;2;134;85;157m▀[48;2;134;85;157m[38;2;178;113;209m▀[48;2;217;138;255m [48;2;178;113;209m[38;2;217;138;255m▀▀[48;2;134;85;157m[38;2;1;2;1m▀[48;2;1;2;1m [38;2;0;0;0m▀[48;2;0;0;0m                        [m
[48;2;0;0;0m            [48;2;1;2;1m [48;2;40;30;40m[38;2;1;2;1m▀[48;2;217;138;255m[38;2;178;113;209m▀   [48;2;178;113;209m[38;2;217;138;255m▀[48;2;1;2;1m  [38;2;134;85;157m▀[48;2;217;138;255m   [48;2;1;2;1m [48;2;77;74;51m[38;2;1;2;1m▀[48;2;119;140;103m     [48;2;87;102;78m[38;2;77;74;51m▀[48;2;1;2;1m [48;2;134;85;157m[38;2;178;113;209m▀[48;2;1;2;1m[38;2;40;30;40m▀    [48;2;0;0;0m                        [m
[48;2;0;0;0m           [48;2;1;2;1m  [48;2;217;138;255m[38;2;178;113;209m▀     [48;2;134;85;157m[38;2;1;2;1m▀[48;2;1;2;1m [48;2;178;113;209m[38;2;40;30;40m▀[48;2;217;138;255m  [48;2;178;113;209m[38;2;217;138;255m▀[48;2;1;2;1m [48;2;77;74;51m [48;2;119;140;103m     [38;2;87;102;78m▀[48;2;1;2;1m [48;2;134;85;157m [38;2;1;2;1m▀[48;2;40;30;40m▀[48;2;178;113;209m▀[38;2;134;85;157m▀[48;2;1;2;1m  [48;2;0;0;0m                       [m
[48;2;0;0;0m          [48;2;1;2;1m  [48;2;178;113;209m[38;2;134;85;157m▀[48;2;217;138;255m           [48;2;178;113;209m [48;2;1;2;1m [48;2;87;102;78m[38;2;77;74;51m▀[48;2;119;140;103m      [48;2;1;2;1m [48;2;178;113;209m [48;2;217;138;255m    [38;2;134;85;157m▀[48;2;40;30;40m[38;2;1;2;1m▀[48;2;1;2;1m [38;2;0;0;0m▀[48;2;0;0;0m                     [m
[48;2;0;0;0m          [48;2;1;2;1m [48;2;134;85;157m[38;2;1;2;1m▀[48;2;217;138;255m            [38;2;178;113;209m▀[48;2;1;2;1m [48;2;40;30;40m[38;2;77;74;51m▀[48;2;119;140;103m     [48;2;87;102;78m [48;2;1;2;1m [48;2;178;113;209m [48;2;217;138;255m     [38;2;178;113;209m▀[48;2;134;85;157m[38;2;1;2;1m▀[48;2;1;2;1m [38;2;0;0;0m▀[48;2;0;0;0m                    [m
[48;2;0;0;0m         [48;2;1;2;1m  [48;2;178;113;209m [48;2;217;138;255m             [48;2;40;30;40m[38;2;1;2;1m▀[48;2;1;2;1m[38;2;40;30;40m▀[48;2;119;140;103m     [48;2;40;30;40m[38;2;77;74;51m▀[48;2;1;2;1m [48;2;217;138;255m[38;2;178;113;209m▀       [48;2;178;113;209m[38;2;40;30;40m▀[48;2;1;2;1m [38;2;0;0;0m▀[48;2;0;0;0m                   [m
[48;2;0;0;0m         [48;2;1;2;1m  [48;2;217;138;255m              [48;2;178;113;209m [48;2;1;2;1m [48;2;77;74;51m[38;2;87;102;78m▀[48;2;119;140;103m   [48;2;87;102;78m[38;2;119;140;103m▀[48;2;1;2;1m [48;2;178;113;209m[38;2;40;30;40m▀[48;2;217;138;255m         [48;2;134;85;157m[38;2;1;2;1m▀[48;2;1;2;1m [48;2;0;0;0m                   [m
[48;2;0;0;0m         [48;2;1;2;1m  [48;2;178;113;209m[38;2;217;138;255m▀[48;2;217;138;255m              [48;2;178;113;209m[38;2;40;30;40m▀[48;2;1;2;1m [48;2;77;74;51m[38;2;119;140;103m▀[48;2;119;140;103m  [48;2;1;2;1m[38;2;77;74;51m▀[48;2;40;30;40m[38;2;1;2;1m▀[48;2;217;138;255m[38;2;178;113;209m▀         [48;2;178;113;209m [48;2;1;2;1m  [48;2;0;0;0m                  [m
[48;2;0;0;0m         [38;2;1;2;1m▀[48;2;1;2;1m [38;2;134;85;157m▀[48;2;178;113;209m[38;2;217;138;255m▀[48;2;217;138;255m              [48;2;178;113;209m[38;2;134;85;157m▀[48;2;1;2;1m [38;2;87;102;78m▀▀ [48;2;217;138;255m[38;2;178;113;209m▀          [48;2;1;2;1m[38;2;134;85;157m▀ [48;2;0;0;0m[38;2;1;2;1m▀                  [m
[48;2;0;0;0m       [48;2;1;2;1m[38;2;0;0;0m▀    [38;2;134;85;157m▀[48;2;178;113;209m[38;2;217;138;255m▀[48;2;217;138;255m              [38;2;178;113;209m▀[48;2;134;85;157m[38;2;1;2;1m▀[48;2;1;2;1m [48;2;178;113;209m[38;2;134;85;157m▀[48;2;217;138;255m           [48;2;81;52;96m[38;2;40;30;40m▀[48;2;1;2;1m [48;2;0;0;0m                   [m
[48;2;0;0;0m     [48;2;1;2;1m[38;2;0;0;0m▀ [48;2;134;85;157m[38;2;1;2;1m▀[48;2;217;138;255m[38;2;134;85;157m▀  [38;2;178;113;209m▀[48;2;178;113;209m[38;2;1;2;1m▀[48;2;1;2;1m[38;2;40;30;40m▀[48;2;134;85;157m[38;2;217;138;255m▀[48;2;217;138;255m               [38;2;134;85;157m▀           [48;2;178;113;209m [48;2;1;2;1m [48;2;87;102;78m[38;2;1;2;1m▀[48;2;0;0;0m                   [m
[48;2;0;0;0m    [48;2;1;2;1m  [48;2;134;85;157m[38;2;1;2;1m▀[48;2;217;138;255m      [38;2;134;85;157m▀[48;2;134;85;157m[38;2;1;2;1m▀[48;2;1;2;1m[38;2;134;85;157m▀[48;2;134;85;157m[38;2;217;138;255m▀[48;2;217;138;255m                         [48;2;178;113;209m [48;2;1;2;1m [38;2;40;30;40m▀[48;2;0;0;0m                   [m
[48;2;0;0;0m   [48;2;1;2;1m[38;2;0;0;0m▀ [48;2;81;52;96m[38;2;1;2;1m▀[48;2;217;138;255m         [38;2;134;85;157m▀[48;2;178;113;209m[38;2;1;2;1m▀[48;2;1;2;1m[38;2;40;30;40m▀[38;2;178;113;209m▀[48;2;134;85;157m[38;2;217;138;255m▀[48;2;178;113;209m▀[48;2;217;138;255m                      [48;2;178;113;209m[38;2;1;2;1m▀[48;2;1;2;1m[38;2;40;30;40m▀ [48;2;0;0;0m                  [m
[48;2;0;0;0m   [48;2;1;2;1m  [48;2;178;113;209m [48;2;217;138;255m           [38;2;178;113;209m▀[38;2;134;85;157m▀[48;2;178;113;209m[38;2;1;2;1m▀▀[48;2;1;2;1m[38;2;40;30;40m▀[38;2;178;113;209m▀▀[38;2;217;138;255m▀[48;2;217;138;255m                   [38;2;134;85;157m▀[48;2;40;30;40m[38;2;1;2;1m▀[48;2;1;2;1m [38;2;0;0;0m▀[48;2;0;0;0m                [m
[48;2;0;0;0m   [48;2;1;2;1m  [38;2;134;85;157m▀[38;2;178;113;209m▀▀▀▀▀▀▀▀▀▀▀▀▀▀▀▀[38;2;134;85;157m▀ ▀[38;2;178;113;209m▀▀▀▀▀▀▀▀▀▀▀▀▀▀▀▀▀▀▀▀[38;2;134;85;157m▀  [38;2;0;0;0m▀[48;2;0;0;0m               [m
