[48;2;0;0;0m                                                                [m
[48;2;0;0;0m        [48;2;88;71;84m[38;2;0;0;0m▀▀[48;2;0;1;0m▀▀▀▀▀▀▀▀▀▀▀▀▀▀▀▀▀▀▀▀▀▀▀▀▀▀▀[48;2;43;35;42m▀[48;2;88;71;84m▀[48;2;120;141;103m▀[48;2;135;82;143m▀[48;2;120;141;103m▀[48;2;211;130;235m▀[48;2;0;0;0m                     [m
[48;2;0;0;0m        [48;2;0;1;0m[38;2;88;71;84m▀ [48;2;255;107;184m[38;2;0;1;0m▀▀▀▀▀▀▀▀▀▀▀▀▀▀▀▀▀▀▀▀▀▀▀▀▀▀▀▀[48;2;210;86;151m▀▀▀[48;2;148;60;103m▀[48;2;43;35;42m▀[48;2;0;1;0m[38;2;43;35;42m▀[38;2;135;82;143m▀[38;2;120;141;103m▀[48;2;43;35;42m[38;2;255;138;252m▀[48;2;120;141;103m[38;2;0;0;0m▀[48;2;161;161;160m▀[48;2;0;0;0m               [m
[48;2;0;0;0m        [48;2;0;1;0m  [48;2;255;107;184m                                 [38;2;210;86;151m▀▀[38;2;88;71;84m▀[48;2;210;86;151m[38;2;0;1;0m▀[48;2;148;60;103m▀[48;2;43;35;42m▀[48;2;0;1;0m[38;2;135;82;143m▀[38;2;120;141;103m▀[48;2;120;141;103m[38;2;0;0;0m▀[48;2;0;0;0m            [m
[48;2;0;0;0m        [48;2;88;71;84m[38;2;0;1;0m▀[48;2;0;1;0m [48;2;88;71;84m[38;2;255;107;184m▀▀▀▀▀[48;2;148;60;103m▀[48;2;255;107;184m            [48;2;88;71;84m▀▀▀▀▀▀[48;2;148;60;103m▀[48;2;210;86;151m▀[48;2;255;107;184m             [38;2;148;60;103m▀[48;2;210;86;151m[38;2;0;1;0m▀[48;2;43;35;42m▀[48;2;0;1;0m[38;2;88;71;84m▀[48;2;120;141;103m[38;2;0;0;0m▀[48;2;0;0;0m          [m
[48;2;0;0;0m        [38;2;120;141;103m▀[48;2;161;161;160m[38;2;0;1;0m▀▀▀▀[48;2;120;141;103m▀[48;2;0;1;0m [48;2;88;71;84m [48;2;255;107;184m            [48;2;0;1;0m  [48;2;120;141;103m▀[48;2;161;161;160m▀▀▀[48;2;120;141;103m▀[48;2;43;35;42m▀[48;2;0;1;0m[38;2;43;35;42m▀[38;2;210;86;151m▀[48;2;210;86;151m[38;2;255;107;184m▀[48;2;255;107;184m            [38;2;210;86;151m▀[48;2;148;60;103m[38;2;0;1;0m▀[48;2;0;1;0m [48;2;88;71;84m[38;2;161;161;160m▀[48;2;0;0;0m         [m
[48;2;0;0;0m             [48;2;161;161;160m [48;2;0;1;0m [48;2;88;71;84m [48;2;255;107;184m            [48;2;0;1;0m  [48;2;0;0;0m      [38;2;120;141;103m▀[48;2;88;71;84m[38;2;0;1;0m▀[48;2;0;1;0m[38;2;43;35;42m▀[48;2;210;86;151m[38;2;255;107;184m▀[48;2;255;107;184m            [38;2;210;86;151m▀[48;2;0;1;0m [38;2;88;71;84m▀[48;2;0;0;0m         [m
[48;2;0;0;0m             [48;2;161;161;160m [48;2;0;1;0m [48;2;88;71;84m [48;2;255;107;184m            [48;2;0;1;0m  [48;2;0;0;0m     [48;2;255;138;252m[38;2;0;0;0m▀[48;2;120;141;103m▀[48;2;0;1;0m[38;2;88;71;84m▀[48;2;43;35;42m[38;2;0;1;0m▀[48;2;255;107;184m[38;2;210;86;151m▀            [48;2;210;86;151m[38;2;255;107;184m▀[48;2;0;1;0m [48;2;88;71;84m[38;2;0;1;0m▀[48;2;0;0;0m         [m
[48;2;0;0;0m        [48;2;210;86;151m[38;2;0;0;0m▀[48;2;43;35;42m[38;2;211;130;235m▀[48;2;0;1;0m[38;2;161;161;160m▀▀▀▀ [48;2;88;71;84m [48;2;255;107;184m            [48;2;0;1;0m  ▀▀▀[38;2;120;141;103m▀[38;2;88;71;84m▀[38;2;43;35;42m▀[48;2;43;35;42m[38;2;0;1;0m▀[48;2;210;86;151m▀[48;2;255;107;184m[38;2;210;86;151m▀             [48;2;43;35;42m[38;2;148;60;103m▀[48;2;0;1;0m [48;2;161;161;160m[38;2;88;71;84m▀[48;2;0;0;0m         [m
[48;2;0;0;0m        [48;2;0;1;0m[38;2;43;35;42m▀ [48;2;255;107;184m[38;2;88;71;84m▀▀▀▀▀[38;2;148;60;103m▀            [38;2;88;71;84m▀▀▀▀▀[38;2;148;60;103m▀[38;2;210;86;151m▀▀             [48;2;210;86;151m[38;2;255;107;184m▀[48;2;88;71;84m▀[48;2;0;1;0m[38;2;43;35;42m▀[48;2;88;71;84m[38;2;0;1;0m▀[48;2;161;161;160m[38;2;88;71;84m▀[48;2;0;0;0m          [m
[48;2;0;0;0m        [48;2;0;1;0m  [48;2;255;107;184m                                  [48;2;210;86;151m[38;2;255;107;184m▀▀[48;2;88;71;84m▀[48;2;0;1;0m[38;2;210;86;151m▀[38;2;148;60;103m▀[48;2;43;35;42m[38;2;0;1;0m▀[48;2;120;141;103m▀[48;2;0;0;0m[38;2;88;71;84m▀[38;2;161;161;160m▀           [m
[48;2;0;0;0m        [48;2;88;71;84m[38;2;0;1;0m▀[48;2;0;1;0m [38;2;255;107;184m▀▀▀▀▀▀▀▀▀▀▀▀▀▀▀▀▀▀▀▀▀▀▀▀▀▀▀▀[38;2;210;86;151m▀▀▀[38;2;148;60;103m▀[38;2;88;71;84m▀[38;2;43;35;42m▀[48;2;43;35;42m[38;2;0;1;0m▀[48;2;88;71;84m▀[48;2;161;161;160m▀[48;2;255;138;252m[38;2;43;35;42m▀[48;2;0;0;0m[38;2;88;71;84m▀[38;2;161;161;160m▀              [m
[48;2;0;0;0m        [38;2;120;141;103m▀[38;2;88;71;84m▀[38;2;0;1;0m▀▀▀▀▀▀▀▀▀▀▀▀▀▀▀▀▀▀▀▀▀▀▀▀▀▀▀[38;2;43;35;42m▀[38;2;88;71;84m▀▀[38;2;135;82;143m▀[38;2;43;35;42m▀[38;2;161;161;160m▀[38;2;211;130;235m▀                    [m
[48;2;0;0;0m                                                                [m
[48;2;0;0;0m                            [48;2;0;1;0m[38;2;0;0;0m▀▀▀▀▀▀▀▀▀▀▀[48;2;0;0;0m                         [m
[48;2;0;0;0m                        [48;2;0;1;0m[38;2;0;0;0m▀▀  [48;2;210;86;151m[38;2;0;1;0m▀[48;2;211;130;235m▀[48;2;255;138;252m[38;2;43;35;42m▀[38;2;135;82;143m▀[38;2;210;86;151m▀▀▀[38;2;88;71;84m▀[38;2;0;1;0m▀[48;2;210;86;151m▀[48;2;135;82;143m▀[48;2;0;1;0m  [38;2;0;0;0m▀[48;2;0;0;0m                      [m
[48;2;0;0;0m                      [48;2;0;1;0m[38;2;0;0;0m▀ [48;2;43;35;42m[38;2;0;1;0m▀[48;2;211;130;235m▀[48;2;255;138;252m[38;2;210;86;151m▀            [38;2;211;130;235m▀[38;2;135;82;143m▀[48;2;135;82;143m[38;2;0;1;0m▀[48;2;0;1;0m  [48;2;0;0;0m                    [m
[48;2;0;0;0m                    [48;2;0;1;0m[38;2;0;0;0m▀ [48;2;135;82;143m[38;2;0;1;0m▀[48;2;255;138;252m[38;2;135;82;143m▀                  ▀[48;2;135;82;143m[38;2;0;1;0m▀[48;2;0;1;0m [38;2;0;0;0m▀[48;2;0;0;0m                  [m
[48;2;0;0;0m                   [48;2;0;1;0m  [48;2;211;130;235m[38;2;0;1;0m▀[48;2;255;138;252m[38;2;211;130;235m▀    [48;2;211;130;235m[38;2;255;138;252m▀[48;2;255;138;252m    [48;2;211;130;235m▀[48;2;0;1;0m[38;2;211;130;235m▀[38;2;135;82;143m▀[48;2;43;35;42m[38;2;0;1;0m▀[48;2;88;71;84m▀[48;2;43;35;42m▀[48;2;0;1;0m [38;2;210;86;151m▀[48;2;135;82;143m[38;2;255;138;252m▀[48;2;255;138;252m  [48;2;211;130;235m [48;2;88;71;84m[38;2;0;1;0m▀[48;2;0;1;0m [38;2;0;0;0m▀[48;2;0;0;0m                 [m
[48;2;0;0;0m                  [48;2;0;1;0m [48;2;43;35;42m[38;2;0;1;0m▀[48;2;255;138;252m[38;2;135;82;143m▀    [48;2;211;130;235m[38;2;255;138;252m▀[48;2;0;1;0m[38;2;135;82;143m▀ ▀[48;2;255;138;252m   [48;2;0;1;0m[38;2;43;35;42m▀[48;2;43;35;42m[38;2;0;1;0m▀[48;2;120;141;103m     [48;2;88;71;84m[38;2;43;35;42m▀[48;2;0;1;0m [48;2;210;86;151m[38;2;211;130;235m▀[48;2;0;1;0m[38;2;135;82;143m▀    [48;2;0;0;0m                 [m
[48;2;0;0;0m                 [48;2;0;1;0m  [48;2;255;138;252m[38;2;210;86;151m▀     [38;2;211;130;235m▀[48;2;135;82;143m[38;2;0;1;0m▀[48;2;0;1;0m [48;2;135;82;143m▀[48;2;255;138;252m   [48;2;0;1;0m [48;2;88;71;84m[38;2;43;35;42m▀[48;2;120;141;103m     [38;2;88;71;84m▀[48;2;0;1;0m [48;2;135;82;143m[38;2;210;86;151m▀[38;2;0;1;0m▀[48;2;0;1;0m [48;2;135;82;143m▀[48;2;210;86;151m[38;2;43;35;42m▀[48;2;0;1;0m [38;2;0;0;0m▀[48;2;0;0;0m                [m
[48;2;0;0;0m                [48;2;0;1;0m  [48;2;255;138;252m[38;2;210;86;151m▀            [48;2;211;130;235m [48;2;0;1;0m [48;2;88;71;84m[38;2;43;35;42m▀[48;2;120;141;103m      [48;2;0;1;0m [48;2;210;86;151m[38;2;88;71;84m▀[48;2;255;138;252m    [48;2;210;86;151m[38;2;0;1;0m▀[48;2;0;1;0m  [48;2;0;0;0m               [m
[48;2;0;0;0m               [48;2;0;1;0m  [48;2;210;86;151m[38;2;135;82;143m▀[48;2;255;138;252m             [38;2;211;130;235m▀[48;2;0;1;0m [48;2;88;71;84m[38;2;43;35;42m▀[48;2;120;141;103m     [48;2;88;71;84m[38;2;120;141;103m▀[48;2;0;1;0m [48;2;210;86;151m [48;2;255;138;252m     [48;2;211;130;235m[38;2;135;82;143m▀[48;2;0;1;0m  [48;2;0;0;0m              [m
[48;2;0;0;0m              [48;2;0;1;0m[38;2;0;0;0m▀ [48;2;135;82;143m[38;2;0;1;0m▀[48;2;255;138;252m               [48;2;43;35;42m▀[48;2;0;1;0m[38;2;43;35;42m▀[48;2;120;141;103m     [48;2;43;35;42m[38;2;88;71;84m▀[48;2;0;1;0m [48;2;211;130;235m[38;2;210;86;151m▀[48;2;255;138;252m      [48;2;210;86;151m[38;2;135;82;143m▀[48;2;0;1;0m  [48;2;0;0;0m             [m
[48;2;0;0;0m              [48;2;0;1;0m  [48;2;211;130;235m[38;2;210;86;151m▀[48;2;255;138;252m               [48;2;210;86;151m [48;2;0;1;0m [48;2;88;71;84m[38;2;120;141;103m▀[48;2;120;141;103m    [48;2;0;1;0m [48;2;135;82;143m[38;2;43;35;42m▀[48;2;255;138;252m        [48;2;0;1;0m  [48;2;0;0;0m             [m
[48;2;0;0;0m              [48;2;0;1;0m [48;2;43;35;42m[38;2;0;1;0m▀[48;2;255;138;252m                 [48;2;210;86;151m[38;2;43;35;42m▀[48;2;0;1;0m [48;2;88;71;84m[38;2;120;141;103m▀[48;2;120;141;103m  [48;2;0;1;0m[38;2;88;71;84m▀ [48;2;255;138;252m[38;2;210;86;151m▀        [48;2;0;1;0m  [48;2;0;0;0m             [m
[48;2;0;0;0m             [48;2;0;1;0m[38;2;0;0;0m▀ [38;2;88;71;84m▀[48;2;211;130;235m[38;2;255;138;252m▀[48;2;255;138;252m                 [48;2;211;130;235m[38;2;43;35;42m▀[48;2;0;1;0m [48;2;43;35;42m[38;2;120;141;103m▀[38;2;88;71;84m▀[48;2;0;1;0m [48;2;211;130;235m[38;2;135;82;143m▀[48;2;255;138;252m        [48;2;135;82;143m[38;2;210;86;151m▀[48;2;0;1;0m  [48;2;0;0;0m             [m
[48;2;0;0;0m           [48;2;0;1;0m[38;2;0;0;0m▀   [48;2;43;35;42m[38;2;0;1;0m▀[48;2;0;1;0m[38;2;135;82;143m▀[48;2;211;130;235m[38;2;255;138;252m▀[48;2;255;138;252m                 [38;2;135;82;143m▀[48;2;135;82;143m[38;2;0;1;0m▀[48;2;0;1;0m [48;2;211;130;235m[38;2;135;82;143m▀[48;2;255;138;252m        [48;2;210;86;151m[38;2;255;138;252m▀[48;2;0;1;0m  [48;2;0;0;0m              [m
[48;2;0;0;0m        [48;2;0;1;0m[38;2;0;0;0m▀  [48;2;211;130;235m[38;2;0;1;0m▀[48;2;255;138;252m[38;2;88;71;84m▀[38;2;211;130;235m▀ ▀[48;2;211;130;235m[38;2;0;1;0m▀[48;2;0;1;0m [38;2;135;82;143m▀[48;2;43;35;42m[38;2;255;138;252m▀[48;2;210;86;151m▀[48;2;255;138;252m               [38;2;211;130;235m▀[38;2;88;71;84m▀         [48;2;43;35;42m[38;2;210;86;151m▀[48;2;0;1;0m [48;2;0;0;0m[38;2;0;1;0m▀              [m
[48;2;0;0;0m      [48;2;0;1;0m[38;2;0;0;0m▀ [48;2;43;35;42m[38;2;0;1;0m▀[48;2;211;130;235m[38;2;88;71;84m▀[48;2;255;138;252m       [38;2;211;130;235m▀[38;2;135;82;143m▀[38;2;0;1;0m▀[48;2;210;86;151m▀[48;2;135;82;143m▀[48;2;0;1;0m[38;2;135;82;143m▀[38;2;210;86;151m▀▀[38;2;255;138;252m▀▀[48;2;135;82;143m▀[48;2;210;86;151m▀[48;2;255;138;252m                 [48;2;211;130;235m▀[48;2;0;1;0m  [48;2;0;0;0m               [m
[48;2;0;0;0m     [48;2;0;1;0m[38;2;0;0;0m▀ [48;2;43;35;42m[38;2;0;1;0m▀[48;2;255;138;252m[38;2;211;130;235m▀              ▀[38;2;210;86;151m▀[38;2;135;82;143m▀[38;2;0;1;0m▀▀[38;2;135;82;143m▀                 [48;2;211;130;235m [48;2;0;1;0m  [48;2;0;0;0m               [m
[48;2;0;0;0m     [48;2;0;1;0m  [38;2;135;82;143m▀[38;2;210;86;151m▀▀▀▀▀▀▀▀▀▀▀▀▀▀▀▀▀▀▀▀▀▀▀▀▀▀▀▀▀▀▀▀▀▀▀▀▀▀▀   [48;2;0;0;0m              [m
