[48;2;0;0;0m                                                                [m
[48;2;0;0;0m         [48;2;163;163;162m[38;2;0;0;0m▀[48;2;37;42;45m▀▀[48;2;0;1;0m▀▀▀▀▀▀▀▀▀▀▀▀▀▀▀▀▀▀▀▀▀▀▀▀▀▀▀▀▀▀▀▀▀▀▀▀▀▀▀▀[48;2;87;93;82m▀[48;2;120;141;103m▀[48;2;0;0;0m          [m
[48;2;0;0;0m         [48;2;120;141;103m[38;2;87;93;82m▀[48;2;0;1;0m [48;2;186;101;185m[38;2;0;1;0m▀[48;2;255;138;252m▀▀▀▀▀▀▀▀▀▀▀▀▀▀▀▀▀▀▀▀▀▀▀▀▀▀▀▀▀▀▀▀▀▀▀▀▀▀▀▀[48;2;0;1;0m [38;2;87;93;82m▀[48;2;0;0;0m          [m
[48;2;0;0;0m         [48;2;87;93;82m [48;2;0;1;0m [48;2;186;101;185m[38;2;255;138;252m▀[48;2;255;138;252m                                        [48;2;0;1;0m  [48;2;0;0;0m          [m
[48;2;0;0;0m         [48;2;120;141;103m[38;2;87;93;82m▀[48;2;0;1;0m [48;2;186;101;185m[38;2;255;138;252m▀▀▀▀▀▀[48;2;255;138;252m             [48;2;186;101;185m▀▀▀▀▀▀▀▀▀▀▀▀▀[48;2;255;138;252m         [48;2;0;1;0m  [48;2;0;0;0m          [m
[48;2;0;0;0m         [38;2;120;141;103m▀[48;2;120;141;103m[38;2;0;1;0m▀[48;2;186;101;185m▀[48;2;0;1;0m     [48;2;255;138;252m            [48;2;186;101;185m [48;2;77;65;101m▀▀[48;2;90;106;148m▀[48;2;77;65;101m▀[48;2;90;106;148m▀▀[48;2;77;65;101m▀▀[48;2;0;1;0m [48;2;87;93;82m▀[48;2;120;141;103m▀[48;2;37;42;45m▀[48;2;0;1;0m [48;2;255;138;252m         [48;2;0;1;0m  [48;2;0;0;0m          [m
[48;2;0;0;0m               [48;2;0;1;0m  [48;2;255;138;252m                    [48;2;186;101;185m [48;2;0;1;0m  [48;2;0;0;0m [48;2;87;93;82m [48;2;0;1;0m [38;2;186;101;185m▀▀▀▀▀▀▀▀▀ [48;2;37;42;45m[38;2;0;1;0m▀[48;2;87;93;82m[38;2;0;0;0m▀[48;2;0;0;0m         [m
[48;2;0;0;0m               [48;2;0;1;0m  [48;2;255;138;252m                    [48;2;186;101;185m [48;2;0;1;0m  [48;2;0;0;0m [48;2;37;42;45m[38;2;163;163;162m▀[48;2;0;1;0m [48;2;186;101;185m[38;2;0;1;0m▀[48;2;255;138;252m▀▀▀▀▀▀▀▀▀[48;2;0;1;0m [38;2;87;93;82m▀[48;2;0;0;0m         [m
[48;2;0;0;0m         [48;2;186;101;185m[38;2;0;0;0m▀[48;2;37;42;45m[38;2;163;163;162m▀[48;2;0;1;0m[38;2;120;141;103m▀[38;2;87;93;82m▀▀▀  [48;2;255;138;252m            [48;2;186;101;185m [48;2;0;1;0m         ▀[38;2;77;65;101m▀[38;2;37;42;45m▀ [48;2;186;101;185m [48;2;255;138;252m         [48;2;0;1;0m  [48;2;0;0;0m         [m
[48;2;0;0;0m         [48;2;87;93;82m[38;2;163;163;162m▀[48;2;0;1;0m [48;2;255;138;252m[38;2;90;106;148m▀▀[38;2;186;101;185m▀[38;2;90;106;148m▀[38;2;186;101;185m▀[38;2;90;106;148m▀            [38;2;186;101;185m▀▀▀[38;2;90;106;148m▀[38;2;186;101;185m▀▀[38;2;90;106;148m▀[38;2;186;101;185m▀▀[38;2;90;106;148m▀[38;2;186;101;185m▀▀[38;2;90;106;148m▀[38;2;186;101;185m▀▀         [48;2;0;1;0m  [48;2;0;0;0m         [m
[48;2;0;0;0m         [48;2;120;141;103m [48;2;0;1;0m [48;2;255;138;252m[38;2;186;101;185m▀                                         [48;2;0;1;0m  [48;2;0;0;0m         [m
[48;2;0;0;0m         [48;2;87;93;82m [48;2;0;1;0m [38;2;186;101;185m▀[38;2;255;138;252m▀▀▀▀▀▀▀▀▀▀▀▀▀▀▀▀▀▀▀▀▀▀▀▀▀▀▀▀▀▀▀▀▀▀▀▀▀▀▀▀▀ [48;2;87;93;82m[38;2;0;1;0m▀[48;2;0;0;0m         [m
[48;2;0;0;0m         [38;2;255;138;252m▀[38;2;87;93;82m▀[38;2;0;1;0m▀▀▀[48;2;0;1;0m             [48;2;0;0;0m▀▀▀▀▀▀▀▀▀▀▀▀▀▀▀▀▀▀▀▀▀▀▀▀▀▀[38;2;87;93;82m▀▀         [m
[48;2;0;0;0m           [48;2;0;1;0m[38;2;0;0;0m▀  [48;2;90;106;148m[38;2;0;1;0m▀[48;2;137;182;253m▀[38;2;90;106;148m▀▀    ▀▀[38;2;37;42;45m▀[48;2;90;106;148m[38;2;0;1;0m▀[48;2;37;42;45m▀[48;2;0;1;0m [38;2;0;0;0m▀▀[48;2;0;0;0m                                  [m
[48;2;0;0;0m         [48;2;0;1;0m[38;2;0;0;0m▀ [48;2;90;106;148m[38;2;0;1;0m▀[48;2;137;182;253m[38;2;37;42;45m▀              [38;2;90;106;148m▀[38;2;0;1;0m▀[48;2;0;1;0m  [48;2;0;0;0m                                 [m
[48;2;0;0;0m       [48;2;0;1;0m[38;2;0;0;0m▀ [48;2;90;106;148m[38;2;0;1;0m▀[48;2;137;182;253m[38;2;90;106;148m▀          [48;2;90;106;148m[38;2;137;182;253m▀▀[48;2;77;65;101m▀[48;2;90;106;148m▀▀[48;2;137;182;253m   [38;2;90;106;148m▀[48;2;37;42;45m[38;2;0;1;0m▀[48;2;0;1;0m [38;2;0;0;0m▀[48;2;0;0;0m                               [m
[48;2;0;0;0m      [48;2;0;1;0m  [48;2;90;106;148m[38;2;0;1;0m▀[48;2;137;182;253m    [48;2;90;106;148m[38;2;137;182;253m▀▀[48;2;137;182;253m    [48;2;0;1;0m[38;2;90;106;148m▀ [48;2;87;93;82m[38;2;0;1;0m▀[48;2;120;141;103m▀▀[48;2;87;93;82m▀[48;2;37;42;45m▀[48;2;0;1;0m[38;2;90;106;148m▀[48;2;90;106;148m[38;2;137;182;253m▀[48;2;137;182;253m [48;2;90;106;148m▀▀[48;2;0;1;0m  [48;2;0;0;0m                               [m
[48;2;0;0;0m     [48;2;0;1;0m  [48;2;137;182;253m[38;2;90;106;148m▀    [48;2;90;106;148m [48;2;0;1;0m  [48;2;90;106;148m [48;2;137;182;253m  [48;2;90;106;148m [48;2;0;1;0m [48;2;87;93;82m [48;2;120;141;103m     [48;2;37;42;45m[38;2;0;1;0m▀[48;2;0;1;0m[38;2;37;42;45m▀[48;2;90;106;148m [48;2;0;1;0m    [38;2;0;0;0m▀[48;2;0;0;0m                              [m
[48;2;0;0;0m    [48;2;0;1;0m  [48;2;137;182;253m[38;2;90;106;148m▀     ▀[48;2;90;106;148m[38;2;0;1;0m▀▀[48;2;137;182;253m[38;2;90;106;148m▀  [48;2;90;106;148m [48;2;0;1;0m [48;2;120;141;103m      [48;2;87;93;82m[38;2;37;42;45m▀[48;2;0;1;0m [48;2;90;106;148m [38;2;0;1;0m▀▀[48;2;137;182;253m[38;2;90;106;148m▀[48;2;90;106;148m[38;2;0;1;0m▀[48;2;0;1;0m [38;2;0;0;0m▀[48;2;0;0;0m                             [m
[48;2;0;0;0m   [48;2;0;1;0m[38;2;0;0;0m▀ [48;2;90;106;148m[38;2;37;42;45m▀[48;2;137;182;253m            [48;2;77;65;101m [48;2;0;1;0m [48;2;120;141;103m      [48;2;87;93;82m [48;2;0;1;0m [48;2;137;182;253m[38;2;163;163;162m▀    [38;2;37;42;45m▀[48;2;0;1;0m  [48;2;0;0;0m                            [m
[48;2;0;0;0m   [48;2;0;1;0m [48;2;37;42;45m[38;2;0;1;0m▀[48;2;137;182;253m             [48;2;90;106;148m [48;2;0;1;0m [48;2;87;93;82m[38;2;120;141;103m▀[48;2;120;141;103m     [48;2;0;1;0m[38;2;37;42;45m▀ [48;2;137;182;253m      [38;2;90;106;148m▀[48;2;90;106;148m[38;2;0;1;0m▀[48;2;0;1;0m [38;2;0;0;0m▀[48;2;0;0;0m                          [m
[48;2;0;0;0m  [48;2;0;1;0m  [48;2;90;106;148m [48;2;137;182;253m             [38;2;90;106;148m▀[48;2;0;1;0m [48;2;37;42;45m[38;2;87;93;82m▀[48;2;120;141;103m    [48;2;87;93;82m[38;2;120;141;103m▀[48;2;0;1;0m [48;2;90;106;148m[38;2;37;42;45m▀[48;2;137;182;253m        [48;2;90;106;148m[38;2;0;1;0m▀[48;2;0;1;0m [38;2;0;0;0m▀[48;2;0;0;0m                         [m
[48;2;0;0;0m  [48;2;0;1;0m  [48;2;90;106;148m [48;2;137;182;253m              [48;2;90;106;148m[38;2;37;42;45m▀[48;2;0;1;0m [48;2;87;93;82m[38;2;120;141;103m▀[48;2;120;141;103m   [48;2;37;42;45m[38;2;87;93;82m▀[48;2;0;1;0m [48;2;137;182;253m[38;2;163;163;162m▀        [38;2;90;106;148m▀[48;2;0;1;0m [38;2;37;42;45m▀[48;2;0;0;0m                         [m
[48;2;0;0;0m  [48;2;0;1;0m  [48;2;90;106;148m[38;2;163;163;162m▀[48;2;137;182;253m               [48;2;90;106;148m[38;2;0;1;0m▀[48;2;0;1;0m[38;2;37;42;45m▀[48;2;87;93;82m[38;2;120;141;103m▀[48;2;120;141;103m [48;2;37;42;45m[38;2;87;93;82m▀[48;2;0;1;0m [48;2;90;106;148m [48;2;137;182;253m          [48;2;0;1;0m  [48;2;0;0;0m                         [m
[48;2;0;0;0m  [38;2;0;1;0m▀[48;2;0;1;0m [48;2;90;106;148m [48;2;137;182;253m                ▀[48;2;0;1;0m [38;2;87;93;82m▀ [48;2;90;106;148m[38;2;37;42;45m▀[48;2;137;182;253m          [48;2;90;106;148m[38;2;137;182;253m▀[48;2;0;1;0m  [48;2;0;0;0m                         [m
[48;2;0;0;0m   [48;2;0;1;0m  [48;2;90;106;148m[38;2;137;182;253m▀[48;2;137;182;253m                [38;2;90;106;148m▀[48;2;37;42;45m[38;2;0;1;0m▀[48;2;90;106;148m▀[48;2;137;182;253m           [48;2;90;106;148m [48;2;0;1;0m  [48;2;0;0;0m                         [m
[48;2;0;0;0m   [48;2;0;1;0m   [48;2;37;42;45m[38;2;137;182;253m▀[48;2;137;182;253m                              [38;2;0;1;0m▀[48;2;37;42;45m▀[48;2;0;1;0m  [38;2;0;0;0m▀▀[48;2;0;0;0m                     [m
[48;2;0;0;0m   [48;2;0;1;0m  [48;2;137;182;253m[38;2;0;1;0m▀[48;2;90;106;148m▀[48;2;0;1;0m[38;2;90;106;148m▀[48;2;90;106;148m[38;2;137;182;253m▀[48;2;137;182;253m                              [38;2;90;106;148m▀▀[38;2;0;1;0m▀[48;2;90;106;148m▀[48;2;0;1;0m  [38;2;0;0;0m▀▀[48;2;0;0;0m                 [m
[48;2;0;0;0m  [48;2;0;1;0m  [48;2;120;141;103m[38;2;90;106;148m▀[48;2;137;182;253m  ▀[48;2;90;106;148m[38;2;0;1;0m▀[48;2;0;1;0m[38;2;90;106;148m▀[48;2;37;42;45m[38;2;137;182;253m▀[48;2;137;182;253m                                 [38;2;90;106;148m▀[38;2;0;1;0m▀[48;2;90;106;148m▀[48;2;0;1;0m  [38;2;0;0;0m▀[48;2;0;0;0m              [m
[48;2;0;0;0m  [48;2;0;1;0m  [48;2;90;106;148m [48;2;137;182;253m    [38;2;90;106;148m▀[38;2;0;1;0m▀[48;2;37;42;45m▀[48;2;0;1;0m[38;2;90;106;148m▀[38;2;137;182;253m▀[48;2;90;106;148m▀▀[48;2;137;182;253m                                [38;2;87;93;82m▀[48;2;90;106;148m[38;2;0;1;0m▀[48;2;37;42;45m▀[48;2;0;1;0m [38;2;0;0;0m▀[48;2;0;0;0m           [m
[48;2;0;0;0m   [48;2;0;1;0m  [48;2;137;182;253m       [38;2;90;106;148m▀[38;2;37;42;45m▀[38;2;0;1;0m▀[48;2;90;106;148m▀[48;2;37;42;45m▀[48;2;0;1;0m[38;2;37;42;45m▀[38;2;90;106;148m▀▀[48;2;37;42;45m[38;2;137;182;253m▀[48;2;137;182;253m                              [38;2;90;106;148m▀[48;2;90;106;148m[38;2;0;1;0m▀[48;2;0;1;0m [38;2;0;0;0m▀▀[48;2;0;0;0m        [m
[48;2;0;0;0m   [48;2;0;1;0m  [38;2;90;106;148m▀▀▀▀▀▀▀▀▀▀▀▀▀▀[38;2;77;65;101m▀[38;2;90;106;148m▀▀▀▀▀▀▀▀▀▀▀▀▀▀▀▀▀▀▀▀▀▀▀▀▀▀▀▀▀▀▀▀▀▀   [38;2;0;0;0m▀[48;2;0;0;0m      [m
