[48;2;0;0;0m                                                                [m
[48;2;0;0;0m    [48;2;157;157;156m[38;2;0;0;0m▀[48;2;74;86;69m▀[48;2;0;1;0m▀▀▀▀▀▀▀▀▀▀▀▀▀▀▀▀▀▀▀▀▀▀▀▀[48;2;76;79;60m▀[48;2;120;141;103m▀[48;2;0;0;0m  [48;2;157;157;156m▀[48;2;76;79;60m▀[48;2;0;1;0m▀▀▀▀▀▀▀▀▀▀▀▀▀▀▀▀▀▀▀▀▀▀[48;2;41;36;30m▀[48;2;55;77;63m▀[48;2;174;174;173m▀[48;2;0;0;0m   [m
[48;2;0;0;0m   [48;2;79;85;78m[38;2;174;174;173m▀[48;2;0;1;0m[38;2;1;2;1m▀[48;2;90;106;148m[38;2;0;1;0m▀[48;2;137;182;253m▀▀▀▀▀▀▀▀▀▀▀▀▀▀▀▀▀▀▀▀▀▀▀▀[48;2;100;131;178m▀[48;2;0;1;0m[38;2;1;2;1m▀[48;2;65;75;57m[38;2;97;191;191m▀[38;2;157;157;156m▀[48;2;0;1;0m [48;2;100;131;178m[38;2;0;1;0m▀[48;2;137;182;253m▀▀▀▀▀▀▀▀▀▀▀▀▀▀▀▀▀▀▀▀▀▀[48;2;111;148;206m▀[48;2;0;1;0m [48;2;74;86;69m[38;2;81;101;95m▀[48;2;0;0;0m   [m
[48;2;0;0;0m   [48;2;79;85;78m[38;2;65;75;57m▀[48;2;0;1;0m [48;2;90;106;148m [48;2;137;182;253m                         [38;2;90;106;148m▀[48;2;33;46;44m[38;2;0;1;0m▀[48;2;41;36;30m▀[48;2;137;182;253m[38;2;58;68;99m▀                        [48;2;0;1;0m [48;2;35;52;42m [48;2;0;0;0m   [m
[48;2;0;0;0m   [48;2;157;157;156m[38;2;65;75;57m▀[48;2;0;1;0m [48;2;58;68;99m[38;2;90;106;148m▀[48;2;100;131;178m[38;2;137;182;253m▀▀▀▀▀[48;2;111;148;206m▀[48;2;137;182;253m                    [38;2;111;148;206m▀[38;2;100;131;178m▀      [48;2;111;148;206m[38;2;137;182;253m▀[48;2;137;182;253m            [48;2;111;148;206m▀[48;2;100;131;178m▀▀▀▀▀[48;2;0;1;0m [48;2;81;101;95m[38;2;35;52;42m▀[48;2;0;0;0m   [m
[48;2;0;0;0m   [38;2;174;174;173m▀[48;2;174;174;173m[38;2;92;95;85m▀[48;2;87;105;80m[38;2;0;1;0m▀[48;2;0;1;0m   [48;2;92;95;85m▀[48;2;0;1;0m [48;2;107;148;199m [48;2;137;182;253m      [48;2;0;1;0m[38;2;58;68;99m▀[48;2;90;106;148m[38;2;137;182;253m▀[48;2;137;182;253m                   [48;2;90;106;148m▀[48;2;0;1;0m[38;2;33;46;44m▀[48;2;137;182;253m            [48;2;64;74;95m [48;2;0;1;0m [48;2;58;68;99m[38;2;0;1;0m▀[48;2;0;1;0m  [48;2;35;52;42m▀[48;2;157;157;156m▀[48;2;0;0;0m[38;2;157;157;156m▀   [m
[48;2;0;0;0m         [48;2;119;140;103m [48;2;0;1;0m [48;2;107;148;199m [48;2;137;182;253m      [48;2;0;1;0m  [48;2;65;75;57m[38;2;111;148;206m▀[48;2;137;182;253m                [48;2;111;148;206m[38;2;137;182;253m▀[48;2;1;2;1m[38;2;100;131;178m▀[48;2;0;1;0m  [48;2;137;182;253m            [48;2;64;74;95m [48;2;0;1;0m [48;2;157;157;156m [48;2;0;0;0m        [m
[48;2;0;0;0m         [48;2;119;140;103m [48;2;0;1;0m [48;2;107;148;199m [48;2;137;182;253m      [48;2;0;1;0m  [48;2;37;47;45m[38;2;0;1;0m▀[48;2;0;1;0m[38;2;73;82;93m▀[48;2;107;148;199m[38;2;137;182;253m▀[48;2;137;182;253m             [48;2;90;106;148m▀[48;2;0;1;0m[38;2;58;68;99m▀[48;2;92;95;85m[38;2;0;1;0m▀[48;2;0;1;0m  [48;2;137;182;253m            [48;2;90;106;148m [48;2;0;1;0m [48;2;120;141;103m [48;2;0;0;0m        [m
[48;2;0;0;0m   [48;2;174;174;173m[38;2;0;0;0m▀[48;2;92;95;85m[38;2;174;174;173m▀[48;2;0;1;0m[38;2;87;105;80m▀   [38;2;92;95;85m▀ [48;2;107;148;199m [48;2;137;182;253m      [48;2;0;1;0m  ▀ [38;2;41;36;30m▀[48;2;58;68;99m[38;2;111;148;206m▀[48;2;137;182;253m          [48;2;111;148;206m[38;2;137;182;253m▀[48;2;1;2;1m[38;2;100;131;178m▀[48;2;0;1;0m  [38;2;76;79;60m▀  [48;2;137;182;253m            [48;2;64;74;95m [48;2;0;1;0m [38;2;58;68;99m▀  [38;2;35;52;42m▀[38;2;157;157;156m▀[48;2;118;140;103m[38;2;0;0;0m▀[48;2;0;0;0m   [m
[48;2;0;0;0m   [48;2;65;75;57m[38;2;157;157;156m▀[48;2;0;1;0m [48;2;90;106;148m [48;2;137;182;253m[38;2;100;131;178m▀▀▀▀▀[38;2;111;148;206m▀      [38;2;100;131;178m▀▀▀▀▀[48;2;107;148;199m[38;2;90;106;148m▀[48;2;1;2;1m[38;2;100;131;178m▀[48;2;111;148;206m[38;2;137;182;253m▀[48;2;137;182;253m       [48;2;100;131;178m▀[48;2;0;1;0m[38;2;58;68;99m▀[48;2;111;148;206m[38;2;90;106;148m▀[48;2;137;182;253m[38;2;100;131;178m▀▀▀▀▀            [38;2;107;148;199m▀[38;2;100;131;178m▀▀▀▀▀[48;2;0;1;0m [38;2;76;79;60m▀[48;2;0;0;0m   [m
[48;2;0;0;0m   [48;2;79;85;78m[38;2;53;80;73m▀[48;2;0;1;0m [48;2;90;106;148m [48;2;137;182;253m                 [48;2;107;148;199m [48;2;0;1;0m [38;2;58;68;99m▀[48;2;90;106;148m[38;2;137;182;253m▀[48;2;137;182;253m     [48;2;37;47;45m[38;2;111;148;206m▀[48;2;0;1;0m  [48;2;111;148;206m [48;2;137;182;253m                       [48;2;0;1;0m  [48;2;0;0;0m   [m
[48;2;0;0;0m   [48;2;174;174;173m[38;2;65;75;57m▀[48;2;0;1;0m [38;2;90;106;148m▀[38;2;137;182;253m▀▀▀▀▀▀▀▀▀▀▀▀▀[38;2;111;148;206m▀[38;2;100;131;178m▀[38;2;137;182;253m▀▀[38;2;107;148;199m▀ [48;2;92;95;85m[38;2;0;1;0m▀[48;2;0;1;0m [38;2;111;148;206m▀[38;2;137;182;253m▀▀▀[38;2;58;68;99m▀[48;2;65;75;57m[38;2;0;1;0m▀[48;2;118;140;103m[38;2;1;2;1m▀[48;2;0;1;0m [38;2;111;148;206m▀[38;2;137;182;253m▀▀▀▀▀▀▀▀▀▀▀▀▀▀▀▀▀▀▀▀▀▀▀ [48;2;81;101;95m[38;2;41;36;30m▀[48;2;0;0;0m   [m
[48;2;0;0;0m    [38;2;90;106;148m▀[38;2;76;79;60m▀[38;2;0;1;0m▀▀▀▀▀▀[48;2;0;1;0m   [48;2;79;150;150m▀[48;2;138;213;220m▀[48;2;130;255;255m[38;2;33;46;44m▀[38;2;79;150;150m▀[38;2;95;187;187m▀▀▀[38;2;79;150;150m▀[38;2;1;2;1m▀[48;2;138;213;220m[38;2;0;1;0m▀[48;2;79;150;150m▀[48;2;0;1;0m [38;2;41;36;30m▀ [48;2;0;0;0m[38;2;0;1;0m▀[38;2;33;46;44m▀[38;2;81;101;95m▀[38;2;120;141;103m▀[38;2;130;255;255m▀[38;2;55;77;63m▀[38;2;41;36;30m▀[38;2;0;1;0m▀▀▀▀▀▀▀▀▀▀▀▀▀▀▀▀▀▀▀▀▀▀[38;2;1;2;1m▀[38;2;81;101;95m▀[38;2;120;141;103m▀   [m
[48;2;0;0;0m         [48;2;0;1;0m[38;2;0;0;0m▀▀ [48;2;79;150;150m[38;2;0;1;0m▀[48;2;130;255;255m[38;2;58;68;99m▀[38;2;138;213;220m▀           ▀[38;2;79;150;150m▀[48;2;79;150;150m[38;2;0;1;0m▀[48;2;0;1;0m [38;2;0;0;0m▀[48;2;0;0;0m                                 [m
[48;2;0;0;0m        [48;2;0;1;0m[38;2;0;0;0m▀ [48;2;79;150;150m[38;2;0;1;0m▀[48;2;130;255;255m[38;2;79;150;150m▀      [48;2;138;213;220m[38;2;130;255;255m▀[48;2;58;68;99m▀[48;2;0;1;0m▀[38;2;97;191;191m▀▀[38;2;130;255;255m▀[48;2;79;150;150m▀[48;2;138;213;220m▀[48;2;130;255;255m   [38;2;79;150;150m▀[48;2;79;150;150m[38;2;0;1;0m▀[48;2;0;1;0m [38;2;0;0;0m▀[48;2;0;0;0m                               [m
[48;2;0;0;0m      [48;2;0;1;0m[38;2;0;0;0m▀ [48;2;33;46;44m[38;2;0;1;0m▀[48;2;130;255;255m[38;2;79;150;150m▀ [48;2;79;150;150m[38;2;130;255;255m▀[48;2;0;1;0m[38;2;97;191;191m▀[48;2;1;2;1m[38;2;138;213;220m▀[48;2;130;255;255m   [48;2;79;150;150m▀[48;2;0;1;0m [48;2;87;105;80m[38;2;0;1;0m▀[48;2;120;141;103m[38;2;35;52;42m▀[38;2;74;86;69m▀▀[38;2;35;47;40m▀[48;2;74;86;69m[38;2;0;1;0m▀[48;2;0;1;0m [48;2;95;187;187m[38;2;138;213;220m▀[48;2;79;150;150m[38;2;130;255;255m▀[48;2;0;1;0m[38;2;97;191;191m▀[38;2;138;213;220m▀[48;2;138;213;220m [48;2;65;75;57m[38;2;0;1;0m▀[48;2;0;1;0m [48;2;0;0;0m                               [m
[48;2;0;0;0m     [48;2;0;1;0m[38;2;0;0;0m▀ [48;2;79;150;150m[38;2;0;1;0m▀[48;2;130;255;255m[38;2;97;191;191m▀  [48;2;33;46;44m[38;2;0;1;0m▀[48;2;0;1;0m  [48;2;138;213;220m[38;2;97;191;191m▀[48;2;130;255;255m  [48;2;33;46;44m[38;2;41;36;30m▀[48;2;0;1;0m [48;2;120;141;103m[38;2;115;141;101m▀    ▀[48;2;0;1;0m [48;2;34;48;45m[38;2;79;150;150m▀[38;2;1;2;1m▀[48;2;0;1;0m  [48;2;97;191;191m[38;2;96;188;188m▀[48;2;138;213;220m[38;2;95;187;187m▀[48;2;0;1;0m  [48;2;0;0;0m                              [m
[48;2;0;0;0m    [48;2;0;1;0m[38;2;0;0;0m▀ [48;2;79;150;150m[38;2;0;1;0m▀[48;2;130;255;255m[38;2;138;213;220m▀   ▀[38;2;0;1;0m▀[38;2;79;150;150m▀   [48;2;0;1;0m [48;2;41;36;30m [48;2;120;141;103m      [48;2;41;36;30m [48;2;0;1;0m [48;2;130;255;255m[38;2;138;213;220m▀[38;2;0;1;0m▀[38;2;79;150;150m▀  [48;2;96;188;188m[38;2;33;46;44m▀[48;2;0;1;0m [38;2;0;0;0m▀[48;2;0;0;0m                             [m
[48;2;0;0;0m    [48;2;0;1;0m [48;2;1;2;1m[38;2;0;1;0m▀[48;2;130;255;255m[38;2;97;191;191m▀          [48;2;1;2;1m[38;2;0;1;0m▀[38;2;35;47;40m▀[48;2;120;141;103m      [48;2;0;1;0m▀[48;2;34;48;45m[38;2;1;2;1m▀[48;2;130;255;255m      [48;2;138;213;220m[38;2;34;48;45m▀[48;2;0;1;0m  [48;2;0;0;0m                            [m
[48;2;0;0;0m   [48;2;0;1;0m  [48;2;97;191;191m[38;2;79;150;150m▀[48;2;130;255;255m           [48;2;79;150;150m[38;2;34;48;45m▀[48;2;0;1;0m [48;2;115;141;101m[38;2;120;141;103m▀[48;2;120;141;103m    [48;2;87;105;80m▀[48;2;0;1;0m[38;2;1;2;1m▀[48;2;79;150;150m[38;2;55;77;63m▀[48;2;130;255;255m       [38;2;79;150;150m▀[48;2;79;150;150m[38;2;0;1;0m▀[48;2;0;1;0m [38;2;0;0;0m▀[48;2;0;0;0m                          [m
[48;2;0;0;0m   [48;2;0;1;0m [48;2;65;75;57m[38;2;0;1;0m▀[48;2;130;255;255m            [48;2;97;191;191m[38;2;95;187;187m▀[48;2;1;2;1m[38;2;0;1;0m▀[48;2;74;86;69m[38;2;87;105;80m▀[48;2;115;141;101m[38;2;120;141;103m▀[48;2;120;141;103m   [48;2;66;67;57m[38;2;87;105;80m▀[48;2;0;1;0m [48;2;138;213;220m[38;2;97;191;191m▀[48;2;130;255;255m        [38;2;138;213;220m▀[48;2;79;150;150m[38;2;0;1;0m▀[48;2;0;1;0m [38;2;0;0;0m▀[48;2;0;0;0m                         [m
[48;2;0;0;0m   [48;2;0;1;0m [48;2;95;187;187m[38;2;79;150;150m▀[48;2;130;255;255m             [48;2;79;150;150m[38;2;1;2;1m▀[48;2;0;1;0m▀[48;2;87;105;80m[38;2;115;141;101m▀[48;2;120;141;103m  [48;2;87;105;80m[38;2;120;141;103m▀[48;2;0;1;0m [48;2;79;150;150m[38;2;1;2;1m▀[48;2;130;255;255m          [38;2;138;213;220m▀[48;2;34;48;45m[38;2;1;2;1m▀[48;2;0;1;0m [48;2;0;0;0m                         [m
[48;2;0;0;0m  [38;2;0;1;0m▀[48;2;0;1;0m [48;2;95;187;187m [48;2;130;255;255m             [38;2;138;213;220m▀[48;2;79;150;150m[38;2;1;2;1m▀[48;2;0;1;0m[38;2;41;36;30m▀[48;2;65;75;57m[38;2;115;141;101m▀[48;2;87;105;80m[38;2;120;141;103m▀[48;2;0;1;0m[38;2;35;52;42m▀[48;2;79;150;150m[38;2;0;1;0m▀[48;2;130;255;255m[38;2;138;213;220m▀           [48;2;79;150;150m [48;2;0;1;0m [48;2;0;0;0m                         [m
[48;2;0;0;0m   [48;2;0;1;0m [48;2;37;47;45m[38;2;79;150;150m▀[48;2;130;255;255m               [48;2;138;213;220m[38;2;35;52;42m▀[48;2;0;1;0m [38;2;33;46;44m▀[48;2;33;46;44m[38;2;0;1;0m▀[48;2;130;255;255m[38;2;97;191;191m▀            [48;2;33;46;44m[38;2;74;86;69m▀[48;2;0;1;0m [48;2;0;0;0m                         [m
[48;2;0;0;0m   [48;2;0;1;0m  [48;2;79;150;150m[38;2;138;213;220m▀[48;2;130;255;255m               [38;2;97;191;191m▀[48;2;79;150;150m[38;2;0;1;0m▀[48;2;130;255;255m[38;2;96;188;188m▀            [48;2;97;191;191m[38;2;138;213;220m▀[48;2;1;2;1m[38;2;0;1;0m▀[48;2;0;1;0m [48;2;0;0;0m                         [m
[48;2;0;0;0m    [48;2;0;1;0m  [48;2;79;150;150m[38;2;138;213;220m▀[48;2;130;255;255m                             ▀[48;2;79;150;150m[38;2;0;1;0m▀[48;2;0;1;0m  [38;2;0;0;0m▀▀[48;2;0;0;0m                      [m
[48;2;0;0;0m    [48;2;0;1;0m [48;2;1;2;1m[38;2;0;1;0m▀[48;2;37;47;45m▀[48;2;0;1;0m[38;2;79;150;150m▀[48;2;97;191;191m[38;2;130;255;255m▀[48;2;130;255;255m                             [38;2;138;213;220m▀[38;2;79;150;150m▀[48;2;138;213;220m[38;2;0;1;0m▀[48;2;95;187;187m▀[48;2;1;2;1m▀[48;2;0;1;0m [38;2;0;0;0m▀▀▀[48;2;0;0;0m                 [m
[48;2;0;0;0m    [48;2;0;1;0m [48;2;95;187;187m[38;2;74;86;69m▀[48;2;130;255;255m[38;2;138;213;220m▀[48;2;138;213;220m[38;2;34;48;45m▀[48;2;1;2;1m[38;2;0;1;0m▀[48;2;0;1;0m[38;2;138;213;220m▀[48;2;138;213;220m[38;2;130;255;255m▀[48;2;130;255;255m                                [38;2;97;191;191m▀[38;2;65;75;57m▀[48;2;138;213;220m[38;2;0;1;0m▀[48;2;79;150;150m▀[48;2;0;1;0m  [38;2;0;0;0m▀▀[48;2;0;0;0m             [m
[48;2;0;0;0m    [48;2;0;1;0m [48;2;95;187;187m [48;2;130;255;255m  [38;2;138;213;220m▀[48;2;138;213;220m[38;2;1;2;1m▀[48;2;37;47;45m[38;2;0;1;0m▀[48;2;0;1;0m[38;2;79;150;150m▀[48;2;33;46;44m[38;2;130;255;255m▀[48;2;138;213;220m▀[48;2;130;255;255m                                 [38;2;138;213;220m▀[38;2;79;150;150m▀[48;2;97;191;191m[38;2;0;1;0m▀[48;2;65;75;57m▀[48;2;0;1;0m [38;2;0;0;0m▀▀[48;2;0;0;0m          [m
[48;2;0;0;0m    [48;2;0;1;0m [48;2;65;75;57m[38;2;79;150;150m▀[48;2;130;255;255m     ▀[48;2;138;213;220m[38;2;0;1;0m▀[48;2;79;150;150m▀[48;2;0;1;0m[38;2;33;46;44m▀[38;2;96;188;188m▀[38;2;138;213;220m▀[38;2;130;255;255m▀[48;2;79;150;150m▀[48;2;130;255;255m                                [38;2;97;191;191m▀[48;2;138;213;220m[38;2;1;2;1m▀[48;2;79;150;150m[38;2;0;1;0m▀[48;2;0;1;0m  [38;2;0;0;0m▀[48;2;0;0;0m       [m
[48;2;0;0;0m    [48;2;0;1;0m  [48;2;97;191;191m[38;2;130;255;255m▀[48;2;130;255;255m        [38;2;97;191;191m▀[38;2;95;187;187m▀[38;2;34;48;45m▀[38;2;79;150;150m▀                                   [38;2;138;213;220m▀[38;2;37;47;45m▀[48;2;79;150;150m[38;2;0;1;0m▀[48;2;0;1;0m  [38;2;0;0;0m▀[48;2;0;0;0m    [m
[48;2;0;0;0m    [38;2;0;1;0m▀[48;2;0;1;0m [38;2;33;46;44m▀[38;2;34;48;45m▀▀▀▀▀▀▀▀▀▀▀▀▀▀▀▀▀▀▀▀▀▀▀▀▀▀▀▀▀▀▀▀▀▀▀▀▀▀▀▀▀▀▀▀▀▀▀▀▀▀[38;2;1;2;1m▀    [38;2;0;0;0m▀[48;2;0;0;0m [m
