[48;2;0;0;0m                                                                [m
[48;2;0;0;0m        [48;2;89;92;85m[38;2;0;0;0m▀▀[48;2;0;1;0m▀▀▀▀▀▀▀▀▀▀▀▀▀▀▀▀▀▀▀▀▀▀▀▀▀▀▀[48;2;42;25;24m▀[48;2;89;92;85m▀[48;2;120;141;103m▀[48;2;89;92;85m▀[48;2;120;141;103m▀[48;2;160;160;159m▀[48;2;0;0;0m                     [m
[48;2;0;0;0m        [48;2;0;1;0m[38;2;89;92;85m▀ [48;2;255;139;140m[38;2;0;1;0m▀▀▀▀▀▀▀▀▀▀▀▀▀▀▀▀▀▀▀▀▀▀▀▀▀▀▀▀[48;2;208;98;98m▀▀▀[48;2;159;83;83m▀[48;2;42;25;24m▀[48;2;0;1;0m[38;2;88;42;42m▀[38;2;120;141;103m▀▀[48;2;42;25;24m[38;2;160;160;159m▀[48;2;120;141;103m[38;2;0;0;0m▀[48;2;160;160;159m▀[48;2;0;0;0m               [m
[48;2;0;0;0m        [48;2;0;1;0m  [48;2;255;139;140m                                 [38;2;255;102;101m▀[38;2;208;98;98m▀[38;2;159;83;83m▀[38;2;0;1;0m▀[48;2;159;83;83m▀[48;2;42;25;24m▀[48;2;0;1;0m[38;2;120;141;103m▀▀[48;2;120;141;103m[38;2;0;0;0m▀[48;2;0;0;0m            [m
[48;2;0;0;0m        [48;2;89;92;85m[38;2;0;1;0m▀[48;2;0;1;0m [48;2;88;42;42m[38;2;255;139;140m▀▀▀▀▀[48;2;159;83;83m▀[48;2;255;139;140m            [48;2;88;42;42m▀▀▀▀▀▀[48;2;159;83;83m▀[48;2;208;98;98m▀[48;2;255;139;140m             [38;2;159;83;83m▀[48;2;208;98;98m[38;2;0;1;0m▀[48;2;42;25;24m▀[48;2;0;1;0m[38;2;89;92;85m▀[48;2;120;141;103m[38;2;0;0;0m▀[48;2;0;0;0m          [m
[48;2;0;0;0m        [38;2;120;141;103m▀[48;2;160;160;159m[38;2;0;1;0m▀▀▀▀[48;2;120;141;103m▀[48;2;0;1;0m [48;2;88;42;42m [48;2;255;139;140m            [48;2;0;1;0m  [48;2;160;160;159m▀▀▀▀[48;2;89;92;85m▀▀[48;2;0;1;0m[38;2;88;42;42m▀[38;2;208;98;98m▀[48;2;208;98;98m[38;2;255;139;140m▀[48;2;255;139;140m            [38;2;208;98;98m▀[48;2;159;83;83m[38;2;0;1;0m▀[48;2;0;1;0m[38;2;42;25;24m▀[48;2;89;92;85m[38;2;160;160;159m▀[48;2;0;0;0m         [m
[48;2;0;0;0m             [48;2;160;160;159m [48;2;0;1;0m [48;2;88;42;42m [48;2;255;139;140m            [48;2;0;1;0m  [48;2;0;0;0m      [38;2;120;141;103m▀[48;2;89;92;85m[38;2;0;1;0m▀[48;2;0;1;0m[38;2;42;25;24m▀[48;2;208;98;98m[38;2;255;139;140m▀[48;2;255;139;140m            [38;2;208;98;98m▀[48;2;0;1;0m [48;2;42;25;24m[38;2;89;92;85m▀[48;2;0;0;0m         [m
[48;2;0;0;0m             [48;2;160;160;159m [48;2;0;1;0m [48;2;88;42;42m [48;2;255;139;140m            [48;2;0;1;0m  [48;2;0;0;0m     [48;2;160;160;159m[38;2;0;0;0m▀[48;2;120;141;103m▀[48;2;0;1;0m[38;2;120;141;103m▀[48;2;42;25;24m[38;2;0;1;0m▀[48;2;255;139;140m[38;2;208;98;98m▀            [48;2;208;98;98m[38;2;255;139;140m▀[48;2;0;1;0m [48;2;89;92;85m[38;2;42;25;24m▀[48;2;0;0;0m         [m
[48;2;0;0;0m        [48;2;120;141;103m[38;2;0;0;0m▀[48;2;42;25;24m[38;2;160;160;159m▀[48;2;0;1;0m▀▀▀▀ [48;2;88;42;42m [48;2;255;139;140m            [48;2;0;1;0m  ▀▀▀[38;2;120;141;103m▀[38;2;89;92;85m▀[38;2;42;25;24m▀[48;2;88;42;42m[38;2;0;1;0m▀[48;2;208;98;98m▀[48;2;255;139;140m[38;2;208;98;98m▀             [48;2;42;25;24m▀[48;2;0;1;0m [48;2;160;160;159m[38;2;89;92;85m▀[48;2;0;0;0m         [m
[48;2;0;0;0m        [48;2;0;1;0m[38;2;88;42;42m▀ [48;2;255;139;140m▀▀▀▀▀[38;2;159;83;83m▀            [38;2;88;42;42m▀▀▀▀▀[38;2;159;83;83m▀[38;2;208;98;98m▀▀             [48;2;208;98;98m[38;2;255;139;140m▀[48;2;88;42;42m▀[48;2;0;1;0m[38;2;88;42;42m▀[48;2;89;92;85m[38;2;0;1;0m▀[48;2;160;160;159m[38;2;89;92;85m▀[48;2;0;0;0m          [m
[48;2;0;0;0m        [48;2;0;1;0m  [48;2;255;139;140m                                  [48;2;208;98;98m[38;2;255;139;140m▀▀[48;2;88;42;42m▀[48;2;0;1;0m[38;2;208;98;98m▀[38;2;159;83;83m▀[48;2;42;25;24m[38;2;0;1;0m▀[48;2;120;141;103m▀[48;2;0;0;0m[38;2;89;92;85m▀[38;2;160;160;159m▀           [m
[48;2;0;0;0m        [48;2;120;141;103m[38;2;42;25;24m▀[48;2;0;1;0m [38;2;255;139;140m▀▀▀▀▀▀▀▀▀▀▀▀▀▀▀▀▀▀▀▀▀▀▀▀▀▀▀[38;2;255;102;101m▀▀[38;2;208;98;98m▀▀[38;2;159;83;83m▀▀[38;2;42;25;24m▀[48;2;88;42;42m[38;2;0;1;0m▀[48;2;89;92;85m▀[48;2;160;160;159m▀[38;2;42;25;24m▀[48;2;0;0;0m[38;2;89;92;85m▀[38;2;160;160;159m▀              [m
[48;2;0;0;0m        [38;2;160;160;159m▀[38;2;89;92;85m▀[38;2;42;25;24m▀[38;2;0;1;0m▀▀▀▀▀▀▀▀▀▀▀▀▀▀▀▀▀▀▀▀▀▀▀▀▀▀[38;2;88;42;42m▀[38;2;89;92;85m▀[38;2;120;141;103m▀[48;2;0;1;0m▀[38;2;88;42;42m▀[38;2;160;160;159m▀▀[38;2;0;0;0m▀▀▀▀▀[48;2;0;0;0m               [m
[48;2;0;0;0m                                   [48;2;0;1;0m[38;2;0;0;0m▀▀  [48;2;159;83;83m[38;2;0;1;0m▀[48;2;208;98;98m▀[48;2;255;102;101m▀▀▀▀▀▀[48;2;208;98;98m▀[48;2;159;83;83m▀[48;2;0;1;0m  [38;2;0;0;0m▀▀[48;2;0;0;0m           [m
[48;2;0;0;0m                                 [48;2;0;1;0m[38;2;0;0;0m▀ [48;2;159;83;83m[38;2;0;1;0m▀[48;2;208;98;98m▀[48;2;255;102;101m[38;2;159;83;83m▀            [38;2;208;98;98m▀[38;2;42;25;24m▀[48;2;159;83;83m[38;2;0;1;0m▀[48;2;0;1;0m [38;2;0;0;0m▀[48;2;0;0;0m         [m
[48;2;0;0;0m                               [48;2;0;1;0m  [48;2;159;83;83m[38;2;0;1;0m▀[48;2;255;102;101m[38;2;159;83;83m▀         [48;2;208;98;98m[38;2;255;102;101m▀[48;2;159;83;83m▀[48;2;42;25;24m▀[48;2;0;1;0m▀[48;2;42;25;24m▀[48;2;159;83;83m▀[48;2;208;98;98m▀[48;2;255;102;101m  [38;2;159;83;83m▀[48;2;159;83;83m[38;2;0;1;0m▀[48;2;0;1;0m [38;2;0;0;0m▀[48;2;0;0;0m       [m
[48;2;0;0;0m                             [48;2;0;1;0m[38;2;0;0;0m▀ [48;2;159;83;83m[38;2;0;1;0m▀[48;2;255;102;101m[38;2;159;83;83m▀    [48;2;159;83;83m[38;2;255;102;101m▀[48;2;0;1;0m▀[48;2;208;98;98m▀[48;2;255;102;101m   [48;2;42;25;24m[38;2;208;98;98m▀[48;2;0;1;0m [48;2;89;92;85m[38;2;0;1;0m▀[48;2;120;141;103m▀[38;2;42;25;24m▀[38;2;0;1;0m▀[48;2;89;92;85m▀[48;2;0;1;0m [38;2;208;98;98m▀[48;2;255;102;101m [48;2;159;83;83m[38;2;255;102;101m▀[48;2;0;1;0m▀[48;2;159;83;83m [48;2;0;1;0m  [48;2;0;0;0m      [m
[48;2;0;0;0m                           [48;2;0;1;0m[38;2;0;0;0m▀ [48;2;159;83;83m[38;2;0;1;0m▀[48;2;255;102;101m[38;2;159;83;83m▀     [48;2;208;98;98m [48;2;0;1;0m  [38;2;42;25;24m▀[48;2;255;102;101m  [48;2;208;98;98m [48;2;0;1;0m [48;2;89;92;85m[38;2;88;42;42m▀[48;2;120;141;103m     [48;2;89;92;85m [48;2;0;1;0m [48;2;42;25;24m[38;2;208;98;98m▀[48;2;0;1;0m  [38;2;42;25;24m▀[48;2;208;98;98m▀[48;2;0;1;0m [38;2;0;0;0m▀[48;2;0;0;0m     [m
[48;2;0;0;0m                         [48;2;0;1;0m[38;2;0;0;0m▀ [48;2;88;42;42m[38;2;0;1;0m▀[48;2;255;102;101m[38;2;159;83;83m▀        [48;2;208;98;98m[38;2;0;1;0m▀▀[48;2;255;102;101m[38;2;159;83;83m▀  [48;2;208;98;98m [48;2;0;1;0m [48;2;89;92;85m [48;2;120;141;103m     [48;2;89;92;85m [48;2;0;1;0m [48;2;208;98;98m [38;2;42;25;24m▀[38;2;0;1;0m▀[48;2;255;102;101m[38;2;159;83;83m▀[38;2;208;98;98m▀[48;2;0;1;0m  [48;2;0;0;0m     [m
[48;2;0;0;0m                        [48;2;0;1;0m  [48;2;208;98;98m[38;2;0;1;0m▀[48;2;255;102;101m[38;2;208;98;98m▀              [48;2;208;98;98m [48;2;0;1;0m [48;2;89;92;85m [48;2;120;141;103m     [48;2;89;92;85m [48;2;0;1;0m [48;2;208;98;98m [48;2;255;102;101m    [48;2;208;98;98m[38;2;159;83;83m▀[48;2;0;1;0m [38;2;0;0;0m▀[48;2;0;0;0m    [m
[48;2;0;0;0m                      [48;2;0;1;0m[38;2;0;0;0m▀  [48;2;208;98;98m[38;2;0;1;0m▀[48;2;255;102;101m                [38;2;208;98;98m▀[48;2;0;1;0m [48;2;42;25;24m[38;2;89;92;85m▀[48;2;120;141;103m     [48;2;89;92;85m [48;2;0;1;0m [48;2;208;98;98m [48;2;255;102;101m     [48;2;88;42;42m[38;2;0;1;0m▀[48;2;0;1;0m [48;2;0;0;0m    [m
[48;2;0;0;0m                      [48;2;0;1;0m   [48;2;208;98;98m [48;2;255;102;101m                 [48;2;42;25;24m[38;2;0;1;0m▀[48;2;0;1;0m[38;2;42;25;24m▀[48;2;120;141;103m     [48;2;0;1;0m▀[48;2;88;42;42m[38;2;0;1;0m▀[48;2;255;102;101m      [48;2;208;98;98m [48;2;0;1;0m  [48;2;0;0;0m   [m
[48;2;0;0;0m                     [48;2;0;1;0m  [48;2;208;98;98m[38;2;42;25;24m▀[48;2;0;1;0m [48;2;208;98;98m [48;2;255;102;101m                 [48;2;208;98;98m [48;2;0;1;0m [48;2;42;25;24m[38;2;89;92;85m▀[48;2;120;141;103m   [48;2;89;92;85m [48;2;0;1;0m [48;2;208;98;98m [48;2;255;102;101m      [38;2;208;98;98m▀[48;2;0;1;0m  [48;2;0;0;0m   [m
[48;2;0;0;0m                    [48;2;0;1;0m  [48;2;208;98;98m[38;2;159;83;83m▀[48;2;255;102;101m [48;2;42;25;24m[38;2;0;1;0m▀[48;2;0;1;0m[38;2;159;83;83m▀[48;2;255;102;101m                  [48;2;208;98;98m▀[48;2;0;1;0m [48;2;42;25;24m[38;2;89;92;85m▀[48;2;120;141;103m [48;2;89;92;85m[38;2;120;141;103m▀[48;2;0;1;0m [48;2;208;98;98m[38;2;0;1;0m▀[48;2;255;102;101m       [48;2;208;98;98m[38;2;255;102;101m▀[48;2;0;1;0m  [48;2;0;0;0m   [m
[48;2;0;0;0m                   [48;2;0;1;0m[38;2;0;0;0m▀ [48;2;208;98;98m[38;2;0;1;0m▀[48;2;255;102;101m  [38;2;208;98;98m▀[48;2;0;1;0m ▀[48;2;208;98;98m[38;2;255;102;101m▀[48;2;255;102;101m                 [38;2;159;83;83m▀[48;2;159;83;83m[38;2;0;1;0m▀[48;2;0;1;0m[38;2;88;42;42m▀[38;2;42;25;24m▀[48;2;159;83;83m[38;2;0;1;0m▀[48;2;255;102;101m        [48;2;159;83;83m[38;2;208;98;98m▀[48;2;0;1;0m  [48;2;0;0;0m   [m
[48;2;0;0;0m                 [48;2;0;1;0m[38;2;0;0;0m▀  [48;2;208;98;98m[38;2;42;25;24m▀[48;2;255;102;101m    [38;2;208;98;98m▀[48;2;159;83;83m[38;2;0;1;0m▀[48;2;0;1;0m[38;2;159;83;83m▀[48;2;159;83;83m[38;2;255;102;101m▀[48;2;255;102;101m                 [38;2;208;98;98m▀[48;2;208;98;98m[38;2;0;1;0m▀[48;2;159;83;83m▀[48;2;255;102;101m[38;2;208;98;98m▀       [48;2;208;98;98m[38;2;255;102;101m▀[48;2;0;1;0m  [48;2;0;0;0m    [m
[48;2;0;0;0m               [48;2;0;1;0m[38;2;0;0;0m▀  [48;2;208;98;98m[38;2;0;1;0m▀[48;2;255;102;101m[38;2;208;98;98m▀       [38;2;159;83;83m▀[48;2;159;83;83m[38;2;0;1;0m▀[48;2;0;1;0m[38;2;159;83;83m▀[48;2;159;83;83m[38;2;255;102;101m▀[48;2;208;98;98m▀[48;2;255;102;101m                [38;2;208;98;98m▀       [48;2;208;98;98m[38;2;255;102;101m▀[48;2;0;1;0m[38;2;42;25;24m▀ [48;2;0;0;0m     [m
[48;2;0;0;0m            [48;2;0;1;0m[38;2;0;0;0m▀▀ [48;2;159;83;83m[38;2;0;1;0m▀[48;2;208;98;98m▀[48;2;255;102;101m[38;2;208;98;98m▀           [38;2;159;83;83m▀[48;2;208;98;98m[38;2;0;1;0m▀[48;2;0;1;0m [38;2;208;98;98m▀[48;2;42;25;24m[38;2;255;102;101m▀[48;2;208;98;98m▀[48;2;255;102;101m                     [48;2;0;1;0m[38;2;159;83;83m▀ [48;2;0;0;0m[38;2;0;1;0m▀     [m
[48;2;0;0;0m         [48;2;0;1;0m[38;2;0;0;0m▀▀ [48;2;88;42;42m[38;2;0;1;0m▀[48;2;208;98;98m▀[48;2;255;102;101m[38;2;208;98;98m▀                 [38;2;159;83;83m▀[38;2;0;1;0m▀[48;2;208;98;98m▀[48;2;42;25;24m▀[48;2;0;1;0m[38;2;159;83;83m▀[38;2;208;98;98m▀▀[38;2;255;102;101m▀▀[48;2;255;102;101m              [48;2;208;98;98m▀[48;2;0;1;0m  [48;2;0;0;0m      [m
[48;2;0;0;0m       [48;2;0;1;0m[38;2;0;0;0m▀  [48;2;208;98;98m[38;2;0;1;0m▀[48;2;255;102;101m[38;2;159;83;83m▀                         [38;2;208;98;98m▀▀▀▀              ▀[48;2;0;1;0m  [48;2;0;0;0m      [m
[48;2;0;0;0m      [48;2;0;1;0m  [48;2;208;98;98m[38;2;0;1;0m▀[48;2;255;102;101m[38;2;208;98;98m▀                                              [48;2;88;42;42m[38;2;0;1;0m▀[48;2;0;1;0m [48;2;0;0;0m      [m
[48;2;0;0;0m     [48;2;0;1;0m   [38;2;42;25;24m▀▀▀▀▀▀▀▀▀▀▀▀▀▀▀▀▀▀▀▀▀▀▀▀▀▀▀▀▀▀▀▀▀▀▀▀▀▀▀▀▀▀▀▀▀▀▀▀   [48;2;0;0;0m     [m
