[48;2;0;0;0m                                                                [m
[48;2;0;0;0m                                                                [m
[48;2;0;0;0m                                                                [m
[48;2;0;0;0m                                                                [m
[48;2;0;0;0m                                                                [m
[48;2;0;0;0m                                                                [m
[48;2;0;0;0m                                                                [m
[48;2;0;0;0m                                                                [m
[48;2;0;0;0m                                                                [m
[48;2;0;0;0m                                                                [m
[48;2;0;0;0m                                                                [m
[48;2;0;0;0m              [48;2;1;3;1m[38;2;0;0;0m▀▀▀▀▀▀▀[48;2;0;0;0m                                           [m
[48;2;0;0;0m           [48;2;1;3;1m[38;2;0;0;0m▀  [48;2;79;150;150m[38;2;1;3;1m▀[48;2;138;213;220m▀[48;2;130;255;255m▀▀▀▀▀[48;2;138;213;220m▀[48;2;79;150;150m▀[48;2;1;3;1m  [38;2;0;0;0m▀▀[48;2;0;0;0m                                     [m
[48;2;0;0;0m        [48;2;1;3;1m[38;2;0;0;0m▀  [48;2;138;213;220m[38;2;1;3;1m▀[48;2;130;255;255m[38;2;79;150;150m▀           ▀[38;2;24;39;41m▀[48;2;138;213;220m[38;2;1;3;1m▀[48;2;1;3;1m  [38;2;0;0;0m▀[48;2;0;0;0m                                  [m
[48;2;0;0;0m      [48;2;1;3;1m[38;2;0;0;0m▀ [48;2;79;150;150m[38;2;1;3;1m▀[48;2;130;255;255m[38;2;79;150;150m▀          [48;2;138;213;220m[38;2;130;255;255m▀▀▀[48;2;130;255;255m    [38;2;138;213;220m▀[48;2;138;213;220m[38;2;24;39;41m▀[48;2;1;3;1m  [38;2;0;0;0m▀[48;2;0;0;0m                                [m
[48;2;0;0;0m     [48;2;1;3;1m[38;2;0;0;0m▀ [48;2;138;213;220m[38;2;79;114;101m▀[48;2;130;255;255m   [48;2;138;213;220m[38;2;130;255;255m▀▀[48;2;130;255;255m    [48;2;79;150;150m▀[48;2;1;3;1m[38;2;79;150;150m▀ [48;2;39;76;77m[38;2;1;3;1m▀[48;2;79;114;101m▀[48;2;39;76;77m▀[48;2;1;3;1m [38;2;138;213;220m▀[48;2;79;150;150m[38;2;130;255;255m▀[48;2;130;255;255m [48;2;138;213;220m▀▀[48;2;130;255;255m[38;2;138;213;220m▀[48;2;79;150;150m[38;2;1;3;1m▀[48;2;1;3;1m [38;2;0;0;0m▀[48;2;0;0;0m                               [m
[48;2;0;0;0m    [48;2;1;3;1m  [48;2;130;255;255m[38;2;79;150;150m▀   [48;2;79;150;150m[38;2;138;213;220m▀[48;2;1;3;1m  [48;2;39;76;77m[38;2;79;150;150m▀[48;2;130;255;255m  [48;2;138;213;220m [48;2;1;3;1m [48;2;79;114;101m[38;2;1;3;1m▀[48;2;120;141;103m     [48;2;35;58;46m▀[48;2;1;3;1m [48;2;79;150;150m[38;2;138;213;220m▀[48;2;1;3;1m  [38;2;79;150;150m▀[48;2;130;255;255m[38;2;138;213;220m▀[48;2;1;3;1m  [48;2;0;0;0m                               [m
[48;2;0;0;0m   [48;2;1;3;1m[38;2;0;0;0m▀ [48;2;79;150;150m [48;2;130;255;255m    [38;2;79;150;150m▀[48;2;79;150;150m[38;2;1;3;1m▀[48;2;24;39;41m▀[48;2;138;213;220m[38;2;79;150;150m▀[48;2;130;255;255m  [48;2;79;150;150m[38;2;138;213;220m▀[48;2;1;3;1m [48;2;79;114;101m [48;2;120;141;103m     [48;2;79;114;101m [48;2;1;3;1m [48;2;79;150;150m[38;2;39;76;77m▀[38;2;1;3;1m▀[48;2;1;3;1m [48;2;138;213;220m[38;2;35;58;46m▀[48;2;130;255;255m [48;2;79;150;150m [48;2;1;3;1m [38;2;0;0;0m▀[48;2;0;0;0m                              [m
[48;2;0;0;0m   [48;2;1;3;1m [48;2;79;150;150m[38;2;1;3;1m▀[48;2;130;255;255m           [48;2;79;150;150m [48;2;1;3;1m [48;2;79;114;101m [48;2;120;141;103m     [48;2;79;114;101m [48;2;1;3;1m [48;2;138;213;220m[38;2;79;150;150m▀[48;2;130;255;255m     [48;2;138;213;220m[38;2;1;3;1m▀[48;2;1;3;1m  [48;2;0;0;0m                             [m
[48;2;0;0;0m  [48;2;1;3;1m  [48;2;130;255;255m[38;2;138;213;220m▀           [48;2;138;213;220m[38;2;79;150;150m▀[48;2;1;3;1m [48;2;39;76;77m[38;2;79;114;101m▀[48;2;120;141;103m     [48;2;79;114;101m [48;2;1;3;1m [48;2;138;213;220m [48;2;130;255;255m      [48;2;138;213;220m[38;2;79;150;150m▀[48;2;24;39;41m[38;2;1;3;1m▀[48;2;1;3;1m [38;2;0;0;0m▀[48;2;0;0;0m                           [m
[48;2;0;0;0m  [48;2;1;3;1m [48;2;79;150;150m [48;2;130;255;255m            [38;2;138;213;220m▀[48;2;1;3;1m [48;2;24;39;41m[38;2;39;76;77m▀[48;2;120;141;103m     [48;2;1;3;1m[38;2;35;58;46m▀ [48;2;130;255;255m[38;2;138;213;220m▀       ▀[48;2;79;150;150m[38;2;1;3;1m▀[48;2;1;3;1m [48;2;0;0;0m                           [m
[48;2;0;0;0m [48;2;1;3;1m[38;2;0;0;0m▀ [48;2;79;150;150m [48;2;130;255;255m             [48;2;79;150;150m[38;2;35;58;46m▀[48;2;1;3;1m [48;2;79;114;101m[38;2;120;141;103m▀[48;2;120;141;103m   [48;2;79;114;101m [48;2;1;3;1m [48;2;138;213;220m[38;2;79;150;150m▀[48;2;130;255;255m         [38;2;138;213;220m▀[48;2;1;3;1m  [48;2;0;0;0m                          [m
[48;2;0;0;0m [48;2;1;3;1m  [48;2;79;150;150m [48;2;130;255;255m             [38;2;138;213;220m▀[48;2;79;150;150m[38;2;1;3;1m▀[48;2;1;3;1m [48;2;79;114;101m[38;2;120;141;103m▀[48;2;120;141;103m [48;2;79;114;101m▀[48;2;1;3;1m[38;2;35;58;46m▀[48;2;79;150;150m[38;2;1;3;1m▀[48;2;130;255;255m[38;2;138;213;220m▀          [48;2;1;3;1m  [48;2;0;0;0m                          [m
[48;2;0;0;0m [48;2;1;3;1m  [48;2;79;150;150m [48;2;130;255;255m              [38;2;138;213;220m▀[48;2;138;213;220m[38;2;1;3;1m▀[48;2;1;3;1m [48;2;35;58;46m[38;2;79;114;101m▀[48;2;1;3;1m[38;2;39;76;77m▀[48;2;35;58;46m[38;2;1;3;1m▀[48;2;130;255;255m[38;2;138;213;220m▀          [48;2;138;213;220m[38;2;130;255;255m▀[48;2;1;3;1m  [48;2;0;0;0m                          [m
[48;2;0;0;0m  [48;2;1;3;1m  [48;2;138;213;220m[38;2;130;255;255m▀[48;2;130;255;255m               [38;2;79;150;150m▀[48;2;24;39;41m[38;2;1;3;1m▀[48;2;1;3;1m [48;2;130;255;255m[38;2;138;213;220m▀           [48;2;79;150;150m [48;2;1;3;1m [38;2;0;0;0m▀[48;2;0;0;0m                          [m
[48;2;0;0;0m  [48;2;1;3;1m   [48;2;79;150;150m[38;2;138;213;220m▀[48;2;130;255;255m               ▀[38;2;79;150;150m▀            [48;2;79;150;150m [48;2;1;3;1m  [38;2;0;0;0m▀[48;2;0;0;0m                         [m
[48;2;0;0;0m   [48;2;1;3;1m   [48;2;24;39;41m[38;2;138;213;220m▀[48;2;138;213;220m[38;2;130;255;255m▀[48;2;130;255;255m                            [38;2;79;150;150m▀[38;2;1;3;1m▀[48;2;79;150;150m▀[48;2;24;39;41m▀[48;2;1;3;1m  [38;2;0;0;0m▀▀[48;2;0;0;0m                    [m
[48;2;0;0;0m   [48;2;1;3;1m  [48;2;138;213;220m[38;2;35;58;46m▀[48;2;79;150;150m[38;2;1;3;1m▀[48;2;1;3;1m[38;2;35;58;46m▀[48;2;79;150;150m[38;2;130;255;255m▀[48;2;130;255;255m                               [38;2;138;213;220m▀[38;2;79;150;150m▀[48;2;138;213;220m[38;2;1;3;1m▀[48;2;79;150;150m▀[48;2;1;3;1m  [38;2;0;0;0m▀▀[48;2;0;0;0m                [m
[48;2;0;0;0m   [48;2;1;3;1m  [48;2;130;255;255m  [38;2;79;150;150m▀[48;2;79;150;150m[38;2;1;3;1m▀[48;2;1;3;1m[38;2;79;150;150m▀[48;2;24;39;41m[38;2;130;255;255m▀[48;2;138;213;220m▀[48;2;130;255;255m                                 [38;2;79;150;150m▀[38;2;1;3;1m▀[48;2;79;150;150m▀[48;2;1;3;1m  [38;2;0;0;0m▀▀[48;2;0;0;0m            [m
[48;2;0;0;0m   [48;2;1;3;1m  [48;2;138;213;220m[38;2;130;255;255m▀[48;2;130;255;255m   [38;2;79;150;150m▀[48;2;138;213;220m[38;2;1;3;1m▀[48;2;35;58;46m▀[48;2;1;3;1m[38;2;79;150;150m▀[38;2;130;255;255m▀[48;2;79;150;150m▀[48;2;138;213;220m▀[48;2;130;255;255m                                [38;2;138;213;220m▀[38;2;79;150;150m▀[48;2;138;213;220m[38;2;1;3;1m▀[48;2;79;150;150m▀[48;2;1;3;1m  [38;2;0;0;0m▀[48;2;0;0;0m         [m
[48;2;0;0;0m   [48;2;1;3;1m  [48;2;79;150;150m[38;2;138;213;220m▀[48;2;130;255;255m      ▀[38;2;35;58;46m▀[48;2;138;213;220m[38;2;1;3;1m▀[48;2;79;150;150m▀▀[48;2;24;39;41m[38;2;39;76;77m▀[48;2;138;213;220m [48;2;130;255;255m                                 [38;2;138;213;220m▀[38;2;24;39;41m▀[48;2;79;150;150m[38;2;1;3;1m▀[48;2;1;3;1m  [38;2;0;0;0m▀[48;2;0;0;0m      [m
[48;2;0;0;0m    [48;2;1;3;1m [38;2;39;76;77m▀[38;2;79;150;150m▀▀▀▀▀▀▀▀▀▀▀▀▀▀▀▀▀▀▀▀▀▀▀▀▀▀▀▀▀▀▀▀▀▀▀▀▀▀▀▀▀▀▀▀▀▀▀▀▀▀    [38;2;0;0;0m▀[48;2;0;0;0m   [m
