[48;2;0;0;0m                                                                [m
[48;2;0;0;0m    [48;2;157;157;156m[38;2;0;0;0m▀[48;2;74;86;69m▀[48;2;1;2;1m▀▀▀▀▀▀▀▀▀▀▀▀▀▀▀▀▀▀▀▀▀▀▀▀[48;2;74;86;69m▀[48;2;120;141;103m▀[48;2;0;0;0m  [48;2;157;157;156m▀[48;2;92;95;85m▀[48;2;1;2;1m▀▀▀▀▀▀▀▀▀▀▀▀▀▀▀▀▀▀▀▀▀▀▀[48;2;66;67;57m▀[48;2;174;174;174m▀[48;2;0;0;0m   [m
[48;2;0;0;0m   [48;2;84;105;81m[38;2;174;174;174m▀[48;2;1;2;1m [48;2;79;150;150m[38;2;1;2;1m▀[48;2;130;255;255m▀▀▀▀▀▀▀▀▀▀▀▀▀▀▀▀▀▀▀▀▀▀▀▀[48;2;94;182;182m▀[48;2;1;2;1m[38;2;30;48;38m▀[48;2;65;75;57m[38;2;157;157;156m▀[48;2;35;52;42m▀[48;2;1;2;1m [48;2;96;188;188m[38;2;1;2;1m▀[48;2;130;255;255m▀▀▀▀▀▀▀▀▀▀▀▀▀▀▀▀▀▀▀▀▀▀[48;2;138;213;220m▀[48;2;1;2;1m [48;2;85;97;91m[38;2;81;101;95m▀[48;2;0;0;0m   [m
[48;2;0;0;0m   [48;2;57;89;82m [48;2;1;2;1m [48;2;79;150;150m [48;2;130;255;255m                         [38;2;81;101;95m▀[48;2;30;48;38m[38;2;1;2;1m▀▀[48;2;130;255;255m[38;2;79;150;150m▀                       [48;2;138;213;220m[38;2;130;255;255m▀[48;2;1;2;1m [48;2;65;75;57m[38;2;35;52;42m▀[48;2;0;0;0m   [m
[48;2;0;0;0m   [48;2;157;157;156m[38;2;57;89;82m▀[48;2;1;2;1m [48;2;49;85;91m[38;2;79;150;150m▀[48;2;95;187;187m[38;2;130;255;255m▀▀▀▀▀[48;2;138;213;220m▀[48;2;130;255;255m                    [38;2;138;213;220m▀[38;2;95;187;187m▀      [48;2;138;213;220m[38;2;130;255;255m▀[48;2;130;255;255m            [48;2;97;191;191m▀[48;2;95;187;187m▀▀▀▀[48;2;79;150;150m▀[48;2;1;2;1m [48;2;85;97;91m[38;2;55;77;63m▀[48;2;0;0;0m   [m
[48;2;0;0;0m   [38;2;174;174;174m▀[48;2;174;174;174m[38;2;92;95;85m▀[48;2;87;105;80m[38;2;1;2;1m▀[48;2;1;2;1m [48;2;41;36;30m▀▀[48;2;92;95;85m▀[48;2;1;2;1m [48;2;138;213;220m[38;2;97;191;191m▀[48;2;130;255;255m      [48;2;1;2;1m[38;2;49;85;91m▀[48;2;94;182;182m[38;2;130;255;255m▀[48;2;130;255;255m                   [48;2;81;101;95m▀[48;2;1;2;1m[38;2;35;52;42m▀[48;2;130;255;255m            [48;2;81;101;95m [48;2;1;2;1m [48;2;76;79;60m[38;2;1;2;1m▀[48;2;1;2;1m  [48;2;35;52;42m▀[48;2;157;157;156m▀[48;2;0;0;0m[38;2;157;157;156m▀   [m
[48;2;0;0;0m         [48;2;119;140;103m [48;2;1;2;1m [48;2;97;191;191m [48;2;130;255;255m      [48;2;1;2;1m  [48;2;49;85;91m[38;2;138;213;220m▀[48;2;130;255;255m                [48;2;138;213;220m[38;2;130;255;255m▀[48;2;1;2;1m[38;2;95;187;187m▀  [48;2;130;255;255m            [48;2;81;101;95m [48;2;1;2;1m [48;2;157;157;156m [48;2;0;0;0m        [m
[48;2;0;0;0m         [48;2;119;140;103m [48;2;1;2;1m [48;2;97;191;191m [48;2;130;255;255m      [48;2;1;2;1m  [48;2;30;48;38m[38;2;1;2;1m▀[48;2;1;2;1m[38;2;79;150;150m▀[48;2;96;188;188m[38;2;130;255;255m▀[48;2;130;255;255m             [48;2;79;150;150m▀[48;2;1;2;1m[38;2;49;85;91m▀[48;2;92;95;85m[38;2;1;2;1m▀[48;2;1;2;1m  [48;2;130;255;255m            [48;2;81;101;95m[38;2;79;150;150m▀[48;2;1;2;1m [48;2;117;141;102m [48;2;0;0;0m        [m
[48;2;0;0;0m   [48;2;174;174;174m[38;2;0;0;0m▀[48;2;92;95;85m[38;2;174;174;174m▀[48;2;1;2;1m[38;2;87;105;80m▀   [38;2;92;95;85m▀ [48;2;97;191;191m [48;2;130;255;255m      [48;2;1;2;1m  ▀ [38;2;35;52;42m▀[48;2;49;85;91m[38;2;130;255;255m▀[48;2;130;255;255m          [48;2;138;213;220m▀[48;2;30;48;38m[38;2;95;187;187m▀[48;2;1;2;1m  [38;2;76;79;60m▀  [48;2;130;255;255m            [48;2;81;101;95m [48;2;1;2;1m ▀  [38;2;41;36;30m▀[38;2;157;157;156m▀[48;2;119;140;103m[38;2;0;0;0m▀[48;2;0;0;0m   [m
[48;2;0;0;0m   [48;2;57;89;82m[38;2;157;157;156m▀[48;2;1;2;1m [48;2;79;150;150m[38;2;49;85;91m▀[48;2;130;255;255m[38;2;95;187;187m▀▀▀▀▀[38;2;138;213;220m▀      [38;2;95;187;187m▀▀▀▀▀[48;2;79;150;150m [48;2;1;2;1m[38;2;94;182;182m▀[48;2;79;150;150m[38;2;130;255;255m▀[48;2;95;187;187m▀▀[48;2;130;255;255m     [48;2;94;182;182m▀[48;2;1;2;1m[38;2;49;85;91m▀[48;2;138;213;220m[38;2;79;150;150m▀[48;2;130;255;255m[38;2;95;187;187m▀▀▀▀▀            [38;2;97;191;191m▀[38;2;95;187;187m▀▀▀▀[38;2;79;150;150m▀[48;2;1;2;1m [38;2;75;90;62m▀[48;2;0;0;0m   [m
[48;2;0;0;0m   [48;2;83;99;79m[38;2;57;89;82m▀[48;2;1;2;1m [48;2;79;150;150m [48;2;130;255;255m            [48;2;95;187;187m[38;2;130;255;255m▀[48;2;1;2;1m▀[38;2;95;187;187m▀ [48;2;80;149;85m[38;2;1;2;1m▀[48;2;107;210;109m▀▀▀▀▀[48;2;80;149;85m▀[48;2;1;2;1m [38;2;95;187;187m▀[38;2;130;255;255m▀[48;2;30;48;38m[38;2;97;191;191m▀[48;2;1;2;1m  [48;2;138;213;220m [48;2;130;255;255m                       [48;2;1;2;1m  [48;2;0;0;0m   [m
[48;2;0;0;0m   [48;2;174;174;174m[38;2;57;89;82m▀[48;2;1;2;1m [38;2;79;150;150m▀[38;2;130;255;255m▀▀▀▀▀▀▀▀▀▀▀[38;2;79;150;150m▀[48;2;80;149;85m[38;2;1;2;1m▀[48;2;126;224;132m▀[48;2;132;255;134m[38;2;107;210;109m▀         ▀[38;2;1;2;1m▀[48;2;84;159;87m▀[48;2;1;2;1m  [38;2;138;213;220m▀[38;2;130;255;255m▀▀▀▀▀▀▀▀▀▀▀▀▀▀▀▀▀▀▀▀▀▀▀ [48;2;85;97;91m[38;2;30;48;38m▀[48;2;0;0;0m   [m
[48;2;0;0;0m    [38;2;157;157;156m▀[38;2;74;86;69m▀[38;2;1;2;1m▀▀▀▀▀▀▀[48;2;1;2;1m   [48;2;126;224;132m▀[48;2;132;255;134m[38;2;84;159;87m▀        [48;2;107;210;109m[38;2;132;255;134m▀▀▀▀[48;2;126;224;132m▀[48;2;132;255;134m  [38;2;126;224;132m▀[48;2;126;224;132m[38;2;1;2;1m▀[48;2;1;2;1m  [48;2;0;0;0m▀▀[38;2;41;36;30m▀[38;2;1;2;1m▀▀▀▀▀▀▀▀▀▀▀▀▀▀▀▀▀▀▀[38;2;81;101;95m▀[38;2;84;105;81m▀   [m
[48;2;0;0;0m            [48;2;1;2;1m[38;2;0;0;0m▀ [48;2;80;149;85m[38;2;1;2;1m▀[48;2;132;255;134m[38;2;126;224;132m▀  [48;2;80;149;85m[38;2;132;255;134m▀▀[48;2;132;255;134m   [48;2;126;224;132m▀[48;2;1;2;1m[38;2;126;224;132m▀ [48;2;75;90;62m[38;2;1;2;1m▀[48;2;87;105;80m▀▀▀[48;2;35;52;42m▀[48;2;1;2;1m[38;2;80;149;85m▀[48;2;107;210;109m[38;2;132;255;134m▀[48;2;132;255;134m [48;2;80;149;85m▀[48;2;55;77;63m[38;2;80;149;85m▀[48;2;1;2;1m  [48;2;0;0;0m                          [m
[48;2;0;0;0m           [48;2;1;2;1m  [48;2;126;224;132m[38;2;30;48;38m▀[48;2;132;255;134m   [48;2;83;99;79m[38;2;107;210;109m▀[48;2;1;2;1m  [48;2;107;210;109m [48;2;132;255;134m  [48;2;107;210;109m [48;2;1;2;1m [48;2;115;141;101m[38;2;87;105;80m▀[48;2;117;141;102m  [38;2;115;141;101m▀  [48;2;34;48;45m[38;2;1;2;1m▀[48;2;1;2;1m[38;2;30;48;38m▀[48;2;107;210;109m [48;2;1;2;1m  [48;2;30;48;38m[38;2;1;2;1m▀[48;2;1;2;1m [48;2;41;36;30m[38;2;30;48;38m▀[48;2;0;0;0m                         [m
[48;2;0;0;0m          [48;2;1;2;1m  [48;2;126;224;132m[38;2;80;149;85m▀[48;2;132;255;134m    [38;2;107;210;109m▀[48;2;107;210;109m[38;2;1;2;1m▀▀[48;2;132;255;134m[38;2;107;210;109m▀  [48;2;107;210;109m [48;2;1;2;1m [48;2;117;141;102m[38;2;119;140;103m▀  [48;2;115;141;101m [48;2;117;141;102m  [48;2;83;99;79m[38;2;65;75;57m▀[48;2;1;2;1m [48;2;107;210;109m[38;2;84;159;87m▀[38;2;1;2;1m▀▀[48;2;132;255;134m[38;2;80;149;85m▀[48;2;80;149;85m[38;2;1;2;1m▀[48;2;1;2;1m [38;2;0;0;0m▀[48;2;0;0;0m                        [m
[48;2;0;0;0m         [48;2;1;2;1m  [48;2;107;210;109m[38;2;80;149;85m▀[48;2;132;255;134m           [48;2;75;90;62m[38;2;84;159;87m▀[48;2;1;2;1m [48;2;117;141;102m[38;2;115;141;101m▀  ▀  [48;2;75;90;62m[38;2;83;99;79m▀[48;2;1;2;1m [48;2;132;255;134m[38;2;107;210;109m▀   [38;2;126;224;132m▀[48;2;80;149;85m[38;2;1;2;1m▀[48;2;1;2;1m [38;2;0;0;0m▀[48;2;0;0;0m                       [m
[48;2;0;0;0m        [48;2;1;2;1m[38;2;0;0;0m▀ [48;2;107;210;109m[38;2;30;48;38m▀[48;2;132;255;134m            [48;2;107;210;109m [48;2;1;2;1m [48;2;87;105;80m [48;2;117;141;102m  [48;2;115;141;101m [48;2;117;141;102m  [48;2;35;52;42m[38;2;65;75;57m▀[48;2;1;2;1m [48;2;132;255;134m      [48;2;126;224;132m[38;2;30;48;38m▀[48;2;1;2;1m  [48;2;0;0;0m                      [m
[48;2;0;0;0m        [48;2;1;2;1m  [48;2;132;255;134m[38;2;107;210;109m▀            [48;2;126;224;132m▀[48;2;1;2;1m [48;2;55;77;63m[38;2;83;99;79m▀[48;2;117;141;102m    [48;2;115;141;101m[38;2;117;141;102m▀[48;2;1;2;1m [48;2;107;210;109m[38;2;65;75;57m▀[48;2;132;255;134m       [38;2;80;149;85m▀[48;2;30;48;38m[38;2;1;2;1m▀[48;2;1;2;1m [48;2;0;0;0m                     [m
[48;2;0;0;0m        [48;2;1;2;1m [48;2;55;77;63m[38;2;1;2;1m▀[48;2;132;255;134m              [48;2;107;210;109m[38;2;30;48;38m▀[48;2;1;2;1m [48;2;87;105;80m[38;2;115;141;101m▀[48;2;117;141;102m   [48;2;65;75;57m[38;2;75;90;62m▀[48;2;1;2;1m [48;2;132;255;134m[38;2;107;210;109m▀        ▀[48;2;1;2;1m  [48;2;0;0;0m                    [m
[48;2;0;0;0m        [48;2;1;2;1m [48;2;107;210;109m[38;2;80;149;85m▀[48;2;132;255;134m              [38;2;126;224;132m▀[48;2;80;149;85m[38;2;1;2;1m▀[48;2;1;2;1m[38;2;30;48;38m▀[48;2;83;99;79m[38;2;117;141;102m▀[48;2;117;141;102m [48;2;75;90;62m[38;2;115;141;101m▀[48;2;1;2;1m [48;2;107;210;109m[38;2;65;75;57m▀[48;2;132;255;134m          [48;2;107;210;109m[38;2;55;77;63m▀[48;2;1;2;1m [48;2;0;0;0m                    [m
[48;2;0;0;0m        [48;2;1;2;1m [48;2;30;48;38m[38;2;75;90;62m▀[48;2;132;255;134m               [38;2;126;224;132m▀[48;2;107;210;109m[38;2;1;2;1m▀[48;2;1;2;1m [38;2;87;105;80m▀ [48;2;107;210;109m[38;2;35;52;42m▀[48;2;132;255;134m           [48;2;80;149;85m[38;2;107;210;109m▀[48;2;1;2;1m [48;2;0;0;0m                    [m
[48;2;0;0;0m        [48;2;1;2;1m  [48;2;107;210;109m[38;2;132;255;134m▀[48;2;132;255;134m                [38;2;80;149;85m▀[48;2;30;48;38m[38;2;1;2;1m▀[48;2;80;149;85m▀[48;2;132;255;134m            [48;2;1;2;1m  [48;2;0;0;0m                    [m
[48;2;0;0;0m        [38;2;1;2;1m▀[48;2;1;2;1m [38;2;30;48;38m▀[48;2;80;149;85m[38;2;132;255;134m▀[48;2;132;255;134m                [38;2;126;224;132m▀▀           [48;2;107;210;109m [48;2;1;2;1m  [48;2;0;0;0m                    [m
[48;2;0;0;0m         [48;2;1;2;1m   [38;2;80;149;85m▀[48;2;80;149;85m[38;2;132;255;134m▀[48;2;132;255;134m                           [38;2;126;224;132m▀[48;2;35;52;42m[38;2;1;2;1m▀[48;2;1;2;1m [38;2;0;0;0m▀[48;2;0;0;0m                   [m
[48;2;0;0;0m         [48;2;1;2;1m  [48;2;132;255;134m[38;2;84;159;87m▀[38;2;80;149;85m▀[48;2;80;149;85m[38;2;1;2;1m▀[48;2;1;2;1m[38;2;80;149;85m▀[38;2;126;224;132m▀[48;2;80;149;85m[38;2;132;255;134m▀[48;2;132;255;134m                         [38;2;126;224;132m▀[48;2;126;224;132m[38;2;30;48;38m▀[48;2;80;149;85m[38;2;1;2;1m▀[48;2;1;2;1m  [38;2;0;0;0m▀▀[48;2;0;0;0m               [m
[48;2;0;0;0m        [48;2;1;2;1m[38;2;0;0;0m▀ [48;2;107;210;109m[38;2;35;52;42m▀[48;2;132;255;134m   [38;2;107;210;109m▀[38;2;30;48;38m▀[48;2;107;210;109m[38;2;1;2;1m▀[48;2;30;48;38m▀[48;2;1;2;1m[38;2;107;210;109m▀[38;2;126;224;132m▀[48;2;35;52;42m[38;2;132;255;134m▀[48;2;107;210;109m▀[48;2;126;224;132m▀[48;2;132;255;134m                       [38;2;107;210;109m▀[38;2;1;2;1m▀[48;2;107;210;109m▀[48;2;35;52;42m▀[48;2;1;2;1m [38;2;0;0;0m▀▀[48;2;0;0;0m           [m
[48;2;0;0;0m       [48;2;1;2;1m  [48;2;126;224;132m[38;2;80;149;85m▀[48;2;132;255;134m        [38;2;107;210;109m▀[38;2;80;149;85m▀[38;2;1;2;1m▀[48;2;107;210;109m▀▀[48;2;126;224;132m[38;2;107;210;109m▀[48;2;132;255;134m                          ▀[48;2;126;224;132m[38;2;1;2;1m▀[48;2;80;149;85m▀[48;2;1;2;1m [38;2;0;0;0m▀▀[48;2;0;0;0m        [m
[48;2;0;0;0m      [48;2;1;2;1m  [48;2;132;255;134m[38;2;107;210;109m▀                                            ▀[48;2;126;224;132m[38;2;1;2;1m▀[48;2;1;2;1m  [38;2;0;0;0m▀[48;2;0;0;0m      [m
[48;2;0;0;0m     [48;2;1;2;1m  [48;2;107;210;109m[38;2;80;149;85m▀[48;2;132;255;134m                                               [38;2;126;224;132m▀[48;2;126;224;132m[38;2;1;2;1m▀[48;2;1;2;1m  [38;2;0;0;0m▀[48;2;0;0;0m    [m
[48;2;0;0;0m     [48;2;1;2;1m  [48;2;132;255;134m[38;2;126;224;132m▀                                                 ▀[48;2;80;149;85m[38;2;1;2;1m▀[48;2;1;2;1m [38;2;0;0;0m▀[48;2;0;0;0m   [m
[48;2;0;0;0m     [48;2;1;2;1m  [38;2;35;52;42m▀▀▀▀[48;2;41;36;30m▀[48;2;1;2;1m▀▀▀▀▀▀▀▀▀▀▀▀▀▀▀▀▀▀▀▀▀▀▀▀▀▀▀▀▀▀▀▀▀▀▀▀▀▀▀▀▀▀▀▀▀▀▀   [38;2;0;0;0m▀[48;2;0;0;0m [m
