[48;2;0;0;0m                                                                [m
[48;2;0;0;0m         [48;2;161;161;161m[38;2;0;0;0m▀[48;2;41;89;48m▀[48;2;35;50;38m▀[48;2;1;2;1m▀▀▀▀▀▀▀▀▀▀▀▀▀▀▀▀▀▀▀▀▀▀▀▀▀▀▀▀▀▀▀▀▀▀▀▀▀▀▀▀[48;2;84;108;78m▀[48;2;117;141;102m▀[48;2;0;0;0m          [m
[48;2;0;0;0m         [48;2;84;108;78m [48;2;1;2;1m [48;2;95;185;185m[38;2;1;2;1m▀[48;2;130;255;255m▀▀▀▀▀▀▀▀▀▀▀▀▀▀▀▀▀▀▀▀▀▀▀▀▀▀▀▀▀▀▀▀▀▀▀▀▀▀▀▀[48;2;1;2;1m [38;2;84;108;78m▀[48;2;0;0;0m          [m
[48;2;0;0;0m         [48;2;84;108;78m [48;2;1;2;1m [48;2;130;255;255m[38;2;95;185;185m▀                                        [48;2;1;2;1m  [48;2;0;0;0m          [m
[48;2;0;0;0m         [48;2;84;108;78m [48;2;1;2;1m [48;2;117;141;102m[38;2;95;185;185m▀[48;2;95;185;185m[38;2;130;255;255m▀▀▀▀▀[48;2;130;255;255m             [48;2;95;185;185m▀▀▀▀▀▀▀▀▀▀▀▀▀[48;2;130;255;255m         [48;2;1;2;1m  [48;2;0;0;0m          [m
[48;2;0;0;0m         [38;2;117;141;102m▀[48;2;117;141;102m[38;2;1;2;1m▀[48;2;95;185;185m▀[48;2;1;2;1m     [48;2;130;255;255m            [48;2;95;185;185m [48;2;84;108;78m▀[48;2;57;96;92m▀[48;2;84;108;78m▀[48;2;117;141;102m▀[48;2;57;96;92m▀▀[48;2;84;108;78m▀[48;2;57;96;92m▀[48;2;1;2;1m [48;2;84;108;78m▀[48;2;117;141;102m▀[48;2;35;50;38m▀[48;2;1;2;1m [48;2;130;255;255m         [48;2;1;2;1m  [48;2;0;0;0m          [m
[48;2;0;0;0m               [48;2;1;2;1m  [48;2;130;255;255m                    [48;2;95;185;185m [48;2;1;2;1m  [48;2;0;0;0m [48;2;117;141;102m[38;2;84;108;78m▀[48;2;1;2;1m [38;2;95;185;185m▀▀▀▀▀▀▀▀▀ [48;2;35;50;38m[38;2;1;2;1m▀[48;2;57;96;92m[38;2;0;0;0m▀[48;2;0;0;0m         [m
[48;2;0;0;0m               [48;2;1;2;1m  [48;2;130;255;255m                    [48;2;95;185;185m [48;2;1;2;1m  [48;2;0;0;0m [48;2;35;50;38m[38;2;161;161;161m▀[48;2;1;2;1m [48;2;95;185;185m[38;2;1;2;1m▀[48;2;130;255;255m▀▀▀▀▀▀▀▀▀[48;2;1;2;1m [38;2;84;108;78m▀[48;2;0;0;0m         [m
[48;2;0;0;0m         [48;2;95;185;185m[38;2;0;0;0m▀[48;2;35;50;38m[38;2;161;161;161m▀[48;2;1;2;1m[38;2;117;141;102m▀[38;2;84;108;78m▀[38;2;41;89;48m▀[38;2;84;108;78m▀  [48;2;130;255;255m            [48;2;95;185;185m [48;2;1;2;1m         [38;2;57;96;92m▀[38;2;41;89;48m▀[38;2;35;50;38m▀ [48;2;95;185;185m [48;2;130;255;255m         [48;2;1;2;1m  [48;2;0;0;0m         [m
[48;2;0;0;0m         [48;2;84;108;78m[38;2;95;185;185m▀[48;2;1;2;1m [48;2;95;185;185m[38;2;117;141;102m▀[48;2;130;255;255m[38;2;95;185;185m▀▀▀[38;2;117;141;102m▀[38;2;95;185;185m▀      [48;2;95;185;185m[38;2;130;255;255m▀▀▀▀▀[48;2;130;255;255m  [38;2;117;141;102m▀[38;2;95;185;185m▀▀[38;2;117;141;102m▀[38;2;95;185;185m▀▀[38;2;117;141;102m▀[38;2;95;185;185m▀▀[38;2;117;141;102m▀[38;2;95;185;185m▀▀[38;2;117;141;102m▀[38;2;95;185;185m▀         [48;2;1;2;1m  [48;2;0;0;0m         [m
[48;2;0;0;0m         [48;2;84;108;78m [48;2;1;2;1m [48;2;95;185;185m [48;2;130;255;255m      [48;2;95;185;185m[38;2;130;255;255m▀[48;2;1;2;1m▀[38;2;95;185;185m▀ [48;2;84;108;78m[38;2;1;2;1m▀[48;2;117;141;102m▀▀▀▀▀[48;2;84;108;78m▀[48;2;1;2;1m [38;2;95;185;185m▀[38;2;130;255;255m▀[48;2;95;185;185m▀[48;2;130;255;255m                    [48;2;1;2;1m  [48;2;0;0;0m         [m
[48;2;0;0;0m         [48;2;84;108;78m [48;2;1;2;1m [38;2;95;185;185m▀[38;2;130;255;255m▀▀▀▀▀[38;2;117;141;102m▀[48;2;84;108;78m[38;2;1;2;1m▀[48;2;132;255;134m▀[38;2;117;141;102m▀         ▀[38;2;1;2;1m▀[48;2;117;141;102m▀[48;2;1;2;1m [38;2;130;255;255m▀▀▀▀▀▀▀▀▀▀▀▀▀▀▀▀▀▀▀ [48;2;84;108;78m[38;2;1;2;1m▀[48;2;0;0;0m         [m
[48;2;0;0;0m         [38;2;161;161;161m▀[38;2;41;89;48m▀[38;2;35;50;38m▀[38;2;1;2;1m▀[48;2;1;2;1m   [48;2;132;255;134m▀[38;2;117;141;102m▀        [48;2;117;141;102m[38;2;132;255;134m▀▀▀▀[48;2;132;255;134m    [38;2;1;2;1m▀[48;2;1;2;1m  [48;2;0;0;0m▀▀▀▀▀▀▀▀▀▀▀▀▀▀▀▀[38;2;84;108;78m▀[38;2;117;141;102m▀         [m
[48;2;0;0;0m            [48;2;1;2;1m[38;2;0;0;0m▀ [48;2;117;141;102m[38;2;1;2;1m▀[48;2;132;255;134m   [48;2;117;141;102m[38;2;132;255;134m▀▀[48;2;132;255;134m    [48;2;1;2;1m▀ [48;2;84;108;78m[38;2;1;2;1m▀▀[48;2;117;141;102m▀[48;2;84;108;78m▀[48;2;35;50;38m [48;2;1;2;1m[38;2;84;108;78m▀[48;2;117;141;102m[38;2;132;255;134m▀[48;2;132;255;134m [48;2;117;141;102m▀[48;2;41;89;48m[38;2;84;108;78m▀[48;2;1;2;1m  [48;2;0;0;0m                          [m
[48;2;0;0;0m           [48;2;1;2;1m  [48;2;132;255;134m[38;2;35;50;38m▀   [48;2;84;108;78m[38;2;117;141;102m▀[48;2;1;2;1m  [48;2;117;141;102m [48;2;132;255;134m  [48;2;117;141;102m [48;2;1;2;1m [48;2;84;108;78m [48;2;117;141;102m     [48;2;35;50;38m[38;2;1;2;1m▀[48;2;1;2;1m[38;2;35;50;38m▀[48;2;117;141;102m [48;2;1;2;1m  [48;2;35;50;38m[38;2;1;2;1m▀[48;2;1;2;1m  [48;2;0;0;0m                         [m
[48;2;0;0;0m          [48;2;1;2;1m  [48;2;132;255;134m[38;2;117;141;102m▀    ▀[48;2;117;141;102m[38;2;1;2;1m▀▀[48;2;132;255;134m[38;2;117;141;102m▀  [48;2;117;141;102m [48;2;1;2;1m [48;2;117;141;102m      [48;2;84;108;78m[38;2;41;89;48m▀[48;2;1;2;1m [48;2;117;141;102m [38;2;1;2;1m▀▀[48;2;132;255;134m[38;2;117;141;102m▀[48;2;117;141;102m[38;2;1;2;1m▀[48;2;1;2;1m [38;2;0;0;0m▀[48;2;0;0;0m                        [m
[48;2;0;0;0m         [48;2;1;2;1m  [48;2;117;141;102m[38;2;84;108;78m▀[48;2;132;255;134m           [48;2;41;89;48m[38;2;117;141;102m▀[48;2;1;2;1m [48;2;117;141;102m      [48;2;41;89;48m [48;2;1;2;1m [48;2;132;255;134m▀    [48;2;84;108;78m[38;2;1;2;1m▀[48;2;1;2;1m [38;2;0;0;0m▀[48;2;0;0;0m                       [m
[48;2;0;0;0m        [48;2;1;2;1m[38;2;0;0;0m▀ [48;2;117;141;102m[38;2;35;50;38m▀[48;2;132;255;134m            [48;2;117;141;102m [48;2;1;2;1m [48;2;84;108;78m [48;2;117;141;102m     [48;2;41;89;48m▀[48;2;1;2;1m [48;2;132;255;134m      ▀[48;2;1;2;1m  [48;2;0;0;0m                      [m
[48;2;0;0;0m        [48;2;1;2;1m  [48;2;132;255;134m[38;2;117;141;102m▀            ▀[48;2;1;2;1m [48;2;35;50;38m[38;2;84;108;78m▀[48;2;117;141;102m    [48;2;84;108;78m[38;2;117;141;102m▀[48;2;1;2;1m [48;2;117;141;102m[38;2;41;89;48m▀[48;2;132;255;134m       [38;2;117;141;102m▀[48;2;35;50;38m[38;2;1;2;1m▀[48;2;1;2;1m [48;2;0;0;0m                     [m
[48;2;0;0;0m        [48;2;1;2;1m [48;2;35;50;38m[38;2;1;2;1m▀[48;2;132;255;134m              [48;2;117;141;102m[38;2;35;50;38m▀[48;2;1;2;1m [48;2;84;108;78m[38;2;117;141;102m▀[48;2;117;141;102m   [48;2;35;50;38m[38;2;84;108;78m▀[48;2;1;2;1m [48;2;132;255;134m[38;2;117;141;102m▀        ▀[48;2;1;2;1m  [48;2;0;0;0m                    [m
[48;2;0;0;0m        [48;2;1;2;1m [48;2;117;141;102m [48;2;132;255;134m               [48;2;84;108;78m[38;2;1;2;1m▀[48;2;1;2;1m[38;2;35;50;38m▀[48;2;84;108;78m[38;2;117;141;102m▀[48;2;117;141;102m [48;2;41;89;48m▀[48;2;1;2;1m [48;2;117;141;102m[38;2;35;50;38m▀[48;2;132;255;134m          [48;2;117;141;102m[38;2;41;89;48m▀[48;2;1;2;1m [48;2;0;0;0m                    [m
[48;2;0;0;0m        [48;2;1;2;1m [48;2;35;50;38m [48;2;132;255;134m                [48;2;117;141;102m[38;2;1;2;1m▀[48;2;1;2;1m [38;2;84;108;78m▀ [48;2;117;141;102m[38;2;35;50;38m▀[48;2;132;255;134m           [48;2;117;141;102m [48;2;1;2;1m [48;2;0;0;0m                    [m
[48;2;0;0;0m        [48;2;1;2;1m  [48;2;117;141;102m[38;2;132;255;134m▀[48;2;132;255;134m                [38;2;84;108;78m▀[48;2;35;50;38m[38;2;1;2;1m▀[48;2;84;108;78m▀[48;2;132;255;134m            [48;2;1;2;1m[38;2;35;50;38m▀ [48;2;0;0;0m                    [m
[48;2;0;0;0m        [38;2;1;2;1m▀[48;2;1;2;1m [38;2;41;89;48m▀[48;2;117;141;102m[38;2;132;255;134m▀[48;2;132;255;134m                             [48;2;117;141;102m [48;2;1;2;1m  [48;2;0;0;0m                    [m
[48;2;0;0;0m         [48;2;1;2;1m   [38;2;117;141;102m▀[48;2;117;141;102m[38;2;132;255;134m▀[48;2;132;255;134m                            [48;2;35;50;38m[38;2;1;2;1m▀[48;2;1;2;1m [38;2;0;0;0m▀[48;2;0;0;0m                   [m
[48;2;0;0;0m         [48;2;1;2;1m  [48;2;132;255;134m[38;2;117;141;102m▀[38;2;84;108;78m▀[48;2;84;108;78m[38;2;1;2;1m▀[48;2;1;2;1m[38;2;84;108;78m▀[38;2;132;255;134m▀[48;2;117;141;102m▀[48;2;132;255;134m                          [38;2;1;2;1m▀[48;2;117;141;102m▀[48;2;1;2;1m  [38;2;0;0;0m▀▀[48;2;0;0;0m               [m
[48;2;0;0;0m        [48;2;1;2;1m[38;2;0;0;0m▀ [48;2;117;141;102m[38;2;35;50;38m▀[48;2;132;255;134m   [38;2;117;141;102m▀[38;2;35;50;38m▀[48;2;117;141;102m[38;2;1;2;1m▀[48;2;35;50;38m▀[48;2;1;2;1m[38;2;117;141;102m▀[38;2;132;255;134m▀[48;2;35;50;38m▀[48;2;117;141;102m▀[48;2;132;255;134m                        [38;2;117;141;102m▀[38;2;1;2;1m▀[48;2;117;141;102m▀[48;2;41;89;48m▀[48;2;1;2;1m [38;2;0;0;0m▀▀[48;2;0;0;0m           [m
[48;2;0;0;0m       [48;2;1;2;1m  [48;2;132;255;134m[38;2;84;108;78m▀        [38;2;117;141;102m▀[38;2;84;108;78m▀[38;2;1;2;1m▀[48;2;117;141;102m▀▀[48;2;132;255;134m[38;2;117;141;102m▀                          ▀[38;2;1;2;1m▀[48;2;84;108;78m▀[48;2;1;2;1m [38;2;0;0;0m▀▀[48;2;0;0;0m        [m
[48;2;0;0;0m      [48;2;1;2;1m  [48;2;132;255;134m[38;2;117;141;102m▀                                            ▀[38;2;1;2;1m▀[48;2;1;2;1m  [38;2;0;0;0m▀[48;2;0;0;0m      [m
[48;2;0;0;0m     [48;2;1;2;1m  [48;2;117;141;102m[38;2;84;108;78m▀[48;2;132;255;134m                                                [38;2;1;2;1m▀[48;2;1;2;1m  [38;2;0;0;0m▀[48;2;0;0;0m    [m
[48;2;0;0;0m     [48;2;1;2;1m  [48;2;132;255;134m                                                   [48;2;117;141;102m[38;2;1;2;1m▀[48;2;1;2;1m [38;2;0;0;0m▀[48;2;0;0;0m   [m
[48;2;0;0;0m     [48;2;1;2;1m  [38;2;35;50;38m▀▀▀▀▀▀▀▀▀▀▀▀▀▀▀▀▀▀▀▀▀▀▀▀▀▀▀▀▀▀▀▀▀▀▀▀▀▀▀▀▀▀▀▀▀▀▀▀▀▀▀▀   [38;2;0;0;0m▀[48;2;0;0;0m [m
