[48;2;0;0;0m                                                                [m
[48;2;0;0;0m                                                                [m
[48;2;0;0;0m                                                                [m
[48;2;0;0;0m                                                                [m
[48;2;0;0;0m                                                                [m
[48;2;0;0;0m                                                                [m
[48;2;0;0;0m                                                                [m
[48;2;0;0;0m                                                                [m
[48;2;0;0;0m                                                                [m
[48;2;0;0;0m                                                                [m
[48;2;0;0;0m                                                                [m
[48;2;0;0;0m                                                                [m
[48;2;0;0;0m                                                                [m
[48;2;0;0;0m                                   [48;2;1;2;1m[38;2;0;0;0m▀▀▀  [48;2;44;26;35m[38;2;1;2;1m▀[48;2;69;29;55m▀[48;2;210;86;151m▀▀[48;2;104;42;73m▀[48;2;44;26;35m▀[48;2;1;2;1m   [38;2;0;0;0m▀▀[48;2;0;0;0m             [m
[48;2;0;0;0m                                [48;2;1;2;1m[38;2;0;0;0m▀▀ [48;2;69;29;55m[38;2;1;2;1m▀[48;2;210;86;151m▀[48;2;255;107;184m[38;2;69;29;55m▀[38;2;210;86;151m▀▀       ▀[38;2;146;58;103m▀[48;2;210;86;151m[38;2;1;2;1m▀[48;2;146;58;103m▀[48;2;1;2;1m  [38;2;0;0;0m▀[48;2;0;0;0m          [m
[48;2;0;0;0m                              [48;2;1;2;1m[38;2;0;0;0m▀  [48;2;210;86;151m[38;2;1;2;1m▀[48;2;255;107;184m[38;2;146;58;103m▀                [38;2;210;86;151m▀[48;2;210;86;151m[38;2;1;2;1m▀[48;2;1;2;1m  [48;2;0;0;0m         [m
[48;2;0;0;0m                            [48;2;1;2;1m[38;2;0;0;0m▀  [48;2;210;86;151m[38;2;1;2;1m▀[48;2;255;107;184m[38;2;210;86;151m▀         [48;2;146;58;103m[38;2;255;107;184m▀[48;2;1;2;1m[38;2;210;86;151m▀▀[38;2;146;58;103m▀▀[38;2;210;86;151m▀▀[48;2;146;58;103m[38;2;255;107;184m▀[48;2;255;107;184m   [38;2;146;58;103m▀[48;2;44;26;35m[38;2;1;2;1m▀[48;2;1;2;1m [48;2;0;0;0m        [m
[48;2;0;0;0m                           [48;2;1;2;1m[38;2;0;0;0m▀ [48;2;146;58;103m[38;2;1;2;1m▀[48;2;255;107;184m[38;2;210;86;151m▀    [48;2;44;26;35m▀[48;2;1;2;1m[38;2;69;29;55m▀[38;2;146;58;103m▀[48;2;210;86;151m[38;2;255;107;184m▀[48;2;255;107;184m  [48;2;69;29;55m[38;2;210;86;151m▀[48;2;1;2;1m [48;2;120;141;103m[38;2;44;26;35m▀[38;2;85;99;75m▀  ▀[48;2;85;99;75m[38;2;44;26;35m▀[48;2;1;2;1m [48;2;210;86;151m [48;2;69;29;55m[38;2;210;86;151m▀[48;2;1;2;1m[38;2;69;29;55m▀[38;2;146;58;103m▀[48;2;210;86;151m [48;2;1;2;1m  [48;2;0;0;0m       [m
[48;2;0;0;0m                         [48;2;1;2;1m[38;2;0;0;0m▀ [48;2;146;58;103m[38;2;1;2;1m▀[48;2;255;107;184m[38;2;146;58;103m▀      [48;2;146;58;103m[38;2;1;2;1m▀[48;2;1;2;1m  [48;2;255;107;184m[38;2;210;86;151m▀  [48;2;1;2;1m[38;2;44;26;35m▀ [48;2;120;141;103m      [48;2;1;2;1m [38;2;146;58;103m▀[48;2;146;58;103m[38;2;1;2;1m▀[48;2;1;2;1m  [48;2;210;86;151m [38;2;44;26;35m▀[48;2;1;2;1m [38;2;0;0;0m▀[48;2;0;0;0m      [m
[48;2;0;0;0m                       [48;2;1;2;1m[38;2;0;0;0m▀ [48;2;44;26;35m[38;2;1;2;1m▀[48;2;255;107;184m[38;2;146;58;103m▀        [38;2;210;86;151m▀▀▀   [48;2;1;2;1m [48;2;44;26;35m [48;2;120;141;103m      [48;2;44;26;35m [48;2;1;2;1m [48;2;255;107;184m ▀▀ ▀[48;2;1;2;1m  [48;2;0;0;0m      [m
[48;2;0;0;0m                      [48;2;1;2;1m[38;2;0;0;0m▀  [48;2;255;107;184m[38;2;210;86;151m▀               [48;2;44;26;35m[38;2;1;2;1m▀[48;2;1;2;1m[38;2;44;26;35m▀[48;2;120;141;103m      [48;2;1;2;1m [48;2;44;26;35m [48;2;255;107;184m     [48;2;210;86;151m[38;2;146;58;103m▀[48;2;1;2;1m [38;2;0;0;0m▀[48;2;0;0;0m     [m
[48;2;0;0;0m                     [48;2;1;2;1m   [48;2;210;86;151m[38;2;146;58;103m▀[48;2;255;107;184m                [48;2;210;86;151m[38;2;104;42;73m▀[48;2;1;2;1m [48;2;120;141;103m     [48;2;85;99;75m[38;2;120;141;103m▀[48;2;1;2;1m [48;2;210;86;151m[38;2;146;58;103m▀[48;2;255;107;184m      [48;2;1;2;1m  [48;2;0;0;0m     [m
[48;2;0;0;0m                    [48;2;1;2;1m  [48;2;69;29;55m[38;2;1;2;1m▀[48;2;1;2;1m [48;2;210;86;151m [48;2;255;107;184m                [48;2;210;86;151m [48;2;1;2;1m [48;2;44;26;35m[38;2;85;99;75m▀[48;2;120;141;103m    [48;2;44;26;35m▀[48;2;1;2;1m [48;2;255;107;184m[38;2;210;86;151m▀      [48;2;210;86;151m[38;2;69;29;55m▀[48;2;1;2;1m [38;2;0;0;0m▀[48;2;0;0;0m    [m
[48;2;0;0;0m                   [48;2;1;2;1m[38;2;0;0;0m▀ [48;2;146;58;103m[38;2;1;2;1m▀[48;2;210;86;151m [48;2;1;2;1m [48;2;210;86;151m [48;2;255;107;184m                 [48;2;210;86;151m[38;2;44;26;35m▀[48;2;1;2;1m [48;2;85;99;75m[38;2;120;141;103m▀[48;2;120;141;103m  [48;2;85;99;75m▀[48;2;1;2;1m [48;2;210;86;151m[38;2;69;29;55m▀[48;2;255;107;184m       [48;2;210;86;151m [48;2;1;2;1m  [48;2;0;0;0m    [m
[48;2;0;0;0m                 [48;2;1;2;1m[38;2;0;0;0m▀▀ [48;2;146;58;103m[38;2;1;2;1m▀[48;2;255;107;184m[38;2;210;86;151m▀ [48;2;146;58;103m[38;2;1;2;1m▀[48;2;1;2;1m[38;2;44;26;35m▀[48;2;210;86;151m[38;2;255;107;184m▀[48;2;255;107;184m                 [48;2;210;86;151m[38;2;44;26;35m▀[48;2;1;2;1m [48;2;44;26;35m[38;2;120;141;103m▀[48;2;85;99;75m▀[48;2;1;2;1m[38;2;44;26;35m▀[48;2;146;58;103m[38;2;1;2;1m▀[48;2;255;107;184m        [48;2;69;29;55m[38;2;210;86;151m▀[48;2;1;2;1m [48;2;0;0;0m     [m
[48;2;0;0;0m              [48;2;1;2;1m[38;2;0;0;0m▀▀ [48;2;44;26;35m[38;2;1;2;1m▀[48;2;210;86;151m▀[48;2;255;107;184m[38;2;146;58;103m▀   [38;2;210;86;151m▀[48;2;146;58;103m[38;2;1;2;1m▀[48;2;1;2;1m[38;2;146;58;103m▀[48;2;210;86;151m[38;2;255;107;184m▀[48;2;255;107;184m                 [38;2;146;58;103m▀[48;2;69;29;55m[38;2;1;2;1m▀[48;2;1;2;1m [48;2;146;58;103m▀[48;2;255;107;184m[38;2;210;86;151m▀       [48;2;210;86;151m [48;2;1;2;1m  [48;2;0;0;0m     [m
[48;2;0;0;0m           [48;2;1;2;1m[38;2;0;0;0m▀▀ [48;2;44;26;35m[38;2;1;2;1m▀[48;2;210;86;151m▀[48;2;255;107;184m[38;2;146;58;103m▀[38;2;210;86;151m▀      ▀[48;2;210;86;151m[38;2;1;2;1m▀[48;2;1;2;1m [38;2;210;86;151m▀[48;2;210;86;151m[38;2;255;107;184m▀[48;2;255;107;184m                [38;2;210;86;151m▀[48;2;210;86;151m[38;2;1;2;1m▀[48;2;255;107;184m[38;2;210;86;151m▀       [48;2;210;86;151m[38;2;255;107;184m▀[48;2;1;2;1m[38;2;44;26;35m▀ [48;2;0;0;0m      [m
[48;2;0;0;0m         [48;2;1;2;1m[38;2;0;0;0m▀ [48;2;44;26;35m[38;2;1;2;1m▀[48;2;210;86;151m▀[48;2;255;107;184m[38;2;146;58;103m▀            [38;2;210;86;151m▀[48;2;210;86;151m[38;2;1;2;1m▀[48;2;69;29;55m▀[48;2;1;2;1m[38;2;146;58;103m▀[38;2;210;86;151m▀[48;2;146;58;103m[38;2;255;107;184m▀[48;2;210;86;151m▀[48;2;255;107;184m                      [48;2;1;2;1m[38;2;146;58;103m▀ [48;2;0;0;0m[38;2;1;2;1m▀      [m
[48;2;0;0;0m       [48;2;1;2;1m[38;2;0;0;0m▀ [48;2;146;58;103m[38;2;1;2;1m▀[48;2;255;107;184m[38;2;44;26;35m▀[38;2;210;86;151m▀                 ▀[38;2;44;26;35m▀[48;2;210;86;151m[38;2;1;2;1m▀▀[48;2;1;2;1m [38;2;146;58;103m▀[38;2;210;86;151m▀▀▀[38;2;255;107;184m▀[48;2;146;58;103m▀[48;2;255;107;184m              [48;2;210;86;151m [48;2;1;2;1m  [48;2;0;0;0m       [m
[48;2;0;0;0m     [48;2;1;2;1m[38;2;0;0;0m▀  [48;2;255;107;184m[38;2;146;58;103m▀                         [38;2;210;86;151m▀▀▀▀▀▀              [48;2;210;86;151m [48;2;1;2;1m  [48;2;0;0;0m       [m
[48;2;0;0;0m    [48;2;1;2;1m[38;2;0;0;0m▀ [48;2;146;58;103m[38;2;1;2;1m▀[48;2;255;107;184m[38;2;210;86;151m▀                                               [48;2;146;58;103m[38;2;1;2;1m▀[48;2;1;2;1m [38;2;0;0;0m▀[48;2;0;0;0m      [m
[48;2;0;0;0m  [48;2;1;2;1m[38;2;0;0;0m▀   [38;2;210;86;151m▀▀▀▀▀▀▀▀▀▀▀▀▀▀▀▀▀▀▀▀▀▀▀▀▀▀▀▀▀▀▀▀▀▀▀▀▀▀▀▀▀▀▀▀▀▀▀▀▀[38;2;146;58;103m▀  [48;2;0;0;0m      [m
