[48;2;0;0;0m                                                                [m
[48;2;0;0;0m        [48;2;86;70;86m[38;2;0;0;0m▀▀[48;2;1;1;1m▀▀▀▀▀▀▀▀▀▀▀▀▀▀▀▀▀▀▀▀▀▀▀▀▀▀▀[48;2;43;35;41m▀[48;2;86;70;86m▀▀[48;2;148;148;146m▀[48;2;119;140;103m▀[48;2;221;221;221m▀[48;2;0;0;0m                     [m
[48;2;0;0;0m        [48;2;1;1;1m[38;2;86;70;86m▀ [48;2;255;102;246m[38;2;1;1;1m▀▀▀▀▀▀▀▀▀▀▀▀▀▀▀▀▀▀▀▀▀▀▀▀▀▀▀▀[48;2;215;86;209m▀▀[48;2;157;66;156m▀▀[48;2;43;35;41m▀[48;2;1;1;1m[38;2;43;35;41m▀[38;2;148;148;146m▀[38;2;119;140;103m▀[48;2;43;35;41m[38;2;221;221;221m▀[48;2;148;148;146m[38;2;0;0;0m▀▀[48;2;0;0;0m               [m
[48;2;0;0;0m        [48;2;1;1;1m  [48;2;255;102;246m                                 [38;2;215;86;209m▀▀[38;2;86;70;86m▀[48;2;215;86;209m[38;2;1;1;1m▀[48;2;157;66;156m▀[48;2;43;35;41m▀[48;2;1;1;1m[38;2;119;140;103m▀▀[48;2;148;148;146m[38;2;0;0;0m▀[48;2;0;0;0m            [m
[48;2;0;0;0m        [48;2;86;70;86m[38;2;1;1;1m▀[48;2;1;1;1m [48;2;86;70;86m[38;2;255;102;246m▀▀▀▀▀[48;2;157;66;156m▀[48;2;255;102;246m            [48;2;86;70;86m▀▀▀▀▀▀[48;2;157;66;156m▀[48;2;215;86;209m▀[48;2;255;102;246m             [38;2;157;66;156m▀[48;2;215;86;209m[38;2;1;1;1m▀[48;2;43;35;41m▀[48;2;1;1;1m[38;2;86;70;86m▀[48;2;119;140;103m[38;2;0;0;0m▀[48;2;0;0;0m          [m
[48;2;0;0;0m        [38;2;148;148;146m▀[48;2;221;221;221m[38;2;1;1;1m▀[48;2;148;148;146m▀▀▀▀[48;2;1;1;1m [48;2;86;70;86m [48;2;255;102;246m            [48;2;1;1;1m  [48;2;148;148;146m▀▀▀▀[48;2;86;70;86m▀▀[48;2;1;1;1m[38;2;86;70;86m▀[38;2;215;86;209m▀[48;2;157;66;156m[38;2;255;102;246m▀[48;2;255;102;246m            [38;2;215;86;209m▀[48;2;157;66;156m[38;2;1;1;1m▀[48;2;1;1;1m [48;2;148;148;146m [48;2;0;0;0m         [m
[48;2;0;0;0m             [48;2;148;148;146m [48;2;1;1;1m [48;2;86;70;86m [48;2;255;102;246m            [48;2;1;1;1m  [48;2;0;0;0m      [38;2;119;140;103m▀[48;2;119;140;103m[38;2;1;1;1m▀[48;2;1;1;1m[38;2;43;35;41m▀[48;2;215;86;209m[38;2;255;102;246m▀[48;2;255;102;246m            [38;2;215;86;209m▀[48;2;1;1;1m [38;2;86;70;86m▀[48;2;0;0;0m         [m
[48;2;0;0;0m             [48;2;148;148;146m [48;2;1;1;1m [48;2;86;70;86m [48;2;255;102;246m            [48;2;1;1;1m  [48;2;0;0;0m     [48;2;221;221;221m[38;2;0;0;0m▀[48;2;86;70;86m▀[48;2;1;1;1m[38;2;119;140;103m▀[48;2;43;35;41m[38;2;1;1;1m▀[48;2;255;102;246m[38;2;215;86;209m▀            [48;2;215;86;209m[38;2;255;102;246m▀[48;2;1;1;1m [48;2;86;70;86m[38;2;1;1;1m▀[48;2;0;0;0m         [m
[48;2;0;0;0m        [48;2;148;148;146m[38;2;0;0;0m▀[48;2;43;35;41m[38;2;221;221;221m▀[48;2;1;1;1m[38;2;148;148;146m▀▀▀▀ [48;2;86;70;86m [48;2;255;102;246m            [48;2;1;1;1m  ▀▀▀[38;2;119;140;103m▀[38;2;148;148;146m▀[38;2;43;35;41m▀[48;2;86;70;86m[38;2;1;1;1m▀[48;2;215;86;209m▀[48;2;255;102;246m[38;2;215;86;209m▀            [48;2;215;86;209m[38;2;255;102;246m▀[48;2;1;1;1m[38;2;157;66;156m▀ [48;2;148;148;146m [48;2;0;0;0m         [m
[48;2;0;0;0m        [48;2;1;1;1m[38;2;86;70;86m▀ [48;2;255;102;246m▀▀▀▀▀[38;2;157;66;156m▀            [38;2;86;70;86m▀▀▀▀▀[38;2;157;66;156m▀▀[38;2;215;86;209m▀             [48;2;215;86;209m[38;2;255;102;246m▀[48;2;86;70;86m[38;2;215;86;209m▀[48;2;1;1;1m[38;2;86;70;86m▀[48;2;86;70;86m[38;2;1;1;1m▀[48;2;221;221;221m[38;2;86;70;86m▀[48;2;0;0;0m          [m
[48;2;0;0;0m        [48;2;1;1;1m  [48;2;255;102;246m                                  [48;2;215;86;209m[38;2;255;102;246m▀▀[48;2;86;70;86m▀[48;2;1;1;1m[38;2;215;86;209m▀[38;2;157;66;156m▀[48;2;43;35;41m[38;2;1;1;1m▀[48;2;148;148;146m▀[48;2;0;0;0m[38;2;119;140;103m▀[38;2;148;148;146m▀           [m
[48;2;0;0;0m        [48;2;119;140;103m[38;2;1;1;1m▀[48;2;1;1;1m [38;2;255;102;246m▀▀▀▀▀▀▀▀▀▀▀▀▀▀▀▀▀▀▀▀▀▀▀▀▀▀▀▀[38;2;215;86;209m▀▀▀[38;2;157;66;156m▀[38;2;86;70;86m▀[38;2;43;35;41m▀[48;2;43;35;41m[38;2;1;1;1m▀[48;2;86;70;86m▀[48;2;148;148;146m▀[48;2;221;221;221m[38;2;43;35;41m▀[48;2;0;0;0m[38;2;86;70;86m▀[38;2;148;148;146m▀              [m
[48;2;0;0;0m        [38;2;148;148;146m▀[38;2;86;70;86m▀[38;2;1;1;1m▀▀▀▀▀▀▀▀▀▀▀▀▀▀▀▀▀▀▀▀▀▀▀▀▀▀▀[38;2;43;35;41m▀[38;2;86;70;86m▀▀[38;2;148;148;146m▀[38;2;43;35;41m▀[38;2;148;148;146m▀[38;2;221;221;221m▀                    [m
[48;2;0;0;0m                     [48;2;1;1;1m[38;2;0;0;0m▀▀▀     ▀▀▀[48;2;0;0;0m                                [m
[48;2;0;0;0m                  [48;2;1;1;1m[38;2;0;0;0m▀  [48;2;157;66;156m[38;2;1;1;1m▀[48;2;215;86;209m▀[48;2;217;138;255m[38;2;86;70;86m▀[38;2;157;66;156m▀▀▀▀▀[38;2;86;70;86m▀[38;2;1;1;1m▀[48;2;157;66;156m▀[48;2;1;1;1m  [38;2;0;0;0m▀▀[48;2;0;0;0m                            [m
[48;2;0;0;0m               [48;2;1;1;1m[38;2;0;0;0m▀  [48;2;157;66;156m[38;2;1;1;1m▀[48;2;217;138;255m[38;2;86;70;86m▀[38;2;215;86;209m▀            [38;2;157;66;156m▀[48;2;215;86;209m[38;2;1;1;1m▀[48;2;1;1;1m  [38;2;0;0;0m▀[48;2;0;0;0m                          [m
[48;2;0;0;0m              [48;2;1;1;1m[38;2;0;0;0m▀ [48;2;157;66;156m[38;2;1;1;1m▀[48;2;217;138;255m[38;2;157;66;156m▀          [48;2;157;66;156m[38;2;217;138;255m▀▀▀[48;2;217;138;255m    [38;2;215;86;209m▀[48;2;157;66;156m[38;2;1;1;1m▀[48;2;1;1;1m [38;2;0;0;0m▀[48;2;0;0;0m                         [m
[48;2;0;0;0m             [48;2;1;1;1m  [48;2;217;138;255m[38;2;157;66;156m▀   [48;2;215;86;209m[38;2;217;138;255m▀[48;2;157;66;156m▀[48;2;217;138;255m    [48;2;157;66;156m▀[48;2;1;1;1m[38;2;157;66;156m▀ [48;2;86;70;86m[38;2;1;1;1m▀▀▀[48;2;43;35;41m▀[48;2;1;1;1m[38;2;157;66;156m▀[48;2;86;70;86m[38;2;215;86;209m▀[48;2;217;138;255m [48;2;215;86;209m[38;2;217;138;255m▀[48;2;157;66;156m▀[38;2;43;35;41m▀[48;2;1;1;1m [38;2;0;0;0m▀[48;2;0;0;0m                        [m
[48;2;0;0;0m            [48;2;1;1;1m [48;2;43;35;41m[38;2;1;1;1m▀[48;2;217;138;255m[38;2;157;66;156m▀   [48;2;157;66;156m[38;2;217;138;255m▀[48;2;1;1;1m  [38;2;157;66;156m▀[48;2;217;138;255m   [48;2;1;1;1m [48;2;43;35;41m[38;2;1;1;1m▀[48;2;119;140;103m     [48;2;86;70;86m[38;2;43;35;41m▀[48;2;1;1;1m [48;2;157;66;156m[38;2;215;86;209m▀[48;2;1;1;1m[38;2;43;35;41m▀    [48;2;0;0;0m                        [m
[48;2;0;0;0m           [48;2;1;1;1m  [48;2;217;138;255m[38;2;157;66;156m▀     [48;2;157;66;156m[38;2;1;1;1m▀[48;2;1;1;1m [48;2;215;86;209m[38;2;43;35;41m▀[48;2;217;138;255m  [48;2;215;86;209m[38;2;217;138;255m▀[48;2;1;1;1m [48;2;86;70;86m[38;2;43;35;41m▀[48;2;119;140;103m     [38;2;86;70;86m▀[48;2;1;1;1m [48;2;157;66;156m [38;2;1;1;1m▀[48;2;1;1;1m [48;2;215;86;209m▀[38;2;157;66;156m▀[48;2;1;1;1m  [48;2;0;0;0m                       [m
[48;2;0;0;0m          [48;2;1;1;1m  [48;2;215;86;209m[38;2;157;66;156m▀[48;2;217;138;255m           [48;2;157;66;156m [48;2;1;1;1m [48;2;86;70;86m [48;2;119;140;103m      [48;2;1;1;1m [48;2;157;66;156m [48;2;217;138;255m    ▀[48;2;43;35;41m[38;2;1;1;1m▀[48;2;1;1;1m [38;2;0;0;0m▀[48;2;0;0;0m                     [m
[48;2;0;0;0m          [48;2;1;1;1m [48;2;157;66;156m[38;2;43;35;41m▀[48;2;217;138;255m            [38;2;215;86;209m▀[48;2;1;1;1m [48;2;43;35;41m[38;2;86;70;86m▀[48;2;119;140;103m     [48;2;86;70;86m [48;2;1;1;1m [48;2;157;66;156m [48;2;217;138;255m     [38;2;215;86;209m▀[48;2;157;66;156m[38;2;1;1;1m▀[48;2;1;1;1m [38;2;0;0;0m▀[48;2;0;0;0m                    [m
[48;2;0;0;0m         [48;2;1;1;1m  [48;2;157;66;156m [48;2;217;138;255m             [48;2;43;35;41m[38;2;1;1;1m▀[48;2;1;1;1m[38;2;43;35;41m▀[48;2;119;140;103m     [48;2;43;35;41m[38;2;86;70;86m▀[48;2;1;1;1m [48;2;217;138;255m[38;2;157;66;156m▀       [48;2;157;66;156m[38;2;43;35;41m▀[48;2;1;1;1m [38;2;0;0;0m▀[48;2;0;0;0m                   [m
[48;2;0;0;0m         [48;2;1;1;1m  [48;2;217;138;255m              [48;2;215;86;209m[38;2;157;66;156m▀[48;2;1;1;1m [48;2;43;35;41m[38;2;86;70;86m▀[48;2;119;140;103m   [48;2;86;70;86m[38;2;119;140;103m▀[48;2;1;1;1m [48;2;157;66;156m[38;2;43;35;41m▀[48;2;217;138;255m         [48;2;157;66;156m[38;2;1;1;1m▀[48;2;1;1;1m [48;2;0;0;0m                   [m
[48;2;0;0;0m         [48;2;1;1;1m  [48;2;157;66;156m[38;2;217;138;255m▀[48;2;217;138;255m              [48;2;157;66;156m[38;2;43;35;41m▀[48;2;1;1;1m [48;2;43;35;41m[38;2;119;140;103m▀[48;2;119;140;103m  [48;2;1;1;1m[38;2;86;70;86m▀[48;2;43;35;41m[38;2;1;1;1m▀[48;2;217;138;255m[38;2;157;66;156m▀         [48;2;157;66;156m [48;2;1;1;1m  [48;2;0;0;0m                  [m
[48;2;0;0;0m         [38;2;1;1;1m▀[48;2;1;1;1m [38;2;157;66;156m▀[48;2;215;86;209m[38;2;217;138;255m▀[48;2;217;138;255m              [48;2;215;86;209m[38;2;86;70;86m▀[48;2;1;1;1m ▀▀ [48;2;217;138;255m[38;2;157;66;156m▀          [48;2;1;1;1m▀ [48;2;0;0;0m[38;2;1;1;1m▀                  [m
[48;2;0;0;0m       [48;2;1;1;1m[38;2;0;0;0m▀    [38;2;157;66;156m▀[48;2;215;86;209m[38;2;217;138;255m▀[48;2;217;138;255m              [38;2;157;66;156m▀[48;2;157;66;156m[38;2;1;1;1m▀[48;2;1;1;1m [48;2;215;86;209m[38;2;157;66;156m▀[48;2;217;138;255m           [48;2;86;70;86m[38;2;43;35;41m▀[48;2;1;1;1m [48;2;0;0;0m                   [m
[48;2;0;0;0m     [48;2;1;1;1m[38;2;0;0;0m▀ [48;2;86;70;86m[38;2;1;1;1m▀[48;2;217;138;255m[38;2;86;70;86m▀  [38;2;215;86;209m▀[48;2;157;66;156m[38;2;1;1;1m▀[48;2;1;1;1m[38;2;43;35;41m▀[48;2;86;70;86m[38;2;217;138;255m▀[48;2;217;138;255m               [38;2;157;66;156m▀           [48;2;157;66;156m [48;2;1;1;1m [48;2;119;140;103m[38;2;1;1;1m▀[48;2;0;0;0m                   [m
[48;2;0;0;0m    [48;2;1;1;1m  [48;2;157;66;156m[38;2;1;1;1m▀[48;2;217;138;255m      [38;2;86;70;86m▀[48;2;86;70;86m[38;2;1;1;1m▀[48;2;1;1;1m[38;2;157;66;156m▀[48;2;157;66;156m[38;2;217;138;255m▀[48;2;217;138;255m                         [48;2;215;86;209m[38;2;157;66;156m▀[48;2;1;1;1m [38;2;43;35;41m▀[48;2;0;0;0m                   [m
[48;2;0;0;0m   [48;2;1;1;1m[38;2;0;0;0m▀ [48;2;86;70;86m[38;2;1;1;1m▀[48;2;217;138;255m         [38;2;86;70;86m▀[48;2;157;66;156m[38;2;1;1;1m▀[48;2;1;1;1m[38;2;43;35;41m▀[38;2;215;86;209m▀[48;2;157;66;156m[38;2;217;138;255m▀▀[48;2;217;138;255m                      [48;2;215;86;209m[38;2;1;1;1m▀[48;2;1;1;1m  [48;2;0;0;0m                  [m
[48;2;0;0;0m   [48;2;1;1;1m  [48;2;157;66;156m [48;2;217;138;255m           [38;2;215;86;209m▀[38;2;157;66;156m▀[48;2;215;86;209m[38;2;1;1;1m▀[48;2;157;66;156m▀[48;2;1;1;1m[38;2;43;35;41m▀[38;2;157;66;156m▀▀[38;2;217;138;255m▀[48;2;217;138;255m                   [38;2;157;66;156m▀[48;2;43;35;41m[38;2;1;1;1m▀[48;2;1;1;1m [38;2;0;0;0m▀[48;2;0;0;0m                [m
[48;2;0;0;0m   [48;2;1;1;1m  [38;2;86;70;86m▀[38;2;157;66;156m▀▀▀▀▀▀▀▀▀▀▀▀▀▀▀▀▀ [38;2;86;70;86m▀[38;2;157;66;156m▀▀▀▀▀▀▀▀▀▀▀▀▀▀▀▀▀▀▀▀▀  [38;2;0;0;0m▀[48;2;0;0;0m               [m
