[48;2;0;0;0m                                                                [m
[48;2;0;0;0m        [48;2;87;58;52m[38;2;0;0;0m▀▀[48;2;1;1;1m▀▀▀▀▀▀▀▀▀▀▀▀▀▀▀▀▀▀▀▀▀▀▀▀▀▀▀[48;2;42;29;27m▀[48;2;87;58;52m▀[48;2;120;141;103m▀[48;2;174;146;92m▀[48;2;120;141;103m▀[48;2;254;214;138m▀[48;2;0;0;0m                     [m
[48;2;0;0;0m        [48;2;1;1;1m[38;2;87;58;52m▀ [48;2;254;214;138m[38;2;1;1;1m▀▀▀▀▀▀▀▀▀▀▀▀▀▀▀▀▀▀▀▀▀▀▀▀▀▀▀▀▀[48;2;174;146;92m▀▀[48;2;157;74;65m▀[48;2;87;58;52m▀[48;2;1;1;1m[38;2;87;58;52m▀[38;2;174;146;92m▀[38;2;120;141;103m▀[48;2;42;29;27m[38;2;254;214;138m▀[48;2;174;146;92m[38;2;0;0;0m▀[48;2;160;160;159m▀[48;2;0;0;0m               [m
[48;2;0;0;0m        [48;2;1;1;1m  [48;2;254;214;138m                                  [38;2;174;146;92m▀[38;2;87;58;52m▀[38;2;1;1;1m▀[48;2;174;146;92m▀[48;2;42;29;27m▀[48;2;1;1;1m[38;2;120;141;103m▀▀[48;2;120;141;103m[38;2;0;0;0m▀[48;2;0;0;0m            [m
[48;2;0;0;0m        [48;2;87;58;52m[38;2;1;1;1m▀[48;2;1;1;1m [48;2;87;58;52m[38;2;254;214;138m▀▀[48;2;157;74;65m▀[48;2;87;58;52m▀[48;2;157;74;65m▀▀[48;2;254;214;138m            [48;2;87;58;52m▀[48;2;157;74;65m▀▀[48;2;87;58;52m▀[48;2;157;74;65m▀▀▀[48;2;174;146;92m▀[48;2;254;214;138m             [38;2;174;146;92m▀[38;2;1;1;1m▀[48;2;42;29;27m▀[48;2;1;1;1m[38;2;87;58;52m▀[48;2;120;141;103m[38;2;0;0;0m▀[48;2;0;0;0m          [m
[48;2;0;0;0m        [38;2;120;141;103m▀[48;2;160;160;159m[38;2;1;1;1m▀▀▀▀▀[48;2;1;1;1m [48;2;157;74;65m [48;2;254;214;138m            [48;2;1;1;1m  [48;2;160;160;159m▀▀▀[48;2;120;141;103m▀▀[48;2;87;58;52m▀[48;2;1;1;1m[38;2;87;58;52m▀[38;2;174;146;92m▀[48;2;174;146;92m[38;2;254;214;138m▀[48;2;254;214;138m             [48;2;174;146;92m[38;2;1;1;1m▀[48;2;1;1;1m [48;2;87;58;52m[38;2;160;160;159m▀[48;2;0;0;0m         [m
[48;2;0;0;0m             [48;2;160;160;159m [48;2;1;1;1m [48;2;87;58;52m[38;2;157;74;65m▀[48;2;254;214;138m            [48;2;1;1;1m  [48;2;0;0;0m      [38;2;120;141;103m▀[48;2;120;141;103m[38;2;1;1;1m▀[48;2;1;1;1m[38;2;42;29;27m▀[48;2;174;146;92m[38;2;254;214;138m▀[48;2;254;214;138m            [38;2;174;146;92m▀[48;2;1;1;1m [38;2;87;58;52m▀[48;2;0;0;0m         [m
[48;2;0;0;0m             [48;2;160;160;159m [48;2;1;1;1m [48;2;157;74;65m [48;2;254;214;138m            [48;2;1;1;1m  [48;2;0;0;0m     [48;2;254;214;138m[38;2;0;0;0m▀[48;2;120;141;103m▀[48;2;1;1;1m[38;2;120;141;103m▀[48;2;42;29;27m[38;2;1;1;1m▀[48;2;254;214;138m[38;2;174;146;92m▀             [48;2;1;1;1m [48;2;87;58;52m[38;2;1;1;1m▀[48;2;0;0;0m         [m
[48;2;0;0;0m        [48;2;174;146;92m[38;2;0;0;0m▀[48;2;42;29;27m[38;2;254;214;138m▀[48;2;1;1;1m[38;2;160;160;159m▀▀▀▀ [48;2;157;74;65m [48;2;254;214;138m            [48;2;1;1;1m  ▀▀▀[38;2;120;141;103m▀[38;2;87;58;52m▀▀[48;2;87;58;52m[38;2;1;1;1m▀[48;2;254;214;138m▀[38;2;174;146;92m▀             [48;2;1;1;1m▀ [48;2;160;160;159m[38;2;87;58;52m▀[48;2;0;0;0m         [m
[48;2;0;0;0m        [48;2;1;1;1m[38;2;87;58;52m▀ [48;2;254;214;138m▀▀[38;2;157;74;65m▀▀[38;2;87;58;52m▀[38;2;174;146;92m▀            [38;2;157;74;65m▀[38;2;87;58;52m▀[38;2;157;74;65m▀▀▀▀[38;2;174;146;92m▀▀             [48;2;174;146;92m[38;2;254;214;138m▀[48;2;87;58;52m▀[48;2;1;1;1m[38;2;87;58;52m▀[48;2;87;58;52m[38;2;1;1;1m▀[48;2;254;214;138m[38;2;87;58;52m▀[48;2;0;0;0m          [m
[48;2;0;0;0m        [48;2;1;1;1m  [48;2;254;214;138m                                   [48;2;174;146;92m[38;2;254;214;138m▀[48;2;87;58;52m▀[48;2;1;1;1m▀[38;2;174;146;92m▀ [48;2;120;141;103m[38;2;1;1;1m▀[48;2;0;0;0m[38;2;87;58;52m▀[38;2;160;160;159m▀           [m
[48;2;0;0;0m        [48;2;120;141;103m[38;2;42;29;27m▀[48;2;1;1;1m [38;2;254;214;138m▀▀▀▀▀▀▀▀▀▀▀▀▀▀▀▀▀▀▀▀▀▀▀▀▀▀▀▀▀▀[38;2;174;146;92m▀▀[38;2;157;74;65m▀[38;2;42;29;27m▀  [48;2;120;141;103m[38;2;1;1;1m▀[48;2;254;214;138m[38;2;87;58;52m▀[48;2;0;0;0m▀[38;2;160;160;159m▀              [m
[48;2;0;0;0m        [38;2;160;160;159m▀[38;2;120;141;103m▀[38;2;42;29;27m▀[38;2;1;1;1m▀▀▀▀▀▀▀▀▀▀▀▀▀▀▀▀▀▀▀▀▀▀[48;2;1;1;1m    [48;2;87;58;52m▀[48;2;157;74;65m▀[48;2;214;85;85m▀[48;2;255;102;101m▀▀▀▀[48;2;214;85;85m▀[48;2;157;74;65m▀▀[48;2;1;1;1m  [38;2;0;0;0m▀▀[48;2;0;0;0m             [m
[48;2;0;0;0m                               [48;2;1;1;1m[38;2;0;0;0m▀ [48;2;87;58;52m[38;2;1;1;1m▀[48;2;214;85;85m▀[48;2;255;102;101m[38;2;157;74;65m▀[38;2;214;85;85m▀          ▀[38;2;157;74;65m▀[48;2;214;85;85m[38;2;42;29;27m▀[48;2;87;58;52m[38;2;1;1;1m▀[48;2;1;1;1m [38;2;0;0;0m▀[48;2;0;0;0m           [m
[48;2;0;0;0m                             [48;2;1;1;1m  [48;2;157;74;65m[38;2;1;1;1m▀[48;2;255;102;101m[38;2;157;74;65m▀         [48;2;214;85;85m[38;2;255;102;101m▀[48;2;157;74;65m▀[48;2;42;29;27m▀[48;2;1;1;1m▀▀[48;2;87;58;52m▀[48;2;214;85;85m▀[48;2;255;102;101m  [38;2;157;74;65m▀[48;2;157;74;65m[38;2;1;1;1m▀[48;2;1;1;1m [38;2;0;0;0m▀[48;2;0;0;0m         [m
[48;2;0;0;0m                           [48;2;1;1;1m[38;2;0;0;0m▀ [48;2;157;74;65m[38;2;1;1;1m▀[48;2;255;102;101m[38;2;157;74;65m▀    [48;2;87;58;52m[38;2;255;102;101m▀[48;2;1;1;1m▀[48;2;214;85;85m▀[48;2;255;102;101m   [48;2;42;29;27m[38;2;214;85;85m▀[48;2;1;1;1m [48;2;87;58;52m[38;2;1;1;1m▀[48;2;120;141;103m▀▀▀[48;2;87;58;52m▀[48;2;1;1;1m [48;2;42;29;27m[38;2;157;74;65m▀[48;2;255;102;101m [48;2;87;58;52m[38;2;255;102;101m▀[48;2;1;1;1m▀[48;2;87;58;52m [48;2;1;1;1m  [48;2;0;0;0m        [m
[48;2;0;0;0m                         [48;2;1;1;1m[38;2;0;0;0m▀ [48;2;87;58;52m[38;2;1;1;1m▀[48;2;255;102;101m[38;2;157;74;65m▀     [48;2;214;85;85m [48;2;1;1;1m  [48;2;42;29;27m [48;2;255;102;101m  [48;2;214;85;85m [48;2;1;1;1m [48;2;87;58;52m [48;2;120;141;103m     [48;2;87;58;52m [48;2;1;1;1m [48;2;42;29;27m▀[48;2;1;1;1m  [38;2;42;29;27m▀[48;2;157;74;65m▀[48;2;1;1;1m [38;2;0;0;0m▀[48;2;0;0;0m       [m
[48;2;0;0;0m                       [48;2;1;1;1m[38;2;0;0;0m▀ [48;2;87;58;52m[38;2;1;1;1m▀[48;2;214;85;85m[38;2;87;58;52m▀[48;2;255;102;101m       [38;2;214;85;85m▀[48;2;214;85;85m[38;2;1;1;1m▀▀[48;2;255;102;101m[38;2;157;74;65m▀  [48;2;157;74;65m[38;2;214;85;85m▀[48;2;1;1;1m [48;2;87;58;52m [48;2;120;141;103m     [38;2;87;58;52m▀[48;2;1;1;1m [48;2;157;74;65m [48;2;214;85;85m[38;2;42;29;27m▀[38;2;1;1;1m▀[48;2;255;102;101m[38;2;87;58;52m▀[38;2;214;85;85m▀[48;2;1;1;1m  [48;2;0;0;0m       [m
[48;2;0;0;0m                      [48;2;1;1;1m  [48;2;157;74;65m[38;2;1;1;1m▀[48;2;255;102;101m[38;2;214;85;85m▀              [48;2;157;74;65m▀[48;2;1;1;1m [48;2;87;58;52m [48;2;120;141;103m     [48;2;87;58;52m[38;2;120;141;103m▀[48;2;1;1;1m [48;2;157;74;65m [48;2;255;102;101m    [48;2;157;74;65m[38;2;87;58;52m▀[48;2;1;1;1m [48;2;42;29;27m[38;2;0;0;0m▀[48;2;0;0;0m      [m
[48;2;0;0;0m                     [48;2;1;1;1m[38;2;0;0;0m▀ [48;2;157;74;65m[38;2;1;1;1m▀[48;2;255;102;101m                [48;2;214;85;85m [48;2;1;1;1m [48;2;42;29;27m[38;2;87;58;52m▀[48;2;120;141;103m     [48;2;87;58;52m [48;2;1;1;1m [48;2;214;85;85m [48;2;255;102;101m    [38;2;214;85;85m▀[48;2;42;29;27m[38;2;1;1;1m▀[48;2;1;1;1m [48;2;0;0;0m      [m
[48;2;0;0;0m                     [48;2;1;1;1m  [48;2;214;85;85m[38;2;157;74;65m▀[48;2;255;102;101m                 [48;2;42;29;27m[38;2;1;1;1m▀[48;2;1;1;1m[38;2;42;29;27m▀[48;2;120;141;103m     [48;2;1;1;1m▀[48;2;42;29;27m[38;2;1;1;1m▀[48;2;255;102;101m[38;2;214;85;85m▀     [48;2;157;74;65m [48;2;1;1;1m  [48;2;0;0;0m     [m
[48;2;0;0;0m                    [48;2;1;1;1m   [48;2;157;74;65m[38;2;214;85;85m▀[48;2;255;102;101m                 [48;2;214;85;85m[38;2;157;74;65m▀[48;2;1;1;1m [48;2;42;29;27m[38;2;87;58;52m▀[48;2;120;141;103m   [48;2;87;58;52m[38;2;120;141;103m▀[48;2;1;1;1m [48;2;157;74;65m [48;2;255;102;101m      [48;2;214;85;85m [48;2;1;1;1m  [48;2;0;0;0m     [m
[48;2;0;0;0m                   [48;2;1;1;1m  [48;2;157;74;65m[38;2;42;29;27m▀[48;2;42;29;27m[38;2;1;1;1m▀[48;2;1;1;1m[38;2;87;58;52m▀[48;2;255;102;101m                  [48;2;214;85;85m▀[48;2;1;1;1m [48;2;42;29;27m▀[48;2;120;141;103m [48;2;87;58;52m[38;2;120;141;103m▀[48;2;1;1;1m [48;2;157;74;65m[38;2;1;1;1m▀[48;2;255;102;101m       [48;2;214;85;85m [48;2;1;1;1m  [48;2;0;0;0m     [m
[48;2;0;0;0m                  [48;2;1;1;1m[38;2;0;0;0m▀ [48;2;42;29;27m[38;2;1;1;1m▀[48;2;255;102;101m[38;2;214;85;85m▀[48;2;214;85;85m[38;2;157;74;65m▀[48;2;1;1;1m ▀[48;2;214;85;85m[38;2;255;102;101m▀[48;2;255;102;101m                 [38;2;157;74;65m▀[48;2;87;58;52m[38;2;1;1;1m▀[48;2;1;1;1m[38;2;87;58;52m▀[38;2;42;29;27m▀[48;2;87;58;52m[38;2;1;1;1m▀[48;2;255;102;101m[38;2;214;85;85m▀       [48;2;87;58;52m[38;2;157;74;65m▀[48;2;1;1;1m  [48;2;0;0;0m     [m
[48;2;0;0;0m                  [48;2;1;1;1m [48;2;42;29;27m[38;2;1;1;1m▀[48;2;255;102;101m[38;2;214;85;85m▀  [38;2;157;74;65m▀[48;2;157;74;65m[38;2;1;1;1m▀[48;2;1;1;1m[38;2;87;58;52m▀[48;2;87;58;52m[38;2;255;102;101m▀[48;2;255;102;101m                 [38;2;214;85;85m▀[48;2;157;74;65m[38;2;1;1;1m▀[48;2;87;58;52m▀[48;2;255;102;101m[38;2;214;85;85m▀       [48;2;157;74;65m▀[48;2;1;1;1m  [48;2;0;0;0m      [m
[48;2;0;0;0m                [48;2;1;1;1m[38;2;0;0;0m▀ [48;2;87;58;52m[38;2;1;1;1m▀[48;2;214;85;85m[38;2;157;74;65m▀[48;2;255;102;101m     [38;2;87;58;52m▀[48;2;87;58;52m[38;2;1;1;1m▀[48;2;1;1;1m[38;2;157;74;65m▀[48;2;87;58;52m[38;2;255;102;101m▀[48;2;214;85;85m▀[48;2;255;102;101m                [38;2;214;85;85m▀       [48;2;214;85;85m[38;2;255;102;101m▀[48;2;1;1;1m[38;2;42;29;27m▀ [48;2;0;0;0m       [m
[48;2;0;0;0m            [48;2;1;1;1m[38;2;0;0;0m▀▀  [48;2;87;58;52m[38;2;1;1;1m▀[48;2;214;85;85m▀[48;2;255;102;101m[38;2;214;85;85m▀        [38;2;157;74;65m▀[48;2;157;74;65m[38;2;1;1;1m▀[48;2;1;1;1m [38;2;157;74;65m▀[38;2;255;102;101m▀[48;2;214;85;85m▀[48;2;255;102;101m                     [48;2;1;1;1m[38;2;87;58;52m▀ [48;2;0;0;0m[38;2;1;1;1m▀       [m
[48;2;0;0;0m          [48;2;1;1;1m[38;2;0;0;0m▀  [48;2;157;74;65m[38;2;1;1;1m▀[48;2;255;102;101m[38;2;87;58;52m▀[38;2;214;85;85m▀             ▀[38;2;157;74;65m▀[48;2;214;85;85m[38;2;1;1;1m▀[48;2;157;74;65m▀[48;2;42;29;27m▀[48;2;1;1;1m[38;2;157;74;65m▀[38;2;214;85;85m▀▀▀[38;2;255;102;101m▀[48;2;214;85;85m▀[48;2;255;102;101m             [48;2;214;85;85m [48;2;1;1;1m  [48;2;0;0;0m        [m
[48;2;0;0;0m        [48;2;1;1;1m[38;2;0;0;0m▀  [48;2;214;85;85m[38;2;1;1;1m▀[48;2;255;102;101m[38;2;214;85;85m▀                     ▀[38;2;157;74;65m▀▀▀▀              [48;2;214;85;85m [48;2;1;1;1m  [48;2;0;0;0m        [m
[48;2;0;0;0m       [48;2;1;1;1m[38;2;0;0;0m▀ [48;2;157;74;65m[38;2;1;1;1m▀[48;2;255;102;101m[38;2;157;74;65m▀                                           [48;2;42;29;27m[38;2;1;1;1m▀[48;2;1;1;1m [48;2;0;0;0m        [m
[48;2;0;0;0m      [48;2;1;1;1m[38;2;0;0;0m▀ [48;2;157;74;65m[38;2;87;58;52m▀[48;2;255;102;101m                                             [48;2;214;85;85m▀[48;2;1;1;1m  [38;2;0;0;0m▀[48;2;0;0;0m      [m
[48;2;0;0;0m      [48;2;1;1;1m  [38;2;157;74;65m▀▀▀▀▀▀▀▀▀▀▀▀▀▀▀▀▀▀▀▀▀▀▀▀▀▀▀▀▀▀▀▀▀▀▀▀▀▀▀▀▀▀▀▀▀▀▀[38;2;42;29;27m▀   [38;2;0;0;0m▀[48;2;0;0;0m    [m
