[48;2;0;0;0m                                                                [m
[48;2;0;0;0m         [48;2;163;163;162m[38;2;0;0;0m▀[48;2;75;90;62m▀[48;2;43;41;31m▀[48;2;0;1;0m▀▀▀▀▀▀▀▀▀▀▀▀▀▀▀▀▀▀▀▀▀▀▀▀▀▀▀▀▀▀▀▀▀▀▀▀▀▀▀[48;2;1;2;1m▀[48;2;81;101;95m▀[48;2;115;141;101m▀[48;2;0;0;0m          [m
[48;2;0;0;0m         [48;2;81;101;95m[38;2;161;108;93m▀[48;2;0;1;0m [48;2;107;210;109m[38;2;0;1;0m▀[48;2;132;255;134m▀▀▀▀▀▀▀▀▀▀▀▀▀▀▀▀▀▀▀▀▀▀▀▀▀▀▀▀▀▀▀▀▀▀▀▀▀▀▀▀[48;2;0;1;0m [48;2;1;2;1m[38;2;81;101;95m▀[48;2;0;0;0m          [m
[48;2;0;0;0m         [48;2;81;101;95m [48;2;0;1;0m [48;2;107;210;109m [48;2;132;255;134m                                        [48;2;0;1;0m  [48;2;0;0;0m          [m
[48;2;0;0;0m         [48;2;81;101;95m [48;2;0;1;0m [48;2;80;149;85m[38;2;107;210;109m▀[48;2;107;210;109m[38;2;132;255;134m▀▀▀▀▀[48;2;132;255;134m            [48;2;126;224;132m▀[48;2;107;210;109m▀▀▀▀▀▀▀▀▀▀▀▀▀[48;2;132;255;134m         [48;2;0;1;0m  [48;2;0;0;0m          [m
[48;2;0;0;0m         [38;2;119;140;103m▀[48;2;119;140;103m[38;2;0;1;0m▀[48;2;161;108;93m▀[48;2;0;1;0m     [48;2;132;255;134m            [48;2;107;210;109m [48;2;83;99;79m▀[48;2;75;90;62m▀[48;2;83;99;79m▀[48;2;80;149;85m▀[48;2;75;90;62m▀[48;2;83;99;79m▀[48;2;80;149;85m▀[48;2;65;75;57m▀[48;2;0;1;0m [48;2;87;91;83m▀[48;2;119;140;103m▀[48;2;43;41;31m▀[48;2;0;1;0m [48;2;126;224;132m [48;2;132;255;134m        [48;2;0;1;0m  [48;2;0;0;0m          [m
[48;2;0;0;0m               [48;2;0;1;0m  [48;2;132;255;134m                    [48;2;107;210;109m [48;2;0;1;0m  [48;2;0;0;0m [48;2;118;140;103m[38;2;75;90;62m▀[48;2;0;1;0m [38;2;84;160;87m▀[38;2;107;210;109m▀▀▀▀▀▀▀▀ [48;2;65;75;57m[38;2;1;2;1m▀[48;2;75;90;62m[38;2;0;0;0m▀[48;2;0;0;0m         [m
[48;2;0;0;0m               [48;2;0;1;0m  [48;2;132;255;134m                    [48;2;107;210;109m [48;2;0;1;0m  [48;2;0;0;0m [48;2;42;26;25m[38;2;157;157;156m▀[48;2;0;1;0m [48;2;84;160;87m[38;2;0;1;0m▀[48;2;132;255;134m▀▀▀▀▀▀▀▀▀[48;2;0;1;0m [38;2;92;95;85m▀[48;2;0;0;0m         [m
[48;2;0;0;0m         [48;2;204;172;111m[38;2;0;0;0m▀[48;2;43;41;31m[38;2;163;163;162m▀[48;2;0;1;0m[38;2;119;140;103m▀[38;2;75;90;62m▀▀▀  [48;2;132;255;134m            [48;2;107;210;109m [48;2;0;1;0m         ▀▀[38;2;34;49;38m▀ [48;2;107;210;109m [48;2;132;255;134m         [48;2;0;1;0m  [48;2;0;0;0m         [m
[48;2;0;0;0m         [48;2;81;101;95m[38;2;161;108;93m▀[48;2;0;1;0m [48;2;107;210;109m[38;2;80;149;85m▀[48;2;132;255;134m[38;2;84;160;87m▀▀▀[38;2;84;159;87m▀[38;2;80;149;85m▀        [48;2;107;210;109m[38;2;132;255;134m▀[48;2;0;1;0m▀[38;2;107;210;109m▀[48;2;1;2;1m[38;2;0;1;0m▀[48;2;182;153;97m▀▀[48;2;225;192;125m▀[48;2;253;214;138m▀[48;2;225;192;125m▀[48;2;182;153;97m▀[48;2;187;157;100m▀[48;2;47;41;32m▀[48;2;0;1;0m [38;2;56;100;54m▀[48;2;80;149;85m [48;2;126;224;132m[38;2;80;149;85m▀[48;2;132;255;134m▀▀[38;2;107;210;109m▀         [48;2;0;1;0m  [48;2;0;0;0m         [m
[48;2;0;0;0m         [48;2;81;101;95m [48;2;0;1;0m [48;2;107;210;109m [48;2;132;255;134m          [48;2;126;224;132m[38;2;132;255;134m▀[48;2;0;1;0m▀[38;2;80;149;85m▀[48;2;105;78;72m[38;2;0;1;0m▀[48;2;254;214;138m[38;2;1;2;1m▀[48;2;253;214;138m[38;2;182;153;97m▀[48;2;254;214;138m[38;2;253;214;138m▀▀  [48;2;253;214;138m [38;2;254;214;138m▀[48;2;254;214;138m  [38;2;253;214;138m▀[48;2;253;214;138m[38;2;225;192;125m▀[48;2;254;214;138m[38;2;161;108;93m▀[48;2;225;192;125m[38;2;0;1;0m▀[48;2;1;2;1m▀[48;2;0;1;0m[38;2;126;224;132m▀[48;2;107;210;109m[38;2;132;255;134m▀[48;2;132;255;134m          [48;2;0;1;0m  [48;2;0;0;0m         [m
[48;2;0;0;0m         [48;2;81;101;95m [48;2;0;1;0m [38;2;107;210;109m▀[38;2;132;255;134m▀▀▀▀▀▀▀▀▀[38;2;126;224;132m▀ [48;2;225;192;125m[38;2;0;1;0m▀[48;2;253;214;138m[38;2;191;160;102m▀[48;2;254;214;138m[38;2;253;214;138m▀ ▀    ▀[48;2;253;214;138m[38;2;254;214;138m▀[48;2;254;214;138m[38;2;253;214;138m▀     [38;2;225;192;125m▀[48;2;225;192;125m[38;2;44;36;31m▀[48;2;1;2;1m[38;2;0;1;0m▀[48;2;0;1;0m[38;2;126;224;132m▀[38;2;132;255;134m▀▀▀▀▀▀▀▀▀ [48;2;81;101;95m[38;2;1;2;1m▀[48;2;0;0;0m         [m
[48;2;0;0;0m         [38;2;163;163;162m▀[38;2;75;90;62m▀[38;2;43;41;31m▀[38;2;0;1;0m▀▀▀▀▀▀▀[48;2;0;1;0m  [48;2;161;108;93m▀[48;2;254;214;138m[38;2;225;192;125m▀[48;2;253;214;138m [48;2;254;214;138m       [48;2;161;108;93m[38;2;254;214;138m▀[48;2;0;1;0m[38;2;225;192;125m▀[38;2;182;153;97m▀[38;2;78;65;47m▀[38;2;76;79;60m▀[38;2;182;153;97m▀[38;2;225;192;125m▀[48;2;161;108;93m[38;2;253;214;138m▀[48;2;254;214;138m [48;2;253;214;138m [38;2;254;214;138m▀[48;2;254;214;138m[38;2;191;160;102m▀[48;2;47;41;32m[38;2;0;1;0m▀[48;2;0;1;0m [48;2;0;0;0m▀▀▀▀▀▀▀[38;2;1;2;1m▀[38;2;81;101;95m▀[38;2;115;141;101m▀         [m
[48;2;0;0;0m                  [48;2;0;1;0m  [48;2;225;192;125m[38;2;44;36;31m▀[48;2;253;214;138m[38;2;254;214;138m▀[48;2;254;214;138m[38;2;253;214;138m▀[48;2;253;214;138m [48;2;76;79;60m[38;2;225;192;125m▀[48;2;0;1;0m[38;2;44;36;31m▀[38;2;161;108;93m▀[48;2;225;192;125m[38;2;253;214;138m▀[48;2;253;214;138m [48;2;254;214;138m [48;2;161;108;93m[38;2;191;160;102m▀[48;2;0;1;0m [48;2;115;141;101m[38;2;43;41;31m▀[38;2;87;105;80m▀  ▀[38;2;65;75;57m▀[48;2;0;1;0m [48;2;187;157;100m[38;2;191;160;102m▀[48;2;161;108;93m[38;2;225;192;125m▀[48;2;0;1;0m[38;2;44;36;31m▀[38;2;161;108;93m▀[48;2;161;108;93m[38;2;187;157;100m▀[48;2;0;1;0m  [48;2;0;0;0m                  [m
[48;2;0;0;0m                 [48;2;0;1;0m  [48;2;225;192;125m[38;2;161;108;93m▀[48;2;254;214;138m [48;2;253;214;138m [48;2;254;214;138m[38;2;253;214;138m▀ [48;2;161;108;93m[38;2;42;26;25m▀[48;2;0;1;0m  [48;2;225;192;125m[38;2;191;160;102m▀[48;2;253;214;138m[38;2;254;214;138m▀ [48;2;47;41;32m[38;2;78;65;47m▀[48;2;0;1;0m [48;2;115;141;101m    [38;2;120;141;103m▀ [48;2;42;26;25m[38;2;0;1;0m▀[48;2;0;1;0m[38;2;47;41;32m▀[48;2;161;108;93m[38;2;47;41;34m▀[48;2;0;1;0m  [48;2;225;192;125m[38;2;187;157;100m▀[48;2;182;153;97m[38;2;1;2;1m▀[48;2;0;1;0m [38;2;0;0;0m▀[48;2;0;0;0m                 [m
[48;2;0;0;0m                [48;2;0;1;0m  [48;2;191;160;102m[38;2;161;108;93m▀[48;2;253;214;138m[38;2;254;214;138m▀[48;2;254;214;138m[38;2;253;214;138m▀▀   [38;2;187;157;100m▀[38;2;225;192;125m▀  [38;2;253;214;138m▀[48;2;1;2;1m[38;2;47;41;32m▀[48;2;47;41;32m[38;2;1;2;1m▀[48;2;115;141;101m [38;2;120;141;103m▀ [48;2;120;141;103m [48;2;115;141;101m  [48;2;42;26;25m[38;2;35;52;42m▀[48;2;0;1;0m [48;2;254;214;138m [48;2;253;214;138m[38;2;187;157;100m▀[48;2;254;214;138m[38;2;225;192;125m▀[48;2;253;214;138m[38;2;254;214;138m▀[48;2;254;214;138m[38;2;225;192;125m▀[48;2;191;160;102m[38;2;0;1;0m▀[48;2;0;1;0m [38;2;0;0;0m▀[48;2;0;0;0m                [m
[48;2;0;0;0m               [48;2;0;1;0m[38;2;0;0;0m▀ [48;2;161;108;93m[38;2;0;1;0m▀[48;2;254;214;138m [48;2;253;214;138m  [48;2;254;214;138m         [48;2;47;41;32m[38;2;1;2;1m▀[48;2;0;1;0m▀[48;2;115;141;101m [48;2;120;141;103m[38;2;115;141;101m▀[48;2;115;141;101m [48;2;120;141;103m▀[48;2;115;141;101m  [48;2;42;26;25m [48;2;47;41;32m[38;2;0;1;0m▀[48;2;254;214;138m [48;2;253;214;138m[38;2;254;214;138m▀▀[48;2;254;214;138m[38;2;253;214;138m▀  [48;2;225;192;125m[38;2;161;108;93m▀[48;2;1;2;1m[38;2;0;1;0m▀[48;2;0;1;0m [38;2;0;0;0m▀[48;2;0;0;0m              [m
[48;2;0;0;0m               [48;2;0;1;0m  [48;2;225;192;125m[38;2;191;160;102m▀[48;2;254;214;138m [38;2;253;214;138m▀ [48;2;253;214;138m [48;2;254;214;138m        [48;2;187;157;100m [48;2;0;1;0m[38;2;1;2;1m▀[48;2;87;105;80m [48;2;115;141;101m[38;2;120;141;103m▀[48;2;120;141;103m[38;2;115;141;101m▀[48;2;115;141;101m [48;2;120;141;103m▀[48;2;87;105;80m▀[48;2;0;1;0m [48;2;187;157;100m[38;2;47;41;32m▀[48;2;254;214;138m[38;2;253;214;138m▀[48;2;253;214;138m [48;2;254;214;138m▀[48;2;253;214;138m[38;2;254;214;138m▀[48;2;254;214;138m   [38;2;191;160;102m▀[48;2;161;108;93m[38;2;0;1;0m▀[48;2;0;1;0m [38;2;0;0;0m▀[48;2;0;0;0m             [m
[48;2;0;0;0m               [48;2;0;1;0m [48;2;42;26;25m[38;2;0;1;0m▀[48;2;254;214;138m   [48;2;253;214;138m[38;2;254;214;138m▀[48;2;254;214;138m [38;2;253;214;138m▀       [38;2;191;160;102m▀[48;2;0;1;0m [48;2;66;67;57m[38;2;83;99;79m▀[48;2;115;141;101m    [48;2;44;41;33m[38;2;87;105;80m▀[48;2;0;1;0m [48;2;254;214;138m[38;2;191;160;102m▀[48;2;253;214;138m [48;2;254;214;138m       [38;2;225;192;125m▀[48;2;44;36;31m[38;2;0;1;0m▀[48;2;0;1;0m [48;2;0;0;0m             [m
[48;2;0;0;0m               [48;2;0;1;0m [48;2;78;65;47m[38;2;66;67;57m▀[48;2;254;214;138m [38;2;253;214;138m▀▀[48;2;253;214;138m[38;2;254;214;138m▀[48;2;254;214;138m          [48;2;191;160;102m[38;2;105;78;72m▀[48;2;0;1;0m [48;2;76;79;60m[38;2;115;141;101m▀[48;2;115;141;101m[38;2;120;141;103m▀ [48;2;87;105;80m[38;2;115;141;101m▀[48;2;0;1;0m [48;2;191;160;102m[38;2;47;41;32m▀[48;2;254;214;138m [48;2;253;214;138m [48;2;254;214;138m [38;2;253;214;138m▀ [48;2;253;214;138m[38;2;254;214;138m▀[48;2;254;214;138m    [48;2;187;157;100m [48;2;0;1;0m  [48;2;0;0;0m            [m
[48;2;0;0;0m               [48;2;0;1;0m [48;2;44;36;31m[38;2;42;26;25m▀[48;2;254;214;138m  [48;2;253;214;138m [48;2;254;214;138m[38;2;253;214;138m▀[48;2;253;214;138m[38;2;254;214;138m▀[48;2;254;214;138m          [48;2;225;192;125m[38;2;161;108;93m▀[48;2;0;1;0m [48;2;1;2;1m[38;2;87;105;80m▀[48;2;82;91;71m[38;2;115;141;101m▀[48;2;0;1;0m[38;2;43;41;31m▀[48;2;161;108;93m[38;2;0;1;0m▀[48;2;253;214;138m[38;2;254;214;138m▀[48;2;254;214;138m[38;2;253;214;138m▀ [48;2;253;214;138m[38;2;254;214;138m▀[48;2;254;214;138m[38;2;253;214;138m▀      [48;2;187;157;100m [48;2;0;1;0m [48;2;0;0;0m[38;2;0;1;0m▀            [m
[48;2;0;0;0m               [48;2;0;1;0m  [48;2;187;157;100m[38;2;225;192;125m▀[48;2;254;214;138m [38;2;253;214;138m▀  [48;2;253;214;138m [48;2;254;214;138m          [38;2;187;157;100m▀[48;2;161;108;93m[38;2;0;1;0m▀[48;2;0;1;0m [48;2;161;108;93m▀[48;2;254;214;138m[38;2;225;192;125m▀[38;2;253;214;138m▀ [48;2;253;214;138m[38;2;254;214;138m▀▀[48;2;254;214;138m       [48;2;0;1;0m[38;2;66;67;57m▀ [48;2;0;0;0m             [m
[48;2;0;0;0m                [48;2;0;1;0m [38;2;43;41;31m▀[48;2;187;157;100m[38;2;254;214;138m▀[48;2;254;214;138m [48;2;253;214;138m▀[48;2;254;214;138m [48;2;253;214;138m▀[48;2;254;214;138m [38;2;253;214;138m▀         [38;2;225;192;125m▀[48;2;225;192;125m[38;2;1;2;1m▀[48;2;254;214;138m[38;2;225;192;125m▀[48;2;253;214;138m [48;2;254;214;138m [38;2;253;214;138m▀        [48;2;182;153;97m[38;2;225;192;125m▀[48;2;0;1;0m  [48;2;0;0;0m             [m
[48;2;0;0;0m               [48;2;0;1;0m[38;2;0;0;0m▀ [48;2;65;75;57m[38;2;0;1;0m▀[48;2;0;1;0m [48;2;161;108;93m[38;2;225;192;125m▀[48;2;254;214;138m [38;2;253;214;138m▀ ▀ [48;2;253;214;138m[38;2;254;214;138m▀[48;2;254;214;138m          [38;2;253;214;138m▀[48;2;253;214;138m[38;2;254;214;138m▀[48;2;254;214;138m [38;2;253;214;138m▀  [48;2;253;214;138m[38;2;254;214;138m▀[48;2;254;214;138m     [48;2;225;192;125m[38;2;191;160;102m▀[48;2;0;1;0m  [48;2;0;0;0m             [m
[48;2;0;0;0m             [48;2;0;1;0m[38;2;0;0;0m▀ [48;2;44;36;31m[38;2;0;1;0m▀[48;2;225;192;125m[38;2;1;2;1m▀[48;2;253;214;138m[38;2;225;192;125m▀[48;2;254;214;138m[38;2;161;108;93m▀[48;2;105;78;72m[38;2;0;1;0m▀[48;2;0;1;0m[38;2;161;108;93m▀[48;2;225;192;125m[38;2;254;214;138m▀[48;2;254;214;138m  [38;2;253;214;138m▀ [48;2;253;214;138m[38;2;254;214;138m▀[48;2;254;214;138m [48;2;253;214;138m▀[48;2;254;214;138m             [38;2;253;214;138m▀  [48;2;253;214;138m[38;2;254;214;138m▀[48;2;254;214;138m [48;2;253;214;138m▀[48;2;254;214;138m [48;2;225;192;125m[38;2;161;108;93m▀[48;2;0;1;0m  [48;2;0;0;0m            [m
[48;2;0;0;0m           [48;2;0;1;0m[38;2;0;0;0m▀  [48;2;225;192;125m[38;2;0;1;0m▀[48;2;253;214;138m[38;2;225;192;125m▀[48;2;254;214;138m [48;2;253;214;138m[38;2;254;214;138m▀[48;2;254;214;138m [38;2;225;192;125m▀[48;2;225;192;125m[38;2;1;2;1m▀[48;2;44;36;31m[38;2;0;1;0m▀[48;2;0;1;0m[38;2;191;160;102m▀[48;2;105;78;72m[38;2;253;214;138m▀[48;2;225;192;125m[38;2;254;214;138m▀[48;2;254;214;138m[38;2;253;214;138m▀[48;2;253;214;138m[38;2;254;214;138m▀[48;2;254;214;138m  [48;2;253;214;138m▀[48;2;254;214;138m            [38;2;253;214;138m▀  ▀ [48;2;253;214;138m[38;2;254;214;138m▀[48;2;254;214;138m  [48;2;253;214;138m[38;2;161;108;93m▀[48;2;44;36;31m[38;2;0;1;0m▀[48;2;0;1;0m [48;2;0;0;0m           [m
[48;2;0;0;0m         [48;2;0;1;0m[38;2;0;0;0m▀ [48;2;161;108;93m[38;2;0;1;0m▀[48;2;254;214;138m[38;2;44;36;31m▀[38;2;225;192;125m▀[38;2;253;214;138m▀[48;2;253;214;138m[38;2;254;214;138m▀[48;2;254;214;138m  [48;2;253;214;138m▀[48;2;254;214;138m  [38;2;225;192;125m▀[38;2;161;108;93m▀[48;2;191;160;102m[38;2;0;1;0m▀[48;2;161;108;93m▀[48;2;0;1;0m[38;2;161;108;93m▀[38;2;191;160;102m▀[38;2;225;192;125m▀[48;2;161;108;93m[38;2;254;214;138m▀[48;2;253;214;138m ▀[48;2;254;214;138m [38;2;253;214;138m▀                  [48;2;253;214;138m[38;2;182;153;97m▀[48;2;47;41;32m[38;2;0;1;0m▀[48;2;0;1;0m [38;2;0;0;0m▀[48;2;0;0;0m         [m
[48;2;0;0;0m       [48;2;0;1;0m[38;2;0;0;0m▀ [48;2;161;108;93m[38;2;0;1;0m▀[48;2;254;214;138m[38;2;161;108;93m▀  [38;2;253;214;138m▀  [48;2;253;214;138m [48;2;254;214;138m [48;2;253;214;138m[38;2;254;214;138m▀[48;2;254;214;138m      [38;2;225;192;125m▀[38;2;187;157;100m▀▀[38;2;225;192;125m▀       [38;2;253;214;138m▀  ▀[48;2;253;214;138m[38;2;254;214;138m▀▀[48;2;254;214;138m          [38;2;191;160;102m▀[48;2;42;26;25m[38;2;0;1;0m▀[48;2;0;1;0m [48;2;0;0;0m         [m
[48;2;0;0;0m      [48;2;0;1;0m  [48;2;225;192;125m[38;2;44;36;31m▀[48;2;253;214;138m[38;2;254;214;138m▀[48;2;254;214;138m [38;2;253;214;138m▀[48;2;253;214;138m[38;2;254;214;138m▀[48;2;254;214;138m   [38;2;253;214;138m▀                  [48;2;253;214;138m[38;2;254;214;138m▀[48;2;254;214;138m[38;2;253;214;138m▀ [48;2;253;214;138m[38;2;254;214;138m▀[48;2;254;214;138m [38;2;253;214;138m▀            [48;2;191;160;102m[38;2;187;157;100m▀[48;2;0;1;0m  [48;2;0;0;0m        [m
[48;2;0;0;0m     [48;2;0;1;0m  [48;2;191;160;102m[38;2;161;108;93m▀[48;2;254;214;138m[38;2;253;214;138m▀  ▀[48;2;253;214;138m[38;2;254;214;138m▀[48;2;254;214;138m  [38;2;253;214;138m▀                      ▀[48;2;253;214;138m[38;2;254;214;138m▀▀[48;2;254;214;138m [38;2;253;214;138m▀           [48;2;66;67;57m[38;2;0;1;0m▀[48;2;0;1;0m [48;2;0;0;0m        [m
[48;2;0;0;0m     [48;2;0;1;0m [48;2;47;41;32m[38;2;43;41;31m▀[48;2;254;214;138m [48;2;253;214;138m [48;2;254;214;138m                            [48;2;253;214;138m [38;2;254;214;138m▀[48;2;254;214;138m               [48;2;187;157;100m [48;2;0;1;0m [48;2;0;0;0m        [m
[48;2;0;0;0m     [48;2;0;1;0m [48;2;1;2;1m[38;2;44;36;31m▀[48;2;0;1;0m[38;2;78;65;47m▀▀▀▀▀[48;2;1;2;1m▀[48;2;0;1;0m▀▀▀▀▀▀▀▀▀▀▀▀▀▀▀▀▀▀▀▀[48;2;1;2;1m▀[48;2;0;1;0m▀▀▀▀▀▀▀▀▀▀▀[48;2;1;2;1m▀[48;2;0;1;0m▀▀▀▀▀▀▀▀[38;2;44;36;31m▀ [48;2;0;0;0m        [m
