[48;2;0;0;0m                                                                [m
[48;2;0;0;0m    [48;2;157;157;156m[38;2;0;0;0m▀[48;2;65;75;57m▀[48;2;0;1;0m▀▀▀▀▀▀▀▀▀▀▀▀▀▀▀▀▀▀▀▀▀▀▀▀[48;2;74;86;69m▀[48;2;97;191;191m▀[48;2;0;0;0m  [48;2;157;157;156m▀[48;2;65;75;57m▀[48;2;0;1;0m▀▀▀▀▀▀▀▀▀▀▀▀▀▀▀▀▀▀▀▀▀▀[48;2;1;2;1m▀[48;2;65;75;57m▀[48;2;170;170;168m▀[48;2;0;0;0m   [m
[48;2;0;0;0m   [48;2;87;105;80m[38;2;225;192;125m▀[48;2;0;1;0m[38;2;1;2;1m▀[48;2;79;150;150m[38;2;0;1;0m▀[48;2;130;255;255m▀▀▀▀▀▀▀▀▀▀▀▀▀▀▀▀▀▀▀▀▀▀▀▀[48;2;94;182;182m▀[48;2;0;1;0m[38;2;1;2;1m▀[48;2;65;75;57m[38;2;191;160;102m▀[48;2;37;47;45m[38;2;94;182;182m▀[48;2;0;1;0m [48;2;96;188;188m[38;2;0;1;0m▀[48;2;130;255;255m▀▀▀▀▀▀▀▀▀▀▀▀▀▀▀▀▀▀▀▀▀▀[48;2;138;213;220m▀[48;2;0;1;0m [48;2;79;86;67m[38;2;92;95;85m▀[48;2;0;0;0m   [m
[48;2;0;0;0m   [48;2;79;86;67m [48;2;0;1;0m [48;2;79;150;150m [48;2;130;255;255m                         [38;2;49;85;91m▀[48;2;37;47;45m[38;2;0;1;0m▀[48;2;43;41;31m▀[48;2;130;255;255m[38;2;79;150;150m▀                       [48;2;138;213;220m [48;2;0;1;0m [48;2;66;67;57m [48;2;0;0;0m   [m
[48;2;0;0;0m   [48;2;87;105;80m[38;2;79;86;67m▀[48;2;0;1;0m [48;2;49;85;91m[38;2;79;150;150m▀[48;2;95;187;187m[38;2;130;255;255m▀▀▀▀▀[48;2;138;213;220m▀[48;2;130;255;255m                    [38;2;138;213;220m▀[38;2;95;187;187m▀      [48;2;138;213;220m[38;2;130;255;255m▀[48;2;130;255;255m            [48;2;97;191;191m▀[48;2;95;187;187m▀▀▀▀[48;2;79;150;150m▀[48;2;0;1;0m [48;2;95;96;82m[38;2;66;67;57m▀[48;2;0;0;0m   [m
[48;2;0;0;0m   [38;2;170;170;168m▀[48;2;170;170;168m[38;2;88;93;84m▀[48;2;87;105;80m[38;2;0;1;0m▀[48;2;0;1;0m [48;2;42;26;25m▀▀[48;2;92;95;85m▀[48;2;0;1;0m [48;2;97;191;191m [48;2;130;255;255m      [48;2;0;1;0m[38;2;49;85;91m▀[48;2;94;182;182m[38;2;130;255;255m▀[48;2;130;255;255m                   [48;2;49;85;91m▀[48;2;0;1;0m[38;2;37;47;45m▀[48;2;130;255;255m            [48;2;81;101;95m [48;2;0;1;0m [48;2;76;79;60m[38;2;0;1;0m▀[48;2;0;1;0m  [48;2;66;67;57m▀[48;2;157;157;156m▀[48;2;0;0;0m[38;2;94;182;182m▀   [m
[48;2;0;0;0m         [48;2;119;140;103m[38;2;79;150;150m▀[48;2;0;1;0m [48;2;138;213;220m[38;2;97;191;191m▀[48;2;130;255;255m      [48;2;0;1;0m  [48;2;49;85;91m[38;2;138;213;220m▀[48;2;130;255;255m                [48;2;138;213;220m[38;2;130;255;255m▀[48;2;1;2;1m[38;2;95;187;187m▀[48;2;0;1;0m  [48;2;130;255;255m            [48;2;81;101;95m [48;2;0;1;0m [48;2;157;157;156m[38;2;120;141;103m▀[48;2;0;0;0m        [m
[48;2;0;0;0m         [48;2;119;140;103m [48;2;0;1;0m [48;2;97;191;191m [48;2;130;255;255m      [48;2;0;1;0m  [48;2;43;41;31m[38;2;0;1;0m▀[48;2;0;1;0m[38;2;79;150;150m▀[48;2;96;188;188m[38;2;130;255;255m▀[48;2;130;255;255m             [48;2;79;150;150m▀[48;2;0;1;0m[38;2;49;85;91m▀[48;2;92;95;85m[38;2;0;1;0m▀[48;2;0;1;0m  [48;2;130;255;255m            [48;2;81;101;95m[38;2;79;150;150m▀[48;2;0;1;0m [48;2;157;157;156m [48;2;0;0;0m        [m
[48;2;0;0;0m   [48;2;254;214;138m[38;2;0;0;0m▀[48;2;92;95;85m[38;2;130;255;255m▀[48;2;0;1;0m[38;2;87;105;80m▀   [38;2;88;93;84m▀ [48;2;97;191;191m [48;2;130;255;255m      [48;2;0;1;0m  [38;2;79;150;150m▀ [38;2;37;47;45m▀[48;2;49;85;91m[38;2;130;255;255m▀[48;2;130;255;255m          [48;2;138;213;220m▀[48;2;1;2;1m[38;2;95;187;187m▀[48;2;0;1;0m  [38;2;37;47;45m▀  [48;2;130;255;255m            [48;2;79;150;150m[38;2;81;101;95m▀[48;2;0;1;0m [38;2;76;79;60m▀  [38;2;42;26;25m▀[38;2;120;141;103m▀[48;2;119;140;103m[38;2;0;0;0m▀[48;2;0;0;0m   [m
[48;2;0;0;0m   [48;2;79;86;67m[38;2;120;141;103m▀[48;2;0;1;0m[38;2;1;2;1m▀[48;2;79;150;150m[38;2;49;85;91m▀[48;2;130;255;255m[38;2;95;187;187m▀▀▀▀▀[38;2;138;213;220m▀      [38;2;95;187;187m▀▀▀▀[48;2;95;187;187m [48;2;0;1;0m[38;2;79;150;150m▀▀▀[48;2;42;26;25m[38;2;0;1;0m▀[48;2;161;108;93m▀[48;2;187;157;100m▀[48;2;92;95;85m▀[48;2;44;41;33m▀[48;2;0;1;0m[38;2;79;150;150m▀[38;2;95;187;187m▀[38;2;97;191;191m▀[38;2;49;85;91m▀[48;2;97;191;191m[38;2;79;150;150m▀[48;2;130;255;255m[38;2;95;187;187m▀▀▀▀▀            [38;2;97;191;191m▀[38;2;95;187;187m▀▀▀▀[38;2;79;150;150m▀[48;2;0;1;0m [38;2;79;86;67m▀[48;2;0;0;0m   [m
[48;2;0;0;0m   [48;2;79;86;67m [48;2;0;1;0m [48;2;79;150;150m [48;2;130;255;255m             [48;2;95;187;187m[38;2;130;255;255m▀[48;2;0;1;0m[38;2;138;213;220m▀ [48;2;187;157;100m[38;2;0;1;0m▀[48;2;254;214;138m[38;2;43;41;31m▀[38;2;187;157;100m▀[38;2;225;192;125m▀      [38;2;191;160;102m▀[38;2;161;108;93m▀[48;2;225;192;125m[38;2;0;1;0m▀[48;2;161;108;93m▀[48;2;0;1;0m[38;2;79;150;150m▀[48;2;79;150;150m[38;2;130;255;255m▀[48;2;138;213;220m▀[48;2;130;255;255m                    [48;2;0;1;0m  [48;2;0;0;0m   [m
[48;2;0;0;0m   [48;2;170;170;168m[38;2;84;90;76m▀[48;2;0;1;0m [38;2;79;150;150m▀[38;2;130;255;255m▀▀▀▀▀▀▀▀▀▀▀▀[38;2;79;150;150m▀[48;2;161;108;93m[38;2;0;1;0m▀[48;2;254;214;138m[38;2;43;41;31m▀[38;2;225;192;125m▀              [38;2;161;108;93m▀[48;2;161;108;93m[38;2;0;1;0m▀[48;2;0;1;0m[38;2;79;150;150m▀[38;2;130;255;255m▀▀▀▀▀▀▀▀▀▀▀▀▀▀▀▀▀▀▀▀ [48;2;92;95;85m[38;2;43;41;31m▀[48;2;0;0;0m   [m
[48;2;0;0;0m    [38;2;157;157;156m▀[38;2;74;86;69m▀[38;2;0;1;0m▀▀▀▀▀▀▀▀▀[48;2;0;1;0m  [48;2;1;2;1m▀[48;2;225;192;125m[38;2;161;108;93m▀[48;2;254;214;138m        [48;2;225;192;125m[38;2;254;214;138m▀[48;2;161;108;93m▀[48;2;0;1;0m▀[38;2;191;160;102m▀▀[38;2;225;192;125m▀[48;2;65;75;57m[38;2;254;214;138m▀[48;2;225;192;125m▀[48;2;254;214;138m   [48;2;225;192;125m[38;2;161;108;93m▀[48;2;0;1;0m  [48;2;0;0;0m[38;2;0;1;0m▀▀▀▀▀▀▀▀▀▀▀▀▀▀▀▀▀[38;2;1;2;1m▀[38;2;95;96;82m▀[38;2;120;141;103m▀   [m
[48;2;0;0;0m              [48;2;0;1;0m[38;2;0;0;0m▀ [48;2;161;108;93m[38;2;0;1;0m▀[48;2;254;214;138m[38;2;225;192;125m▀  [48;2;161;108;93m[38;2;254;214;138m▀[48;2;0;1;0m[38;2;187;157;100m▀[48;2;1;2;1m[38;2;225;192;125m▀[48;2;254;214;138m   [48;2;187;157;100m▀[48;2;0;1;0m[38;2;42;26;25m▀[48;2;82;91;71m[38;2;0;1;0m▀[48;2;120;141;103m[38;2;44;41;33m▀[38;2;79;86;67m▀[38;2;86;102;81m▀[38;2;44;41;33m▀[48;2;83;99;79m[38;2;0;1;0m▀[48;2;0;1;0m [48;2;187;157;100m[38;2;225;192;125m▀[38;2;254;214;138m▀[48;2;0;1;0m[38;2;191;160;102m▀[38;2;225;192;125m▀[48;2;161;108;93m [48;2;0;1;0m  [48;2;0;0;0m                      [m
[48;2;0;0;0m             [48;2;0;1;0m[38;2;0;0;0m▀ [48;2;187;157;100m[38;2;1;2;1m▀[48;2;254;214;138m    [48;2;44;41;33m[38;2;42;26;25m▀[48;2;0;1;0m  [48;2;191;160;102m [48;2;254;214;138m  [48;2;44;41;33m[38;2;66;67;57m▀[48;2;0;1;0m [48;2;120;141;103m     [38;2;118;140;103m▀[48;2;1;2;1m[38;2;0;1;0m▀[38;2;92;95;85m▀[48;2;66;67;57m[38;2;44;41;33m▀[48;2;0;1;0m  [48;2;191;160;102m[38;2;187;157;100m▀[48;2;92;95;85m[38;2;0;1;0m▀[48;2;0;1;0m [48;2;0;0;0m                      [m
[48;2;0;0;0m            [48;2;0;1;0m[38;2;0;0;0m▀ [48;2;187;157;100m[38;2;1;2;1m▀[48;2;254;214;138m     [38;2;225;192;125m▀[38;2;0;1;0m▀[38;2;161;108;93m▀   [48;2;42;26;25m [38;2;0;1;0m▀[48;2;120;141;103m      [48;2;44;41;33m [48;2;0;1;0m [48;2;254;214;138m[38;2;225;192;125m▀[38;2;1;2;1m▀[38;2;161;108;93m▀ [38;2;191;160;102m▀[48;2;161;108;93m[38;2;0;1;0m▀[48;2;0;1;0m [38;2;0;0;0m▀[48;2;0;0;0m                    [m
[48;2;0;0;0m            [48;2;0;1;0m [48;2;37;47;45m[38;2;0;1;0m▀[48;2;254;214;138m[38;2;225;192;125m▀           [48;2;42;26;25m[38;2;0;1;0m▀[48;2;1;2;1m[38;2;42;26;25m▀[48;2;120;141;103m      [48;2;42;26;25m [48;2;1;2;1m[38;2;0;1;0m▀[48;2;254;214;138m     [38;2;225;192;125m▀[48;2;191;160;102m[38;2;0;1;0m▀[48;2;1;2;1m▀[48;2;0;1;0m[38;2;0;0;0m▀[48;2;0;0;0m                   [m
[48;2;0;0;0m           [48;2;0;1;0m  [48;2;191;160;102m[38;2;187;157;100m▀[48;2;254;214;138m            [48;2;187;157;100m[38;2;92;95;85m▀[48;2;0;1;0m [48;2;87;105;80m[38;2;118;140;103m▀[48;2;120;141;103m    [48;2;87;105;80m[38;2;120;141;103m▀[48;2;0;1;0m[38;2;1;2;1m▀[48;2;161;108;93m[38;2;42;26;25m▀[48;2;254;214;138m       [48;2;225;192;125m[38;2;161;108;93m▀[48;2;1;2;1m [38;2;0;1;0m▀[48;2;0;0;0m                  [m
[48;2;0;0;0m           [48;2;0;1;0m [48;2;1;2;1m[38;2;0;1;0m▀[48;2;254;214;138m             [48;2;225;192;125m[38;2;187;157;100m▀[48;2;0;1;0m [48;2;79;86;67m[38;2;87;105;80m▀[48;2;120;141;103m    [48;2;74;86;69m▀[48;2;0;1;0m [48;2;225;192;125m[38;2;187;157;100m▀[48;2;254;214;138m        ▀[48;2;1;2;1m[38;2;0;1;0m▀[48;2;0;1;0m [48;2;0;0;0m                 [m
[48;2;0;0;0m           [48;2;0;1;0m [48;2;66;67;57m[38;2;44;41;33m▀[48;2;254;214;138m              [48;2;187;157;100m[38;2;1;2;1m▀[48;2;0;1;0m▀[48;2;87;105;80m[38;2;118;140;103m▀[48;2;120;141;103m  [48;2;87;105;80m[38;2;120;141;103m▀[48;2;0;1;0m[38;2;1;2;1m▀[48;2;161;108;93m▀[48;2;254;214;138m          [48;2;187;157;100m[38;2;161;108;93m▀[48;2;0;1;0m [38;2;0;0;0m▀[48;2;0;0;0m                [m
[48;2;0;0;0m           [48;2;0;1;0m [48;2;42;26;25m[38;2;66;67;57m▀[48;2;254;214;138m              [38;2;225;192;125m▀[48;2;182;153;97m[38;2;0;1;0m▀[48;2;0;1;0m[38;2;1;2;1m▀[48;2;65;75;57m[38;2;118;140;103m▀[48;2;87;105;80m[38;2;120;141;103m▀[48;2;0;1;0m[38;2;74;86;69m▀[48;2;37;47;45m[38;2;0;1;0m▀[48;2;254;214;138m[38;2;204;172;111m▀          [48;2;187;157;100m [48;2;0;1;0m  [48;2;0;0;0m                [m
[48;2;0;0;0m           [48;2;0;1;0m  [48;2;191;160;102m[38;2;254;214;138m▀[48;2;254;214;138m               [48;2;225;192;125m[38;2;161;108;93m▀[48;2;0;1;0m [38;2;37;47;45m▀[48;2;1;2;1m[38;2;0;1;0m▀[48;2;254;214;138m[38;2;191;160;102m▀           [48;2;1;2;1m[38;2;161;108;93m▀[38;2;0;1;0m▀[48;2;0;0;0m                 [m
[48;2;0;0;0m           [38;2;0;1;0m▀[48;2;0;1;0m [38;2;161;108;93m▀[48;2;225;192;125m[38;2;254;214;138m▀[48;2;254;214;138m               [38;2;191;160;102m▀[48;2;161;108;93m[38;2;0;1;0m▀[48;2;225;192;125m[38;2;187;157;100m▀[48;2;254;214;138m           [48;2;191;160;102m[38;2;225;192;125m▀[48;2;0;1;0m  [48;2;0;0;0m                 [m
[48;2;0;0;0m            [48;2;0;1;0m  [38;2;161;108;93m▀[48;2;191;160;102m[38;2;254;214;138m▀[48;2;254;214;138m                            [48;2;191;160;102m [48;2;1;2;1m[38;2;0;1;0m▀[38;2;44;41;33m▀[48;2;0;0;0m                 [m
[48;2;0;0;0m            [48;2;0;1;0m[38;2;0;0;0m▀[38;2;43;41;31m▀[48;2;161;108;93m[38;2;0;1;0m▀[48;2;0;1;0m [48;2;43;41;31m[38;2;225;192;125m▀[48;2;225;192;125m[38;2;254;214;138m▀[48;2;254;214;138m                           [48;2;161;108;93m[38;2;0;1;0m▀[48;2;0;1;0m   [38;2;0;0;0m▀[48;2;0;0;0m              [m
[48;2;0;0;0m          [48;2;0;1;0m[38;2;0;0;0m▀ [48;2;1;2;1m[38;2;0;1;0m▀[48;2;225;192;125m▀[48;2;254;214;138m[38;2;225;192;125m▀[38;2;182;153;97m▀[48;2;161;108;93m[38;2;0;1;0m▀[48;2;0;1;0m[38;2;161;108;93m▀[48;2;37;47;45m[38;2;254;214;138m▀[48;2;225;192;125m▀[48;2;254;214;138m                          [38;2;225;192;125m▀[38;2;43;41;31m▀[48;2;161;108;93m[38;2;0;1;0m▀[48;2;0;1;0m  [38;2;0;0;0m▀[48;2;0;0;0m            [m
[48;2;0;0;0m        [48;2;0;1;0m[38;2;0;0;0m▀  [48;2;225;192;125m[38;2;0;1;0m▀[48;2;254;214;138m[38;2;225;192;125m▀    [38;2;161;108;93m▀[48;2;225;192;125m[38;2;1;2;1m▀[48;2;37;47;45m[38;2;0;1;0m▀[48;2;0;1;0m[38;2;161;108;93m▀[38;2;225;192;125m▀[48;2;37;47;45m[38;2;254;214;138m▀[48;2;161;108;93m▀[48;2;225;192;125m▀[48;2;254;214;138m                        [38;2;161;108;93m▀[48;2;161;108;93m[38;2;0;1;0m▀[48;2;0;1;0m  [48;2;0;0;0m           [m
[48;2;0;0;0m       [48;2;0;1;0m[38;2;0;0;0m▀ [48;2;187;157;100m[38;2;0;1;0m▀[48;2;254;214;138m[38;2;225;192;125m▀         [38;2;204;172;111m▀[38;2;161;108;93m▀[38;2;42;26;25m▀[38;2;0;1;0m▀[38;2;65;75;57m▀                          [48;2;225;192;125m[38;2;37;47;45m▀[48;2;0;1;0m  [38;2;0;0;0m▀[48;2;0;0;0m         [m
[48;2;0;0;0m      [48;2;0;1;0m[38;2;0;0;0m▀ [48;2;191;160;102m[38;2;0;1;0m▀[48;2;254;214;138m                                           [38;2;191;160;102m▀[48;2;161;108;93m[38;2;0;1;0m▀[48;2;0;1;0m  [38;2;0;0;0m▀[48;2;0;0;0m       [m
[48;2;0;0;0m     [48;2;0;1;0m[38;2;0;0;0m▀ [48;2;187;157;100m[38;2;1;2;1m▀[48;2;254;214;138m                                              [48;2;225;192;125m[38;2;43;41;31m▀[48;2;0;1;0m  [38;2;0;0;0m▀[48;2;0;0;0m      [m
[48;2;0;0;0m     [48;2;0;1;0m  [48;2;254;214;138m[38;2;191;160;102m▀                                               [48;2;225;192;125m[38;2;161;108;93m▀[48;2;0;1;0m  [38;2;0;0;0m▀[48;2;0;0;0m     [m
[48;2;0;0;0m     [48;2;0;1;0m  [38;2;187;157;100m▀▀▀▀▀▀▀▀▀▀▀▀▀▀▀▀▀▀▀▀▀▀▀▀▀▀▀▀▀▀▀▀▀▀▀▀▀▀▀▀▀▀▀▀▀▀▀▀▀[38;2;1;2;1m▀  [38;2;0;0;0m▀[48;2;0;0;0m    [m
