[48;2;0;0;0m                                                                [m
[48;2;0;0;0m                   [48;2;157;157;156m[38;2;0;0;0m▀[48;2;81;80;75m▀[48;2;81;101;95m▀[48;2;119;140;103m▀[48;2;86;102;81m▀[48;2;35;52;42m▀▀[48;2;1;2;1m▀▀▀▀▀[48;2;35;52;42m▀▀[48;2;79;86;67m▀[48;2;81;101;95m▀[48;2;119;140;103m▀[48;2;66;67;57m▀[48;2;175;174;174m▀[48;2;157;157;156m▀[48;2;76;79;60m▀[48;2;1;2;1m▀▀▀▀▀▀▀▀[48;2;79;86;67m▀[48;2;91;84;80m▀[48;2;0;0;0m              [m
[48;2;0;0;0m             [48;2;175;174;174m[38;2;0;0;0m▀[48;2;118;140;103m▀[48;2;47;41;34m[38;2;175;174;174m▀[48;2;1;2;1m[38;2;87;105;80m▀[38;2;81;101;95m▀[38;2;47;41;34m▀[48;2;96;45;45m[38;2;1;2;1m▀[48;2;156;76;76m▀[48;2;184;97;105m▀[48;2;210;108;108m▀▀[48;2;254;139;139m▀▀▀▀▀▀▀▀▀[48;2;210;108;108m▀▀[48;2;184;97;105m▀[48;2;166;84;86m▀[48;2;47;41;34m▀[48;2;1;2;1m [48;2;156;76;76m▀[48;2;254;139;139m▀▀▀▀▀▀▀▀[48;2;96;45;45m▀[48;2;1;2;1m[38;2;65;75;57m▀[48;2;175;174;174m[38;2;0;0;0m▀[48;2;0;0;0m             [m
[48;2;0;0;0m           [48;2;84;99;80m[38;2;0;0;0m▀[48;2;1;2;1m[38;2;157;157;156m▀[38;2;47;41;34m▀[48;2;105;78;72m[38;2;1;2;1m▀[48;2;210;108;108m▀[48;2;254;139;139m[38;2;105;78;72m▀[38;2;210;108;108m▀                    ▀▀        [48;2;105;78;72m [48;2;1;2;1m [48;2;120;141;103m[38;2;157;157;156m▀[48;2;0;0;0m             [m
[48;2;0;0;0m         [48;2;120;141;103m[38;2;0;0;0m▀[48;2;1;2;1m[38;2;157;157;156m▀ [48;2;209;104;104m[38;2;1;2;1m▀[48;2;254;139;139m[38;2;184;97;105m▀               [48;2;184;97;105m[38;2;254;139;139m▀[48;2;183;100;101m▀[48;2;156;76;76m▀▀[48;2;177;91;102m▀[48;2;184;97;105m▀[48;2;210;108;108m▀[48;2;254;139;139m            [48;2;105;78;72m [48;2;1;2;1m [48;2;157;157;156m [48;2;0;0;0m             [m
[48;2;0;0;0m        [48;2;175;174;174m[38;2;0;0;0m▀[48;2;47;41;34m[38;2;119;140;103m▀[48;2;1;2;1m [48;2;210;108;108m[38;2;156;76;76m▀[48;2;254;139;139m             [48;2;210;108;108m[38;2;254;139;139m▀[48;2;1;2;1m[38;2;210;108;108m▀[38;2;105;78;72m▀[48;2;47;41;34m[38;2;1;2;1m▀[48;2;1;2;1m        [38;2;105;78;72m▀[48;2;47;41;34m[38;2;210;108;108m▀[48;2;184;97;105m[38;2;254;139;139m▀▀▀▀▀▀▀▀▀[48;2;91;42;42m[38;2;105;78;72m▀[48;2;1;2;1m [38;2;120;141;103m▀[38;2;0;0;0m▀▀▀[48;2;92;95;85m▀[48;2;91;84;80m▀[48;2;0;0;0m        [m
[48;2;0;0;0m        [48;2;81;80;75m[38;2;175;174;174m▀[48;2;1;2;1m[38;2;42;26;25m▀[48;2;156;76;76m[38;2;95;56;67m▀[48;2;254;139;139m             [48;2;184;97;105m[38;2;254;139;139m▀[48;2;1;2;1m[38;2;47;41;34m▀[48;2;92;95;85m[38;2;1;2;1m▀[48;2;175;174;174m[38;2;84;99;80m▀[48;2;42;26;25m[38;2;65;75;57m▀[38;2;1;2;1m▀[48;2;254;139;139m▀▀▀▀▀▀▀▀▀▀▀▀▀▀▀▀▀▀▀▀▀▀▀▀[48;2;47;41;34m▀[48;2;1;2;1m[38;2;92;95;85m▀[48;2;175;174;174m[38;2;0;0;0m▀[48;2;0;0;0m       [m
[48;2;0;0;0m        [48;2;175;174;174m[38;2;81;80;75m▀[48;2;1;2;1m [48;2;95;56;67m[38;2;156;76;76m▀[48;2;254;139;139m             [48;2;210;108;108m[38;2;183;100;101m▀[48;2;1;2;1m [48;2;65;75;57m[38;2;95;96;82m▀[48;2;157;157;156m[38;2;175;174;174m▀[48;2;1;2;1m [48;2;68;41;56m [48;2;254;139;139m                        [48;2;47;41;32m [48;2;42;26;25m [48;2;175;174;174m [48;2;0;0;0m       [m
[48;2;0;0;0m        [38;2;175;174;174m▀[48;2;81;101;95m[38;2;47;41;34m▀[48;2;1;2;1m[38;2;42;26;25m▀[48;2;156;76;76m[38;2;254;139;139m▀[48;2;254;139;139m             [38;2;105;78;72m▀[48;2;177;91;102m[38;2;1;2;1m▀[48;2;42;26;25m▀[48;2;1;2;1m [38;2;42;26;25m▀[38;2;156;76;76m▀▀▀▀[48;2;42;26;25m▀[48;2;210;108;108m [48;2;254;139;139m            [48;2;166;84;86m[38;2;209;104;104m▀[48;2;1;2;1m[38;2;156;76;76m▀▀▀▀▀ [48;2;157;157;156m[38;2;65;75;57m▀[48;2;0;0;0m[38;2;175;174;174m▀       [m
[48;2;0;0;0m         [38;2;120;141;103m▀[48;2;157;157;156m[38;2;47;41;34m▀[48;2;1;2;1m [38;2;209;104;104m▀[48;2;161;99;90m[38;2;254;139;139m▀[48;2;254;139;139m              [38;2;210;108;108m▀[38;2;184;97;105m▀[38;2;183;100;101m▀[38;2;156;76;76m▀▀[38;2;183;100;101m▀              [48;2;156;76;76m [48;2;1;2;1m [48;2;81;80;75m[38;2;76;79;60m▀[48;2;0;0;0m[38;2;81;80;75m▀[38;2;65;75;57m▀[38;2;91;84;80m▀[38;2;175;174;174m▀         [m
[48;2;0;0;0m           [38;2;157;157;156m▀[48;2;175;174;174m[38;2;41;36;30m▀[48;2;92;95;85m[38;2;1;2;1m▀[48;2;1;2;1m[38;2;91;42;42m▀[38;2;209;104;104m▀[48;2;42;26;25m[38;2;254;139;139m▀[48;2;177;91;102m▀[48;2;210;108;108m▀[48;2;254;139;139m                   [48;2;166;84;86m▀[48;2;254;139;139m         [48;2;156;76;76m [48;2;1;2;1m [48;2;81;80;75m [48;2;0;0;0m             [m
[48;2;0;0;0m              [38;2;87;105;80m▀[38;2;92;95;85m▀[48;2;175;174;174m[38;2;1;2;1m▀[48;2;66;67;57m▀[48;2;92;95;85m▀[48;2;41;36;30m▀[48;2;1;2;1m[38;2;95;56;67m▀[38;2;148;58;78m▀[38;2;183;100;101m▀[38;2;184;97;105m▀[38;2;210;108;108m▀[38;2;254;139;139m▀▀▀▀▀▀▀▀[38;2;210;108;108m▀▀[38;2;184;97;105m▀[38;2;156;76;76m▀[48;2;41;36;30m[38;2;1;2;1m▀[48;2;76;79;60m▀[48;2;1;2;1m[38;2;91;42;42m▀[38;2;254;139;139m▀▀▀▀▀▀▀▀[38;2;148;58;78m▀ [48;2;175;174;174m[38;2;87;105;80m▀[48;2;0;0;0m             [m
[48;2;0;0;0m                    [38;2;157;157;156m▀[38;2;87;105;80m▀[38;2;95;96;82m▀[38;2;119;140;103m▀[38;2;81;101;95m▀[38;2;46;38;48m▀[38;2;35;52;42m▀[38;2;1;2;1m▀▀▀▀[38;2;41;36;30m▀[38;2;46;38;48m▀[38;2;79;86;67m▀[38;2;81;101;95m▀▀[38;2;87;105;80m▀[38;2;175;174;174m▀▀[38;2;81;101;95m▀[48;2;1;2;1m[38;2;47;41;34m▀       [38;2;68;41;56m▀[48;2;0;0;0m[38;2;119;140;103m▀              [m
[48;2;0;0;0m                                   [48;2;1;2;1m[38;2;0;0;0m▀▀  [48;2;148;58;78m[38;2;1;2;1m▀[48;2;182;99;100m▀[48;2;254;102;101m▀[48;2;255;102;101m▀▀▀▀▀[48;2;183;100;101m▀[48;2;158;67;64m▀[48;2;1;2;1m  [38;2;0;0;0m▀▀[48;2;0;0;0m           [m
[48;2;0;0;0m                                 [48;2;1;2;1m[38;2;0;0;0m▀ [48;2;149;58;58m[38;2;1;2;1m▀[48;2;217;87;86m▀[48;2;255;102;101m[38;2;158;67;64m▀[38;2;254;102;101m▀           [38;2;182;99;100m▀[38;2;42;26;25m▀[48;2;149;58;58m[38;2;1;2;1m▀[48;2;1;2;1m [38;2;0;0;0m▀[48;2;0;0;0m         [m
[48;2;0;0;0m                               [48;2;1;2;1m  [48;2;149;58;58m[38;2;1;2;1m▀[48;2;255;102;101m[38;2;149;58;58m▀         [48;2;217;87;86m[38;2;255;102;101m▀[48;2;158;67;64m▀[48;2;43;27;26m▀[48;2;1;2;1m▀[48;2;42;26;25m▀[48;2;158;67;64m▀[48;2;217;87;86m▀[48;2;255;102;101m  [38;2;149;58;58m▀[48;2;149;58;58m[38;2;1;2;1m▀[48;2;1;2;1m [38;2;0;0;0m▀[48;2;0;0;0m       [m
[48;2;0;0;0m                             [48;2;1;2;1m[38;2;0;0;0m▀ [48;2;149;58;58m[38;2;1;2;1m▀[48;2;255;102;101m[38;2;149;58;58m▀    [48;2;149;58;58m[38;2;255;102;101m▀[48;2;1;2;1m▀[48;2;217;87;86m▀[48;2;255;102;101m   [48;2;1;2;1m[38;2;217;87;86m▀ [48;2;82;91;71m[38;2;1;2;1m▀[48;2;120;141;103m▀▀▀[48;2;87;105;80m▀[48;2;1;2;1m [38;2;217;87;86m▀[48;2;255;102;101m [48;2;149;58;58m[38;2;255;102;101m▀[48;2;1;2;1m▀[48;2;158;67;64m[38;2;149;58;58m▀[48;2;1;2;1m  [48;2;0;0;0m      [m
[48;2;0;0;0m                           [48;2;1;2;1m[38;2;0;0;0m▀ [48;2;149;58;58m[38;2;1;2;1m▀[48;2;255;102;101m[38;2;149;58;58m▀     [48;2;182;99;100m[38;2;207;82;82m▀[48;2;1;2;1m  [48;2;42;26;25m[38;2;43;27;26m▀[48;2;255;102;101m  [48;2;207;82;82m[38;2;217;87;86m▀[48;2;1;2;1m [48;2;86;102;81m[38;2;76;79;60m▀[48;2;120;141;103m[38;2;118;140;103m▀    [48;2;86;102;81m[38;2;66;67;57m▀[48;2;1;2;1m [48;2;89;49;45m[38;2;207;82;82m▀[48;2;1;2;1m   [48;2;182;99;100m[38;2;42;26;25m▀[48;2;1;2;1m [38;2;0;0;0m▀[48;2;0;0;0m     [m
[48;2;0;0;0m                         [48;2;1;2;1m[38;2;0;0;0m▀ [48;2;91;42;42m[38;2;1;2;1m▀[48;2;254;102;101m[38;2;149;58;58m▀[48;2;255;102;101m       [38;2;254;102;101m▀[48;2;217;87;86m[38;2;1;2;1m▀[48;2;207;82;82m▀[48;2;255;102;101m[38;2;158;67;64m▀  [48;2;207;82;82m [48;2;1;2;1m [48;2;86;102;81m[38;2;79;86;67m▀[48;2;120;141;103m     [48;2;87;105;80m [48;2;1;2;1m [48;2;182;99;100m [48;2;217;87;86m[38;2;42;26;25m▀[48;2;182;99;100m[38;2;1;2;1m▀[48;2;255;102;101m[38;2;149;58;58m▀[38;2;207;82;82m▀[48;2;1;2;1m  [48;2;0;0;0m     [m
[48;2;0;0;0m                        [48;2;1;2;1m  [48;2;183;100;101m[38;2;1;2;1m▀[48;2;255;102;101m[38;2;217;87;86m▀              [48;2;182;99;100m [48;2;1;2;1m [48;2;87;105;80m [48;2;120;141;103m     [48;2;87;105;80m [48;2;1;2;1m [48;2;182;99;100m [48;2;255;102;101m    [48;2;182;99;100m[38;2;149;58;58m▀[48;2;1;2;1m [38;2;0;0;0m▀[48;2;0;0;0m    [m
[48;2;0;0;0m                      [48;2;1;2;1m[38;2;0;0;0m▀  [48;2;182;99;100m[38;2;43;27;26m▀[48;2;255;102;101m                [38;2;207;82;82m▀[48;2;1;2;1m [48;2;46;38;48m[38;2;79;86;67m▀[48;2;120;141;103m     [48;2;79;86;67m[38;2;87;105;80m▀[48;2;1;2;1m [48;2;212;85;84m[38;2;182;99;100m▀[48;2;255;102;101m     [48;2;96;45;45m[38;2;1;2;1m▀[48;2;1;2;1m [48;2;0;0;0m    [m
[48;2;0;0;0m                      [48;2;1;2;1m   [48;2;184;97;105m[38;2;182;99;100m▀[48;2;255;102;101m                 [48;2;43;27;26m[38;2;1;2;1m▀[48;2;1;2;1m[38;2;42;26;25m▀[48;2;118;140;103m[38;2;120;141;103m▀[48;2;120;141;103m    [48;2;1;2;1m[38;2;41;36;30m▀[48;2;96;45;45m[38;2;1;2;1m▀[48;2;255;102;101m      [48;2;183;100;101m[38;2;182;99;100m▀[48;2;1;2;1m  [48;2;0;0;0m   [m
[48;2;0;0;0m                     [48;2;42;26;25m[38;2;1;2;1m▀[48;2;1;2;1m [48;2;182;99;100m▀[48;2;1;2;1m [48;2;182;99;100m[38;2;207;82;82m▀[48;2;255;102;101m                 [48;2;217;87;86m[38;2;182;99;100m▀[48;2;1;2;1m [48;2;47;41;34m[38;2;82;91;71m▀[48;2;120;141;103m   [48;2;86;102;81m[38;2;87;105;80m▀[48;2;1;2;1m [48;2;207;82;82m[38;2;182;99;100m▀[48;2;255;102;101m      [38;2;207;82;82m▀[48;2;1;2;1m  [48;2;0;0;0m   [m
[48;2;0;0;0m                    [48;2;1;2;1m  [48;2;207;82;82m[38;2;149;58;58m▀[48;2;255;102;101m[38;2;254;102;101m▀[48;2;42;26;25m[38;2;1;2;1m▀[48;2;1;2;1m[38;2;158;67;64m▀[48;2;255;102;101m                  [48;2;217;87;86m[38;2;149;58;58m▀[48;2;1;2;1m [48;2;41;36;30m[38;2;87;105;80m▀[48;2;87;105;80m[38;2;120;141;103m▀▀[48;2;1;2;1m [48;2;182;99;100m[38;2;1;2;1m▀[48;2;255;102;101m       [48;2;207;82;82m[38;2;255;102;101m▀[48;2;1;2;1m  [48;2;0;0;0m   [m
[48;2;0;0;0m                   [48;2;1;2;1m[38;2;0;0;0m▀ [48;2;182;99;100m[38;2;1;2;1m▀[48;2;255;102;101m  [38;2;182;99;100m▀[48;2;42;26;25m[38;2;1;2;1m▀[48;2;1;2;1m[38;2;183;100;101m▀[48;2;217;87;86m[38;2;255;102;101m▀[48;2;255;102;101m                 [38;2;158;67;64m▀[48;2;149;58;58m[38;2;1;2;1m▀[48;2;1;2;1m[38;2;65;75;57m▀[38;2;41;36;30m▀[48;2;149;58;58m[38;2;1;2;1m▀[48;2;255;102;101m[38;2;254;102;101m▀       [48;2;149;58;58m[38;2;182;99;100m▀[48;2;1;2;1m  [48;2;0;0;0m   [m
[48;2;0;0;0m                 [48;2;1;2;1m[38;2;0;0;0m▀  [48;2;217;87;86m[38;2;47;41;34m▀[48;2;255;102;101m    [38;2;212;85;84m▀[48;2;149;58;58m[38;2;1;2;1m▀[48;2;1;2;1m[38;2;149;58;58m▀[48;2;149;58;58m[38;2;255;102;101m▀[48;2;255;102;101m                 [38;2;217;87;86m▀[48;2;183;100;101m[38;2;1;2;1m▀[48;2;149;58;58m▀[48;2;255;102;101m[38;2;217;87;86m▀       [48;2;182;99;100m[38;2;255;102;101m▀[48;2;1;2;1m  [48;2;0;0;0m    [m
[48;2;0;0;0m               [48;2;1;2;1m[38;2;0;0;0m▀  [48;2;183;100;101m[38;2;1;2;1m▀[48;2;255;102;101m[38;2;207;82;82m▀       [38;2;149;58;58m▀[48;2;149;58;58m[38;2;1;2;1m▀[48;2;1;2;1m[38;2;149;58;58m▀[48;2;149;58;58m[38;2;255;102;101m▀[48;2;217;87;86m▀[48;2;255;102;101m                [38;2;217;87;86m▀       [48;2;217;87;86m[38;2;255;102;101m▀[48;2;1;2;1m[38;2;43;27;26m▀ [48;2;0;0;0m     [m
[48;2;0;0;0m            [48;2;1;2;1m[38;2;0;0;0m▀▀ [48;2;149;58;58m[38;2;1;2;1m▀[48;2;217;87;86m▀[48;2;255;102;101m[38;2;217;87;86m▀           [38;2;149;58;58m▀[48;2;207;82;82m[38;2;1;2;1m▀[48;2;1;2;1m [38;2;183;100;101m▀[48;2;42;26;25m[38;2;255;102;101m▀[48;2;207;82;82m▀[48;2;255;102;101m                     [48;2;1;2;1m[38;2;158;67;64m▀ [48;2;0;0;0m[38;2;1;2;1m▀     [m
[48;2;0;0;0m         [48;2;1;2;1m[38;2;0;0;0m▀▀ [48;2;91;42;42m[38;2;1;2;1m▀[48;2;217;87;86m▀[48;2;255;102;101m[38;2;183;100;101m▀                 [38;2;158;67;64m▀[48;2;254;102;101m[38;2;1;2;1m▀[48;2;182;99;100m▀[48;2;42;26;25m▀[48;2;1;2;1m[38;2;149;58;58m▀[38;2;183;100;101m▀[38;2;207;82;82m▀[38;2;255;102;101m▀▀[48;2;254;102;101m▀[48;2;255;102;101m             [48;2;217;87;86m▀[48;2;1;2;1m  [48;2;0;0;0m      [m
[48;2;0;0;0m       [48;2;1;2;1m[38;2;0;0;0m▀  [48;2;207;82;82m[38;2;1;2;1m▀[48;2;255;102;101m[38;2;149;58;58m▀                        [38;2;254;102;101m▀[38;2;182;99;100m▀▀▀▀              [38;2;217;87;86m▀[48;2;1;2;1m  [48;2;0;0;0m      [m
[48;2;0;0;0m      [48;2;1;2;1m  [48;2;207;82;82m[38;2;1;2;1m▀[48;2;255;102;101m[38;2;217;87;86m▀                                              [48;2;105;78;72m[38;2;1;2;1m▀[48;2;1;2;1m [48;2;0;0;0m      [m
[48;2;0;0;0m     [48;2;1;2;1m   [38;2;47;41;32m▀▀▀▀▀▀▀▀▀▀▀▀▀▀▀▀▀▀▀▀▀▀▀▀▀▀▀▀▀▀▀▀▀▀▀▀▀▀▀▀▀▀▀▀▀▀▀▀   [48;2;0;0;0m     [m
