[48;2;0;0;0m                                                                [m
[48;2;0;0;0m       [48;2;120;141;103m[38;2;0;0;0m▀[48;2;74;86;69m▀[48;2;0;1;0m▀▀▀▀▀▀▀▀▀▀▀▀▀▀▀▀▀▀▀▀▀▀▀▀▀▀▀▀▀▀▀[48;2;36;38;48m▀[48;2;47;63;80m▀[48;2;85;97;91m▀[48;2;95;96;82m▀[48;2;136;85;145m▀[48;2;47;63;80m▀[48;2;157;157;156m▀[48;2;0;0;0m                 [m
[48;2;0;0;0m      [48;2;54;77;88m[38;2;164;164;164m▀[48;2;0;1;0m [48;2;135;82;142m[38;2;0;1;0m▀[48;2;217;138;255m▀▀▀▀▀▀▀▀▀▀▀▀▀▀▀▀▀▀▀▀▀▀▀▀▀▀▀▀▀▀▀[48;2;211;130;235m▀▀▀[48;2;189;102;188m▀[48;2;162;101;187m▀[48;2;149;72;156m▀[48;2;93;51;100m▀[48;2;0;1;0m[38;2;36;38;48m▀[38;2;85;97;91m▀[48;2;36;38;48m[38;2;120;141;103m▀[48;2;119;140;103m[38;2;0;0;0m▀[48;2;0;0;0m             [m
[48;2;0;0;0m      [48;2;47;63;80m[38;2;73;82;93m▀[48;2;0;1;0m [48;2;149;72;156m [48;2;217;138;255m                                      [38;2;211;130;235m▀[38;2;149;72;156m▀[48;2;162;101;187m[38;2;0;1;0m▀[48;2;1;2;1m▀[48;2;0;1;0m[38;2;119;140;103m▀[48;2;157;157;156m[38;2;0;0;0m▀[48;2;0;0;0m           [m
[48;2;0;0;0m      [48;2;164;164;164m[38;2;73;82;93m▀[48;2;0;1;0m [48;2;84;51;94m[38;2;135;82;142m▀[48;2;149;72;156m[38;2;217;138;255m▀[48;2;135;82;142m▀▀[48;2;149;72;156m▀[48;2;135;82;142m▀[48;2;211;130;235m▀[48;2;217;138;255m           [48;2;189;102;188m▀[48;2;135;82;142m▀[48;2;149;72;156m▀▀[48;2;135;82;142m▀▀[48;2;149;72;156m▀[48;2;135;82;142m▀▀[48;2;162;101;187m▀[48;2;211;130;235m▀[48;2;217;138;255m             [48;2;211;130;235m[38;2;162;101;187m▀[48;2;0;1;0m [48;2;47;63;80m[38;2;136;85;145m▀[48;2;0;0;0m           [m
[48;2;0;0;0m       [38;2;88;93;84m▀[48;2;164;164;164m[38;2;0;1;0m▀[48;2;73;82;93m▀▀[48;2;47;63;80m▀[48;2;74;86;69m▀[48;2;0;1;0m [48;2;211;130;235m[38;2;189;102;188m▀[48;2;217;138;255m           [48;2;162;101;187m [48;2;0;1;0m        [48;2;36;38;48m[38;2;0;1;0m▀[48;2;135;82;142m[38;2;1;2;1m▀[48;2;211;130;235m [48;2;217;138;255m           [48;2;211;130;235m[38;2;217;138;255m▀[48;2;84;51;94m[38;2;189;102;188m▀[48;2;0;1;0m [48;2;157;97;181m[38;2;95;96;82m▀[48;2;0;0;0m           [m
[48;2;0;0;0m            [48;2;95;96;82m [48;2;0;1;0m [48;2;189;102;188m [48;2;217;138;255m           [38;2;211;130;235m▀▀▀▀▀▀▀▀▀           [48;2;189;102;188m[38;2;217;138;255m▀[48;2;93;51;100m▀[48;2;0;1;0m[38;2;189;102;188m▀[38;2;84;51;94m▀[48;2;88;93;84m[38;2;0;1;0m▀[48;2;164;164;164m[38;2;135;82;142m▀[48;2;157;157;156m[38;2;217;138;255m▀[48;2;73;82;93m[38;2;0;0;0m▀[48;2;54;77;88m▀[48;2;119;140;103m▀[48;2;164;164;164m▀[48;2;0;0;0m       [m
[48;2;0;0;0m            [48;2;95;96;82m [48;2;0;1;0m [48;2;189;102;188m [48;2;217;138;255m                               [38;2;211;130;235m▀[38;2;149;72;156m▀[48;2;162;101;187m[38;2;0;1;0m▀[48;2;0;1;0m [48;2;1;2;1m[38;2;119;140;103m▀[48;2;0;1;0m[38;2;84;89;81m▀[48;2;84;51;94m[38;2;0;1;0m▀[48;2;149;72;156m▀▀[48;2;135;82;142m▀[48;2;0;1;0m[38;2;36;38;48m▀[48;2;119;140;103m [48;2;0;0;0m      [m
[48;2;0;0;0m       [48;2;85;97;91m[38;2;0;0;0m▀[48;2;0;1;0m[38;2;81;101;95m▀   [38;2;65;75;57m▀ [48;2;189;102;188m [48;2;217;138;255m           [48;2;162;101;187m [48;2;0;1;0m      [38;2;37;47;45m▀[38;2;149;72;156m▀[48;2;84;51;94m[38;2;211;130;235m▀[48;2;211;130;235m[38;2;217;138;255m▀[48;2;217;138;255m            [48;2;189;102;188m[38;2;136;85;145m▀[48;2;0;1;0m  [48;2;211;130;235m[38;2;162;101;187m▀[48;2;217;138;255m  [48;2;211;130;235m [48;2;0;1;0m [48;2;47;63;80m [48;2;0;0;0m      [m
[48;2;0;0;0m      [48;2;136;85;145m[38;2;164;164;164m▀[48;2;0;1;0m [48;2;93;51;100m[38;2;84;51;94m▀[48;2;217;138;255m[38;2;162;101;187m▀▀▀▀▀[38;2;211;130;235m▀           [38;2;189;102;188m▀[38;2;149;72;156m▀[38;2;135;82;142m▀[38;2;149;72;156m▀[38;2;135;82;142m▀[38;2;149;72;156m▀[48;2;162;101;187m[38;2;84;51;94m▀[48;2;0;1;0m [48;2;95;96;82m[38;2;37;47;45m▀[48;2;0;1;0m [48;2;93;51;100m[38;2;157;97;181m▀[48;2;217;138;255m             [38;2;162;101;187m▀[38;2;189;102;188m▀   [48;2;189;102;188m[38;2;211;130;235m▀[48;2;0;1;0m [48;2;119;140;103m[38;2;47;63;80m▀[48;2;0;0;0m      [m
[48;2;0;0;0m      [48;2;157;157;156m [48;2;0;1;0m [48;2;93;51;100m [48;2;217;138;255m                       [48;2;162;101;187m [48;2;0;1;0m  [48;2;85;97;91m[38;2;65;75;57m▀[48;2;0;1;0m [48;2;93;51;100m[38;2;211;130;235m▀[48;2;211;130;235m[38;2;217;138;255m▀[48;2;217;138;255m              [48;2;211;130;235m▀[48;2;93;51;100m[38;2;211;130;235m▀[48;2;0;1;0m[38;2;47;63;80m▀[48;2;84;89;81m[38;2;0;1;0m▀[48;2;217;138;255m[38;2;157;97;181m▀[48;2;0;0;0m      [m
[48;2;0;0;0m      [48;2;164;164;164m[38;2;120;141;103m▀[48;2;37;35;45m[38;2;0;1;0m▀[48;2;0;1;0m[38;2;135;82;142m▀[38;2;217;138;255m▀▀▀▀▀▀▀▀[38;2;211;130;235m▀[38;2;162;101;187m▀[38;2;211;130;235m▀[38;2;217;138;255m▀▀▀▀▀▀▀▀▀▀▀▀[38;2;162;101;187m▀ [48;2;87;105;80m[38;2;0;1;0m▀[48;2;0;0;0m[38;2;164;164;164m▀[48;2;120;141;103m[38;2;84;89;81m▀[48;2;87;91;83m[38;2;0;1;0m▀[48;2;0;1;0m[38;2;84;51;94m▀[38;2;189;102;188m▀[38;2;211;130;235m▀[38;2;217;138;255m▀▀▀▀▀▀▀▀▀▀[38;2;211;130;235m▀[38;2;149;72;156m▀[48;2;1;2;1m [48;2;74;86;69m[38;2;0;1;0m▀[48;2;164;164;164m[38;2;84;89;81m▀[48;2;0;0;0m[38;2;120;141;103m▀       [m
[48;2;0;0;0m       [38;2;119;140;103m▀[38;2;87;91;83m▀[38;2;0;1;0m▀[48;2;0;1;0m   [48;2;90;106;148m▀[48;2;107;148;199m▀[48;2;137;182;253m[38;2;1;2;1m▀[38;2;90;106;148m▀[38;2;100;131;178m▀▀▀[38;2;90;106;148m▀[38;2;1;2;1m▀[48;2;111;148;206m[38;2;0;1;0m▀[48;2;90;106;148m▀[48;2;0;1;0m    [48;2;0;0;0m▀▀▀▀[38;2;36;38;48m▀[38;2;81;101;95m▀    [38;2;158;98;182m▀[38;2;95;96;82m▀[38;2;37;35;45m▀[38;2;0;1;0m▀▀▀▀▀▀▀▀▀▀[38;2;85;97;91m▀[38;2;92;95;85m▀[38;2;107;148;199m▀          [m
[48;2;0;0;0m        [48;2;0;1;0m[38;2;0;0;0m▀ [48;2;90;106;148m[38;2;0;1;0m▀[48;2;111;148;206m[38;2;1;2;1m▀[48;2;137;182;253m[38;2;107;148;199m▀            [38;2;90;106;148m▀[48;2;107;148;199m[38;2;0;1;0m▀[48;2;0;1;0m  [38;2;0;0;0m▀[48;2;0;0;0m                                  [m
[48;2;0;0;0m      [48;2;0;1;0m[38;2;0;0;0m▀ [48;2;90;106;148m[38;2;0;1;0m▀[48;2;137;182;253m[38;2;90;106;148m▀           [48;2;111;148;206m[38;2;137;182;253m▀▀[48;2;137;182;253m    [38;2;107;148;199m▀[48;2;90;106;148m[38;2;0;1;0m▀[48;2;0;1;0m [38;2;0;0;0m▀[48;2;0;0;0m                                 [m
[48;2;0;0;0m     [48;2;0;1;0m  [48;2;111;148;206m[38;2;36;38;48m▀[48;2;137;182;253m    [48;2;107;148;199m[38;2;137;182;253m▀[48;2;137;182;253m    [48;2;107;148;199m▀[48;2;1;2;1m[38;2;111;148;206m▀[48;2;0;1;0m[38;2;47;63;80m▀[48;2;37;47;45m[38;2;0;1;0m▀[48;2;86;102;81m▀[48;2;74;86;69m▀[48;2;1;2;1m▀[48;2;0;1;0m[38;2;90;106;148m▀[48;2;90;106;148m[38;2;137;182;253m▀[48;2;137;182;253m  [48;2;100;131;178m▀[38;2;42;26;25m▀[48;2;0;1;0m [38;2;0;0;0m▀[48;2;0;0;0m                                [m
[48;2;0;0;0m    [48;2;0;1;0m [48;2;37;35;45m[38;2;0;1;0m▀[48;2;137;182;253m[38;2;90;106;148m▀   [48;2;111;148;206m[38;2;137;182;253m▀[48;2;1;2;1m[38;2;36;38;48m▀[48;2;0;1;0m [38;2;90;106;148m▀[48;2;137;182;253m   [48;2;0;1;0m[38;2;37;35;45m▀[48;2;37;47;45m[38;2;0;1;0m▀[48;2;120;141;103m[38;2;115;141;101m▀    [48;2;87;105;80m[38;2;65;75;57m▀[48;2;0;1;0m [48;2;100;131;178m[38;2;107;148;199m▀[48;2;0;1;0m[38;2;90;106;148m▀    [48;2;0;0;0m                                [m
[48;2;0;0;0m   [48;2;0;1;0m [48;2;1;2;1m[38;2;0;1;0m▀[48;2;137;182;253m[38;2;100;131;178m▀     [48;2;90;106;148m[38;2;0;1;0m▀[48;2;0;1;0m [48;2;90;106;148m▀[48;2;137;182;253m   [48;2;0;1;0m [48;2;47;63;80m [48;2;120;141;103m     [38;2;87;105;80m▀[48;2;0;1;0m [48;2;43;60;84m[38;2;100;131;178m▀[48;2;90;106;148m[38;2;0;1;0m▀[48;2;0;1;0m [48;2;90;106;148m▀[48;2;107;148;199m[38;2;90;106;148m▀[48;2;1;2;1m[38;2;0;1;0m▀[48;2;0;1;0m [48;2;0;0;0m                               [m
[48;2;0;0;0m  [48;2;0;1;0m  [48;2;137;182;253m[38;2;100;131;178m▀           [48;2;111;148;206m[38;2;137;182;253m▀[48;2;0;1;0m[38;2;1;2;1m▀[48;2;74;86;69m [48;2;120;141;103m      [48;2;0;1;0m [48;2;90;106;148m[38;2;37;47;45m▀[48;2;137;182;253m    [38;2;90;106;148m▀[48;2;1;2;1m[38;2;0;1;0m▀[48;2;0;1;0m [38;2;0;0;0m▀[48;2;0;0;0m                             [m
[48;2;0;0;0m [48;2;0;1;0m[38;2;0;0;0m▀ [48;2;100;131;178m[38;2;37;47;45m▀[48;2;137;182;253m             [48;2;0;1;0m[38;2;1;2;1m▀[48;2;36;38;48m[38;2;47;63;80m▀[48;2;120;141;103m     [48;2;87;105;80m [48;2;0;1;0m [48;2;100;131;178m [48;2;137;182;253m     [38;2;111;148;206m▀[48;2;90;106;148m[38;2;0;1;0m▀[48;2;0;1;0m [38;2;0;0;0m▀[48;2;0;0;0m                            [m
[48;2;0;0;0m [48;2;0;1;0m  [48;2;137;182;253m[38;2;107;148;199m▀             [48;2;43;60;84m[38;2;1;2;1m▀[48;2;0;1;0m [48;2;120;141;103m     [48;2;37;47;45m[38;2;86;102;81m▀[48;2;0;1;0m [48;2;111;148;206m[38;2;100;131;178m▀[48;2;137;182;253m       [48;2;100;131;178m[38;2;1;2;1m▀[48;2;0;1;0m [38;2;0;0;0m▀[48;2;0;0;0m                           [m
[48;2;0;0;0m [48;2;0;1;0m [48;2;36;38;48m[38;2;1;2;1m▀[48;2;137;182;253m              [48;2;111;148;206m[38;2;100;131;178m▀[48;2;0;1;0m [48;2;37;47;45m[38;2;87;105;80m▀[48;2;120;141;103m   [48;2;115;141;101m[38;2;120;141;103m▀[48;2;0;1;0m[38;2;42;26;25m▀[48;2;90;106;148m[38;2;1;2;1m▀[48;2;137;182;253m         [48;2;90;106;148m[38;2;42;26;25m▀[48;2;0;1;0m [48;2;0;0;0m                           [m
[48;2;0;0;0m [48;2;0;1;0m [48;2;37;47;45m[38;2;63;67;95m▀[48;2;137;182;253m               [48;2;107;148;199m[38;2;47;63;80m▀[48;2;0;1;0m [48;2;65;75;57m[38;2;115;141;101m▀[48;2;120;141;103m  [48;2;1;2;1m[38;2;87;105;80m▀[48;2;0;1;0m [48;2;137;182;253m[38;2;100;131;178m▀         [48;2;100;131;178m [48;2;0;1;0m  [48;2;0;0;0m                          [m
[48;2;0;0;0m [48;2;0;1;0m [38;2;1;2;1m▀[48;2;137;182;253m                [48;2;111;148;206m[38;2;90;106;148m▀[48;2;0;1;0m [48;2;1;2;1m[38;2;87;105;80m▀[48;2;36;38;48m▀[48;2;0;1;0m [48;2;111;148;206m[38;2;90;106;148m▀[48;2;137;182;253m          [48;2;37;47;45m[38;2;100;131;178m▀[48;2;0;1;0m [48;2;0;0;0m[38;2;0;1;0m▀                          [m
[48;2;0;0;0m [48;2;0;1;0m  [48;2;90;106;148m[38;2;100;131;178m▀[48;2;137;182;253m                ▀[48;2;90;106;148m[38;2;0;1;0m▀[48;2;0;1;0m [48;2;111;148;206m[38;2;90;106;148m▀[48;2;137;182;253m           [48;2;0;1;0m  [48;2;0;0;0m                           [m
[48;2;0;0;0m  [48;2;0;1;0m  [48;2;1;2;1m[38;2;107;148;199m▀[48;2;111;148;206m[38;2;137;182;253m▀[48;2;137;182;253m                [38;2;37;47;45m▀            [48;2;111;148;206m[38;2;0;1;0m▀[48;2;0;1;0m  [38;2;0;0;0m▀▀[48;2;0;0;0m                        [m
[48;2;0;0;0m  [48;2;0;1;0m  [48;2;90;106;148m[38;2;0;1;0m▀[48;2;0;1;0m[38;2;90;106;148m▀[48;2;90;106;148m[38;2;137;182;253m▀[48;2;137;182;253m                             [38;2;111;148;206m▀[38;2;90;106;148m▀[38;2;0;1;0m▀[48;2;100;131;178m▀[48;2;37;35;45m▀[48;2;0;1;0m  [38;2;0;0;0m▀▀[48;2;0;0;0m                   [m
[48;2;0;0;0m  [48;2;0;1;0m [48;2;36;38;48m[38;2;1;2;1m▀[48;2;137;182;253m [38;2;90;106;148m▀[48;2;90;106;148m[38;2;0;1;0m▀[48;2;0;1;0m[38;2;90;106;148m▀[48;2;90;106;148m[38;2;137;182;253m▀[48;2;111;148;206m▀[48;2;137;182;253m                               [38;2;107;148;199m▀[38;2;90;106;148m▀[48;2;111;148;206m[38;2;0;1;0m▀[48;2;90;106;148m▀[48;2;0;1;0m [38;2;0;0;0m▀▀[48;2;0;0;0m                [m
[48;2;0;0;0m  [48;2;0;1;0m [48;2;37;47;45m [48;2;137;182;253m   [38;2;90;106;148m▀[48;2;107;148;199m[38;2;0;1;0m▀[48;2;0;1;0m[38;2;1;2;1m▀[38;2;111;148;206m▀[48;2;47;63;80m[38;2;137;182;253m▀[48;2;107;148;199m▀[48;2;137;182;253m                                [38;2;100;131;178m▀[38;2;36;38;48m▀[48;2;90;106;148m[38;2;0;1;0m▀[48;2;0;1;0m  [38;2;0;0;0m▀[48;2;0;0;0m             [m
[48;2;0;0;0m  [48;2;0;1;0m [38;2;37;47;45m▀[48;2;137;182;253m     [38;2;111;148;206m▀[38;2;90;106;148m▀[48;2;111;148;206m[38;2;0;1;0m▀[48;2;100;131;178m▀[48;2;37;35;45m[38;2;1;2;1m▀[48;2;0;1;0m[38;2;90;106;148m▀[38;2;100;131;178m▀[38;2;111;148;206m▀[38;2;137;182;253m▀▀[48;2;111;148;206m▀[48;2;137;182;253m                            [38;2;111;148;206m▀[48;2;111;148;206m[38;2;1;2;1m▀[48;2;90;106;148m[38;2;0;1;0m▀[48;2;0;1;0m [38;2;0;0;0m▀[48;2;0;0;0m           [m
[48;2;0;0;0m  [48;2;0;1;0m  [48;2;100;131;178m[38;2;111;148;206m▀[48;2;137;182;253m         ▀[38;2;100;131;178m▀▀[38;2;90;106;148m▀[38;2;63;67;95m▀[38;2;111;148;206m▀                               [38;2;90;106;148m▀[48;2;90;106;148m[38;2;0;1;0m▀[48;2;0;1;0m  [38;2;0;0;0m▀[48;2;0;0;0m        [m
[48;2;0;0;0m  [38;2;0;1;0m▀[48;2;0;1;0m [38;2;37;35;45m▀[38;2;37;47;45m▀▀[38;2;36;38;48m▀[38;2;37;47;45m▀[38;2;36;38;48m▀[38;2;37;47;45m▀[38;2;36;38;48m▀[38;2;37;47;45m▀[38;2;36;38;48m▀▀[38;2;37;47;45m▀[38;2;36;38;48m▀▀▀[38;2;37;47;45m▀[38;2;36;38;48m▀▀▀[38;2;37;47;45m▀[38;2;36;38;48m▀▀▀[38;2;37;47;45m▀[38;2;36;38;48m▀▀▀▀[38;2;37;47;45m▀[38;2;36;38;48m▀▀▀▀▀[38;2;37;47;45m▀[38;2;36;38;48m▀[38;2;37;47;45m▀[38;2;36;38;48m▀▀▀[38;2;37;47;45m▀[38;2;36;38;48m▀▀▀▀▀[38;2;37;47;45m▀[38;2;36;38;48m▀▀    [38;2;0;0;0m▀[48;2;0;0;0m      [m
