[48;2;0;0;0m                                                                [m
[48;2;0;0;0m       [48;2;157;157;156m[38;2;0;0;0m▀[48;2;75;90;62m▀[48;2;0;1;0m▀▀▀▀▀▀▀▀▀▀▀▀▀▀▀▀▀▀▀▀▀▀▀▀▀▀▀▀▀▀▀[48;2;43;41;31m▀[48;2;66;67;57m▀[48;2;92;95;85m▀[48;2;81;101;95m▀[48;2;161;108;93m▀[48;2;66;67;57m▀[48;2;167;167;166m▀[48;2;0;0;0m                 [m
[48;2;0;0;0m      [48;2;82;86;69m[38;2;167;167;166m▀[48;2;0;1;0m [48;2;80;149;85m[38;2;0;1;0m▀[48;2;132;255;134m▀▀▀▀▀▀▀▀▀▀▀▀▀▀▀▀▀▀▀▀▀▀▀▀▀▀▀▀▀▀▀▀[48;2;126;224;132m▀▀[48;2;107;210;109m▀▀[48;2;84;160;87m▀[48;2;75;90;62m▀[48;2;0;1;0m[38;2;65;75;57m▀[38;2;92;95;85m▀[48;2;43;41;31m[38;2;167;167;166m▀[48;2;157;157;156m[38;2;0;0;0m▀[48;2;0;0;0m             [m
[48;2;0;0;0m      [48;2;66;67;57m[38;2;82;86;69m▀[48;2;0;1;0m [48;2;80;149;85m [48;2;132;255;134m                                      [38;2;126;224;132m▀[38;2;80;149;85m▀[48;2;107;210;109m[38;2;0;1;0m▀[48;2;1;2;1m▀[48;2;0;1;0m[38;2;119;140;103m▀[48;2;157;157;156m[38;2;0;0;0m▀[48;2;0;0;0m           [m
[48;2;0;0;0m      [48;2;167;167;166m[38;2;82;86;69m▀[48;2;0;1;0m [48;2;65;75;57m[38;2;80;149;85m▀[48;2;80;149;85m[38;2;132;255;134m▀▀▀▀▀[48;2;126;224;132m▀[48;2;132;255;134m           [48;2;107;210;109m▀[48;2;80;149;85m▀▀▀▀▀▀▀▀[48;2;107;210;109m▀[48;2;132;255;134m              [48;2;126;224;132m[38;2;84;160;87m▀[48;2;0;1;0m [48;2;66;67;57m[38;2;161;108;93m▀[48;2;0;0;0m           [m
[48;2;0;0;0m       [38;2;92;95;85m▀[48;2;167;167;166m[38;2;0;1;0m▀[48;2;82;86;69m▀[48;2;66;67;57m▀[48;2;82;86;69m▀[48;2;75;90;62m▀[48;2;0;1;0m [48;2;107;210;109m [48;2;132;255;134m           [48;2;107;210;109m [48;2;0;1;0m        [48;2;43;41;31m▀[48;2;80;149;85m▀[48;2;132;255;134m[38;2;126;224;132m▀            [48;2;56;100;54m[38;2;107;210;109m▀[48;2;0;1;0m [48;2;119;140;103m[38;2;81;101;95m▀[48;2;0;0;0m           [m
[48;2;0;0;0m            [48;2;81;101;95m [48;2;0;1;0m [48;2;107;210;109m [48;2;132;255;134m            [38;2;126;224;132m▀▀▀▀▀▀▀▀           [48;2;107;210;109m[38;2;132;255;134m▀[48;2;84;105;81m▀[48;2;0;1;0m[38;2;107;210;109m▀[38;2;65;75;57m▀[48;2;92;95;85m[38;2;0;1;0m▀[48;2;167;167;166m[38;2;88;93;84m▀[48;2;120;141;103m[38;2;254;214;138m▀[48;2;82;86;69m[38;2;0;0;0m▀▀[48;2;120;141;103m▀[48;2;167;167;166m▀[48;2;0;0;0m       [m
[48;2;0;0;0m            [48;2;81;101;95m [48;2;0;1;0m [48;2;107;210;109m [48;2;132;255;134m                                [38;2;84;159;87m▀[48;2;107;210;109m[38;2;0;1;0m▀[48;2;0;1;0m [48;2;1;2;1m[38;2;119;140;103m▀[48;2;0;1;0m[38;2;87;91;83m▀[48;2;56;100;54m[38;2;0;1;0m▀[48;2;80;149;85m▀▀▀[48;2;0;1;0m[38;2;43;41;31m▀[48;2;81;101;95m[38;2;119;140;103m▀[48;2;0;0;0m      [m
[48;2;0;0;0m       [48;2;95;96;82m[38;2;0;0;0m▀[48;2;0;1;0m[38;2;87;105;80m▀   [38;2;87;91;83m▀ [48;2;107;210;109m [48;2;132;255;134m           [48;2;107;210;109m [48;2;0;1;0m      [38;2;47;41;34m▀[38;2;80;149;85m▀[48;2;65;75;57m[38;2;126;224;132m▀[48;2;132;255;134m             [48;2;126;224;132m[38;2;84;160;87m▀[48;2;0;1;0m  [48;2;107;210;109m [48;2;132;255;134m  [48;2;126;224;132m [48;2;0;1;0m [48;2;66;67;57m[38;2;47;41;34m▀[48;2;0;0;0m      [m
[48;2;0;0;0m      [48;2;157;157;156m [48;2;0;1;0m [48;2;84;105;81m[38;2;65;75;57m▀[48;2;132;255;134m[38;2;107;210;109m▀▀▀▀▀[38;2;126;224;132m▀          [48;2;107;210;109m[38;2;132;255;134m▀[48;2;0;1;0m[38;2;107;210;109m▀ [48;2;1;2;1m[38;2;0;1;0m▀[48;2;182;153;97m▀▀[48;2;225;192;125m▀[48;2;253;214;138m▀[48;2;225;192;125m▀[48;2;191;160;102m▀[48;2;187;157;100m▀[48;2;47;41;32m▀[48;2;0;1;0m[38;2;80;149;85m▀[38;2;126;224;132m▀[48;2;80;149;85m[38;2;132;255;134m▀[48;2;126;224;132m▀[48;2;132;255;134m         [38;2;107;210;109m▀▀   [48;2;126;224;132m [48;2;0;1;0m [48;2;81;101;95m[38;2;66;67;57m▀[48;2;0;0;0m      [m
[48;2;0;0;0m      [48;2;157;157;156m [48;2;0;1;0m [48;2;84;105;81m [48;2;132;255;134m             [48;2;126;224;132m[38;2;132;255;134m▀[48;2;0;1;0m▀[38;2;80;149;85m▀[48;2;105;78;72m[38;2;0;1;0m▀[48;2;254;214;138m[38;2;1;2;1m▀[48;2;253;214;138m[38;2;182;153;97m▀[48;2;254;214;138m[38;2;253;214;138m▀▀  [48;2;253;214;138m [38;2;254;214;138m▀[48;2;254;214;138m  [38;2;253;214;138m▀[48;2;253;214;138m[38;2;225;192;125m▀[48;2;254;214;138m[38;2;161;108;93m▀[48;2;225;192;125m[38;2;0;1;0m▀[48;2;1;2;1m▀[48;2;0;1;0m[38;2;126;224;132m▀[48;2;107;210;109m[38;2;132;255;134m▀[48;2;132;255;134m           [48;2;56;100;54m▀[48;2;0;1;0m[38;2;56;100;54m▀[48;2;87;91;83m[38;2;0;1;0m▀[48;2;254;214;138m[38;2;182;153;97m▀[48;2;0;0;0m      [m
[48;2;0;0;0m      [48;2;167;167;166m[38;2;157;157;156m▀[48;2;43;41;31m[38;2;0;1;0m▀[48;2;0;1;0m[38;2;84;105;81m▀[38;2;132;255;134m▀▀▀▀▀▀▀▀▀▀▀▀[38;2;126;224;132m▀ [48;2;225;192;125m[38;2;0;1;0m▀[48;2;253;214;138m[38;2;191;160;102m▀[48;2;254;214;138m[38;2;253;214;138m▀ ▀    ▀[48;2;253;214;138m[38;2;254;214;138m▀ [48;2;254;214;138m     [38;2;225;192;125m▀[48;2;225;192;125m[38;2;42;36;29m▀[48;2;1;2;1m[38;2;0;1;0m▀[48;2;0;1;0m[38;2;126;224;132m▀[38;2;132;255;134m▀▀▀▀▀▀▀[38;2;107;210;109m▀[38;2;84;160;87m▀[38;2;1;2;1m▀[48;2;92;95;85m[38;2;0;1;0m▀[48;2;167;167;166m[38;2;87;91;83m▀[48;2;0;0;0m[38;2;113;144;100m▀       [m
[48;2;0;0;0m       [38;2;119;140;103m▀[38;2;75;90;62m▀[38;2;0;1;0m▀▀▀▀▀▀▀▀▀▀[48;2;0;1;0m  [48;2;161;108;93m▀[48;2;253;214;138m[38;2;225;192;125m▀ [48;2;254;214;138m[38;2;253;214;138m▀      [48;2;161;108;93m[38;2;254;214;138m▀[48;2;0;1;0m[38;2;225;192;125m▀[38;2;182;153;97m▀[38;2;47;41;34m▀[38;2;76;79;60m▀[38;2;182;153;97m▀[38;2;225;192;125m▀[48;2;161;108;93m[38;2;253;214;138m▀[48;2;254;214;138m [48;2;253;214;138m [38;2;254;214;138m▀[48;2;254;214;138m[38;2;191;160;102m▀[48;2;47;41;32m[38;2;0;1;0m▀[48;2;0;1;0m [48;2;0;0;0m▀▀▀▀▀▀[38;2;92;95;85m▀▀[38;2;157;157;156m▀          [m
[48;2;0;0;0m                  [48;2;0;1;0m  [48;2;225;192;125m[38;2;42;36;29m▀[48;2;254;214;138m  [48;2;253;214;138m [48;2;47;41;32m[38;2;225;192;125m▀[48;2;0;1;0m[38;2;42;36;29m▀[38;2;161;108;93m▀[48;2;225;192;125m[38;2;253;214;138m▀[48;2;253;214;138m [48;2;254;214;138m [48;2;161;108;93m[38;2;191;160;102m▀[48;2;0;1;0m [48;2;115;141;101m[38;2;43;41;31m▀[48;2;113;144;100m[38;2;87;105;80m▀ [48;2;120;141;103m[38;2;113;144;100m▀[48;2;113;144;100m[38;2;87;105;80m▀[48;2;115;141;101m[38;2;43;41;31m▀[48;2;0;1;0m [48;2;187;157;100m[38;2;191;160;102m▀[48;2;161;108;93m[38;2;225;192;125m▀[48;2;0;1;0m[38;2;42;36;29m▀[38;2;161;108;93m▀[48;2;161;108;93m[38;2;187;157;100m▀[48;2;0;1;0m  [48;2;0;0;0m                  [m
[48;2;0;0;0m                 [48;2;0;1;0m  [48;2;225;192;125m[38;2;161;108;93m▀[48;2;254;214;138m [48;2;253;214;138m [48;2;254;214;138m [48;2;253;214;138m [48;2;161;108;93m[38;2;1;2;1m▀[48;2;0;1;0m  [48;2;225;192;125m[38;2;191;160;102m▀[48;2;253;214;138m [48;2;254;214;138m [48;2;47;41;32m [48;2;1;2;1m[38;2;0;1;0m▀[48;2;113;144;100m   [48;2;120;141;103m[38;2;113;144;100m▀[48;2;113;144;100m  [48;2;42;26;25m[38;2;0;1;0m▀[48;2;0;1;0m[38;2;47;41;34m▀[48;2;161;108;93m[38;2;47;41;32m▀[48;2;0;1;0m  [48;2;225;192;125m[38;2;187;157;100m▀[48;2;182;153;97m[38;2;1;2;1m▀[48;2;0;1;0m [38;2;0;0;0m▀[48;2;0;0;0m                 [m
[48;2;0;0;0m                [48;2;0;1;0m  [48;2;191;160;102m[38;2;161;108;93m▀[48;2;253;214;138m[38;2;254;214;138m▀[48;2;254;214;138m[38;2;253;214;138m▀  [48;2;253;214;138m[38;2;254;214;138m▀[48;2;254;214;138m [38;2;187;157;100m▀[38;2;225;192;125m▀ [38;2;253;214;138m▀ [48;2;42;26;25m [48;2;42;36;29m[38;2;0;1;0m▀[48;2;120;141;103m[38;2;113;144;100m▀▀ [48;2;113;144;100m[38;2;120;141;103m▀  [48;2;47;41;32m[38;2;66;67;57m▀[48;2;0;1;0m [48;2;254;214;138m [48;2;253;214;138m[38;2;187;157;100m▀[38;2;225;192;125m▀[48;2;254;214;138m ▀[48;2;191;160;102m[38;2;0;1;0m▀[48;2;0;1;0m [38;2;0;0;0m▀[48;2;0;0;0m                [m
[48;2;0;0;0m               [48;2;0;1;0m[38;2;0;0;0m▀ [48;2;161;108;93m[38;2;0;1;0m▀[48;2;254;214;138m [48;2;253;214;138m[38;2;254;214;138m▀[48;2;254;214;138m[38;2;253;214;138m▀  [48;2;253;214;138m [48;2;254;214;138m      [48;2;47;41;32m[38;2;1;2;1m▀[48;2;0;1;0m[38;2;42;36;29m▀[48;2;113;144;100m [48;2;182;153;97m[38;2;113;144;100m▀[48;2;113;144;100m[38;2;120;141;103m▀[48;2;115;141;101m[38;2;182;153;97m▀[48;2;120;141;103m[38;2;113;144;100m▀[48;2;113;144;100m [48;2;42;26;25m [38;2;0;1;0m▀[48;2;254;214;138m  [48;2;253;214;138m[38;2;254;214;138m▀ [48;2;254;214;138m  [48;2;225;192;125m[38;2;161;108;93m▀[48;2;1;2;1m[38;2;0;1;0m▀[48;2;0;1;0m [38;2;0;0;0m▀[48;2;0;0;0m              [m
[48;2;0;0;0m               [48;2;0;1;0m  [48;2;225;192;125m[38;2;191;160;102m▀[48;2;254;214;138m [38;2;253;214;138m▀ [48;2;253;214;138m [48;2;254;214;138m        [48;2;187;157;100m [48;2;0;1;0m[38;2;1;2;1m▀[48;2;87;105;80m[38;2;119;140;103m▀[48;2;113;144;100m[38;2;115;141;101m▀[48;2;120;141;103m[38;2;113;144;100m▀[48;2;113;144;100m [48;2;120;141;103m [48;2;87;105;80m▀[48;2;0;1;0m [48;2;187;157;100m[38;2;47;41;34m▀[48;2;254;214;138m[38;2;253;214;138m▀[48;2;253;214;138m [48;2;254;214;138m [48;2;253;214;138m[38;2;254;214;138m▀[48;2;254;214;138m   [38;2;191;160;102m▀[48;2;161;108;93m[38;2;0;1;0m▀[48;2;0;1;0m[38;2;1;2;1m▀[38;2;0;0;0m▀[48;2;0;0;0m             [m
[48;2;0;0;0m               [48;2;0;1;0m [48;2;66;67;57m[38;2;0;1;0m▀[48;2;254;214;138m   [48;2;253;214;138m[38;2;254;214;138m▀[48;2;254;214;138m[38;2;253;214;138m▀ ▀      [38;2;191;160;102m▀[48;2;0;1;0m [48;2;47;41;34m[38;2;84;105;81m▀[48;2;113;144;100m [48;2;120;141;103m[38;2;113;144;100m▀▀[48;2;113;144;100m[38;2;120;141;103m▀[48;2;66;67;57m[38;2;87;105;80m▀[48;2;0;1;0m [48;2;254;214;138m[38;2;191;160;102m▀[48;2;253;214;138m[38;2;254;214;138m▀[48;2;254;214;138m[38;2;253;214;138m▀▀ [48;2;253;214;138m[38;2;254;214;138m▀[48;2;254;214;138m   [38;2;225;192;125m▀[48;2;47;41;32m[38;2;0;1;0m▀[48;2;0;1;0m [48;2;0;0;0m             [m
[48;2;0;0;0m               [48;2;0;1;0m [48;2;66;67;57m[38;2;75;90;62m▀[48;2;254;214;138m [48;2;253;214;138m [38;2;254;214;138m▀[48;2;254;214;138m          [38;2;253;214;138m▀[48;2;191;160;102m[38;2;161;108;93m▀[48;2;0;1;0m [48;2;65;75;57m[38;2;115;141;101m▀[48;2;113;144;100m  [48;2;87;105;80m▀[48;2;0;1;0m [48;2;187;157;100m[38;2;47;41;32m▀[48;2;254;214;138m  [38;2;253;214;138m▀[48;2;253;214;138m [48;2;254;214;138m [48;2;253;214;138m[38;2;254;214;138m▀[48;2;254;214;138m    [48;2;187;157;100m [48;2;0;1;0m  [48;2;0;0;0m            [m
[48;2;0;0;0m               [48;2;0;1;0m [48;2;1;2;1m[38;2;66;67;57m▀[48;2;254;214;138m [48;2;253;214;138m[38;2;254;214;138m▀[48;2;254;214;138m  [38;2;253;214;138m▀ [48;2;253;214;138m[38;2;254;214;138m▀[48;2;254;214;138m        [48;2;225;192;125m[38;2;161;108;93m▀[48;2;0;1;0m [48;2;1;2;1m[38;2;87;105;80m▀[48;2;83;99;79m[38;2;113;144;100m▀[48;2;0;1;0m[38;2;43;41;31m▀[48;2;161;108;93m[38;2;0;1;0m▀[48;2;253;214;138m[38;2;254;214;138m▀[48;2;254;214;138m[38;2;253;214;138m▀ [48;2;253;214;138m[38;2;254;214;138m▀[48;2;254;214;138m[38;2;253;214;138m▀      [48;2;187;157;100m [48;2;0;1;0m [48;2;0;0;0m[38;2;0;1;0m▀            [m
[48;2;0;0;0m               [48;2;0;1;0m  [48;2;187;157;100m[38;2;225;192;125m▀[48;2;254;214;138m [38;2;253;214;138m▀  ▀ [48;2;253;214;138m[38;2;254;214;138m▀▀[48;2;254;214;138m       [38;2;191;160;102m▀[48;2;161;108;93m[38;2;0;1;0m▀[48;2;0;1;0m [48;2;161;108;93m▀[48;2;254;214;138m[38;2;225;192;125m▀ [48;2;253;214;138m [48;2;254;214;138m  [48;2;253;214;138m[38;2;254;214;138m▀[48;2;254;214;138m[38;2;253;214;138m▀     [48;2;0;1;0m[38;2;47;41;32m▀ [48;2;0;0;0m             [m
[48;2;0;0;0m                [48;2;0;1;0m [38;2;43;41;31m▀[48;2;191;160;102m[38;2;254;214;138m▀[48;2;254;214;138m   [38;2;253;214;138m▀[48;2;253;214;138m[38;2;254;214;138m▀▀[48;2;254;214;138m         [38;2;225;192;125m▀[48;2;225;192;125m[38;2;1;2;1m▀[48;2;254;214;138m[38;2;225;192;125m▀[48;2;253;214;138m [38;2;254;214;138m▀[48;2;254;214;138m[38;2;253;214;138m▀        [48;2;191;160;102m[38;2;225;192;125m▀[48;2;0;1;0m  [48;2;0;0;0m             [m
[48;2;0;0;0m               [48;2;0;1;0m[38;2;0;0;0m▀ [48;2;65;75;57m[38;2;0;1;0m▀[48;2;0;1;0m [48;2;161;108;93m[38;2;225;192;125m▀[48;2;254;214;138m[38;2;253;214;138m▀[48;2;253;214;138m[38;2;254;214;138m▀[48;2;254;214;138m    [38;2;253;214;138m▀         ▀[48;2;253;214;138m[38;2;254;214;138m▀▀[48;2;254;214;138m  [38;2;253;214;138m▀      [48;2;225;192;125m[38;2;191;160;102m▀[48;2;0;1;0m  [48;2;0;0;0m             [m
[48;2;0;0;0m             [48;2;0;1;0m[38;2;0;0;0m▀ [48;2;1;2;1m[38;2;0;1;0m▀[48;2;225;192;125m[38;2;1;2;1m▀[48;2;254;214;138m[38;2;225;192;125m▀[38;2;161;108;93m▀[48;2;161;108;93m[38;2;0;1;0m▀[48;2;0;1;0m[38;2;95;96;82m▀[48;2;225;192;125m[38;2;254;214;138m▀[48;2;254;214;138m [38;2;253;214;138m▀▀[48;2;253;214;138m[38;2;254;214;138m▀[48;2;254;214;138m   [48;2;253;214;138m▀[48;2;254;214;138m           [38;2;253;214;138m▀▀[48;2;253;214;138m[38;2;254;214;138m▀[48;2;254;214;138m    [48;2;253;214;138m▀[48;2;225;192;125m[38;2;161;108;93m▀[48;2;1;2;1m[38;2;0;1;0m▀[48;2;0;1;0m [48;2;0;0;0m            [m
[48;2;0;0;0m           [48;2;0;1;0m[38;2;0;0;0m▀  [48;2;225;192;125m[38;2;0;1;0m▀[48;2;254;214;138m[38;2;225;192;125m▀[48;2;253;214;138m[38;2;254;214;138m▀[48;2;254;214;138m  [38;2;225;192;125m▀[48;2;225;192;125m[38;2;1;2;1m▀[48;2;42;36;29m[38;2;0;1;0m▀[48;2;0;1;0m[38;2;191;160;102m▀[48;2;161;108;93m[38;2;253;214;138m▀[48;2;225;192;125m[38;2;254;214;138m▀[48;2;253;214;138m [48;2;254;214;138m [48;2;253;214;138m▀[48;2;254;214;138m              [38;2;253;214;138m▀  [48;2;253;214;138m [48;2;254;214;138m  [48;2;253;214;138m[38;2;254;214;138m▀[48;2;254;214;138m [38;2;161;108;93m▀[48;2;42;36;29m[38;2;0;1;0m▀[48;2;0;1;0m [48;2;0;0;0m           [m
[48;2;0;0;0m         [48;2;0;1;0m[38;2;0;0;0m▀ [48;2;161;108;93m[38;2;0;1;0m▀[48;2;254;214;138m[38;2;42;36;29m▀[38;2;225;192;125m▀[38;2;253;214;138m▀[48;2;253;214;138m [48;2;254;214;138m     [38;2;225;192;125m▀[38;2;161;108;93m▀[48;2;191;160;102m[38;2;0;1;0m▀[48;2;161;108;93m▀[48;2;1;2;1m[38;2;161;108;93m▀[48;2;0;1;0m[38;2;182;153;97m▀[38;2;225;192;125m▀[48;2;161;108;93m[38;2;253;214;138m▀[48;2;254;214;138m [48;2;253;214;138m[38;2;254;214;138m▀[48;2;254;214;138m                 [38;2;253;214;138m▀ ▀[38;2;191;160;102m▀[48;2;42;36;29m[38;2;0;1;0m▀[48;2;0;1;0m [48;2;43;41;31m[38;2;0;0;0m▀[48;2;0;0;0m         [m
[48;2;0;0;0m       [48;2;0;1;0m[38;2;0;0;0m▀ [48;2;161;108;93m[38;2;0;1;0m▀[48;2;254;214;138m[38;2;161;108;93m▀        [48;2;253;214;138m [48;2;254;214;138m     [38;2;225;192;125m▀[38;2;187;157;100m▀▀[38;2;225;192;125m▀    [38;2;253;214;138m▀        [48;2;253;214;138m [38;2;254;214;138m▀[48;2;254;214;138m        [38;2;191;160;102m▀[48;2;1;2;1m[38;2;0;1;0m▀[48;2;0;1;0m [48;2;0;0;0m         [m
[48;2;0;0;0m      [48;2;0;1;0m  [48;2;225;192;125m[38;2;43;41;31m▀[48;2;254;214;138m  [48;2;253;214;138m[38;2;254;214;138m▀[48;2;254;214;138m   [38;2;253;214;138m▀  [48;2;253;214;138m[38;2;254;214;138m▀[48;2;254;214;138m[38;2;253;214;138m▀                [48;2;253;214;138m[38;2;254;214;138m▀[48;2;254;214;138m   [38;2;253;214;138m▀  ▀[48;2;253;214;138m[38;2;254;214;138m▀[48;2;254;214;138m        [48;2;191;160;102m[38;2;187;157;100m▀[48;2;0;1;0m  [48;2;0;0;0m        [m
[48;2;0;0;0m     [48;2;0;1;0m  [48;2;191;160;102m[38;2;161;108;93m▀[48;2;254;214;138m   [48;2;253;214;138m[38;2;254;214;138m▀[48;2;254;214;138m   [48;2;253;214;138m [48;2;254;214;138m  [38;2;253;214;138m▀                    [48;2;253;214;138m[38;2;254;214;138m▀[48;2;254;214;138m [38;2;253;214;138m▀[48;2;253;214;138m[38;2;254;214;138m▀[48;2;254;214;138m  [38;2;253;214;138m▀        [48;2;47;41;34m[38;2;0;1;0m▀[48;2;0;1;0m [48;2;0;0;0m        [m
[48;2;0;0;0m     [48;2;0;1;0m [48;2;66;67;57m[38;2;1;2;1m▀[48;2;254;214;138m    [48;2;253;214;138m [48;2;254;214;138m   [48;2;253;214;138m [48;2;254;214;138m                        [38;2;253;214;138m▀[48;2;253;214;138m[38;2;254;214;138m▀[48;2;254;214;138m [38;2;253;214;138m▀[48;2;253;214;138m[38;2;254;214;138m▀[48;2;254;214;138m         [48;2;187;157;100m [48;2;0;1;0m [48;2;0;0;0m        [m
[48;2;0;0;0m     [48;2;0;1;0m [38;2;1;2;1m▀[38;2;47;41;34m▀▀▀▀▀[38;2;66;67;57m▀[38;2;47;41;34m▀▀▀▀▀▀▀▀▀▀▀▀▀▀▀▀▀▀▀▀▀▀▀▀▀▀▀▀▀▀▀▀▀▀▀▀▀▀▀▀▀[38;2;42;36;29m▀ [48;2;0;0;0m        [m
