[48;2;0;0;0m                                                                [m
[48;2;0;0;0m                   [48;2;157;157;156m[38;2;0;0;0m▀[48;2;87;105;80m▀[48;2;92;95;85m▀[48;2;119;140;103m▀[48;2;86;102;81m▀[48;2;47;41;34m▀▀[48;2;1;2;1m▀▀▀▀▀[48;2;47;41;34m▀▀[48;2;76;79;60m▀[48;2;81;101;95m▀[48;2;119;140;103m▀[48;2;87;105;80m▀[48;2;174;173;173m▀[48;2;157;157;156m▀[48;2;76;79;60m▀[48;2;1;2;1m▀▀▀▀▀▀▀▀[48;2;76;79;60m▀[48;2;84;58;62m▀[48;2;0;0;0m              [m
[48;2;0;0;0m             [48;2;174;173;173m[38;2;0;0;0m▀[48;2;95;96;82m▀[48;2;42;29;27m[38;2;174;173;173m▀[48;2;1;2;1m[38;2;95;96;82m▀[38;2;81;101;95m▀[38;2;65;75;57m▀[48;2;91;42;42m[38;2;1;2;1m▀[48;2;149;58;58m▀[48;2;182;99;100m▀[48;2;207;82;82m▀[48;2;212;84;84m▀[48;2;254;102;101m▀▀▀▀▀▀▀▀▀[48;2;217;87;86m▀[48;2;207;82;82m▀[48;2;184;97;105m▀[48;2;149;58;58m▀[48;2;44;28;32m▀[48;2;1;2;1m [48;2;166;84;86m▀[48;2;254;102;101m▀▀▀▀▀▀▀▀[48;2;91;42;42m▀[48;2;1;2;1m[38;2;65;75;57m▀[48;2;174;173;173m[38;2;0;0;0m▀[48;2;0;0;0m             [m
[48;2;0;0;0m           [48;2;87;105;80m[38;2;0;0;0m▀[48;2;1;2;1m[38;2;157;157;156m▀[38;2;65;75;57m▀[48;2;105;78;72m[38;2;1;2;1m▀[48;2;217;87;86m▀[48;2;254;102;101m[38;2;105;78;72m▀[38;2;207;82;82m▀                    ▀[38;2;217;87;86m▀        [48;2;96;45;45m [48;2;1;2;1m [48;2;157;157;156m [48;2;0;0;0m             [m
[48;2;0;0;0m         [48;2;120;141;103m[38;2;0;0;0m▀[48;2;1;2;1m[38;2;119;140;103m▀ [48;2;207;82;82m[38;2;1;2;1m▀[48;2;254;102;101m[38;2;182;99;100m▀              [48;2;217;87;86m[38;2;254;102;101m▀[48;2;207;82;82m▀[48;2;182;99;100m▀[48;2;158;63;62m▀▀[48;2;166;84;86m▀[48;2;182;99;100m▀[48;2;207;82;82m▀[48;2;254;102;101m            [48;2;96;45;45m [48;2;1;2;1m [48;2;157;157;156m[38;2;120;141;103m▀[48;2;0;0;0m             [m
[48;2;0;0;0m        [48;2;174;173;173m[38;2;0;0;0m▀[48;2;44;29;36m[38;2;118;140;103m▀[48;2;1;2;1m [48;2;254;102;101m[38;2;156;62;61m▀             [48;2;217;87;86m[38;2;254;102;101m▀[48;2;1;2;1m[38;2;217;87;86m▀[38;2;105;78;72m▀[48;2;42;29;27m[38;2;1;2;1m▀[48;2;1;2;1m        [38;2;105;78;72m▀[38;2;217;87;86m▀[48;2;184;97;105m[38;2;254;102;101m▀[48;2;207;82;82m▀▀▀▀[48;2;181;98;100m▀[48;2;207;82;82m▀▀▀[48;2;91;42;42m[38;2;96;45;45m▀[48;2;1;2;1m [38;2;157;157;156m▀[38;2;0;0;0m▀▀▀[48;2;86;102;81m▀[48;2;120;141;103m▀[48;2;0;0;0m        [m
[48;2;0;0;0m        [48;2;95;96;82m[38;2;174;173;173m▀[48;2;1;2;1m [48;2;149;58;58m[38;2;91;43;43m▀[48;2;254;102;101m             [48;2;184;97;105m[38;2;217;87;86m▀[48;2;1;2;1m[38;2;44;28;32m▀[48;2;81;101;95m[38;2;1;2;1m▀[48;2;174;173;173m[38;2;82;91;71m▀[48;2;42;26;25m[38;2;65;75;57m▀[48;2;91;43;43m[38;2;1;2;1m▀[48;2;254;102;101m▀▀▀▀▀▀▀▀▀▀▀▀▀▀▀▀▀▀▀▀▀▀▀▀[48;2;91;42;42m▀[48;2;1;2;1m[38;2;92;95;85m▀[48;2;174;173;173m[38;2;0;0;0m▀[48;2;0;0;0m       [m
[48;2;0;0;0m        [48;2;174;173;173m[38;2;84;58;62m▀[48;2;1;2;1m [48;2;96;45;45m[38;2;158;63;62m▀[48;2;254;102;101m             [48;2;207;82;82m[38;2;182;99;100m▀[48;2;1;2;1m [48;2;65;75;57m[38;2;85;97;91m▀[48;2;157;157;156m[38;2;174;173;173m▀[48;2;1;2;1m [48;2;91;43;43m [48;2;254;102;101m                        [48;2;68;41;56m[38;2;91;43;43m▀[48;2;1;2;1m[38;2;68;41;56m▀[48;2;174;173;173m [48;2;0;0;0m       [m
[48;2;0;0;0m        [38;2;174;173;173m▀[48;2;119;140;103m[38;2;42;29;27m▀[48;2;1;2;1m [48;2;151;60;74m[38;2;217;87;86m▀[48;2;254;102;101m             [38;2;149;58;58m▀[48;2;177;91;102m[38;2;1;2;1m▀[48;2;44;28;32m▀[48;2;1;2;1m  [38;2;158;63;62m▀▀▀▀▀[48;2;217;87;86m[38;2;212;85;84m▀[48;2;254;102;101m            [48;2;158;63;62m[38;2;182;99;100m▀[48;2;1;2;1m[38;2;158;63;62m▀▀▀▀▀ [48;2;157;157;156m[38;2;65;75;57m▀[48;2;0;0;0m[38;2;174;173;173m▀       [m
[48;2;0;0;0m         [38;2;174;173;173m▀[48;2;157;157;156m[38;2;42;29;27m▀[48;2;1;2;1m [38;2;182;99;100m▀[48;2;151;60;74m[38;2;254;102;101m▀[48;2;254;102;101m              [38;2;217;87;86m▀[38;2;184;97;105m▀[38;2;182;99;100m▀[38;2;158;63;62m▀▀[38;2;166;84;86m▀[38;2;217;87;86m▀             [48;2;158;63;62m [48;2;1;2;1m [48;2;84;58;62m [48;2;0;0;0m[38;2;84;58;62m▀▀[38;2;95;96;82m▀[38;2;174;173;173m▀         [m
[48;2;0;0;0m           [38;2;157;157;156m▀[48;2;120;141;103m[38;2;42;29;27m▀[48;2;92;95;85m[38;2;1;2;1m▀[48;2;1;2;1m[38;2;42;29;27m▀[38;2;182;99;100m▀[38;2;254;102;101m▀[48;2;156;62;61m▀[48;2;207;82;82m▀[48;2;254;102;101m                  [48;2;217;87;86m▀[48;2;156;62;61m▀[48;2;217;87;86m▀[48;2;254;102;101m        [48;2;182;99;100m[38;2;166;84;86m▀[48;2;1;2;1m [48;2;84;58;62m [48;2;0;0;0m             [m
[48;2;0;0;0m              [38;2;120;141;103m▀[38;2;81;101;95m▀[48;2;174;173;173m[38;2;1;2;1m▀[48;2;86;102;81m▀[48;2;81;101;95m▀[48;2;42;29;27m▀[48;2;1;2;1m[38;2;91;42;42m▀[38;2;149;58;58m▀[38;2;182;99;100m▀[38;2;207;82;82m▀▀[38;2;254;102;101m▀▀▀▀▀▀▀▀▀[38;2;212;84;84m▀[38;2;184;97;105m▀[38;2;105;78;72m▀[48;2;44;28;32m [48;2;76;79;60m[38;2;1;2;1m▀[48;2;1;2;1m[38;2;44;28;32m▀[38;2;217;87;86m▀[38;2;254;102;101m▀▀▀▀▀▀▀[38;2;149;58;58m▀ [48;2;174;173;173m[38;2;95;96;82m▀[48;2;0;0;0m             [m
[48;2;0;0;0m                    [38;2;157;157;156m▀[38;2;95;96;82m▀[38;2;85;97;91m▀[38;2;119;140;103m▀[38;2;86;102;81m▀[38;2;76;79;60m▀[38;2;47;41;34m▀[38;2;1;2;1m▀▀▀▀[38;2;42;29;27m▀[38;2;47;41;34m▀[38;2;76;79;60m▀[38;2;119;140;103m▀[38;2;92;95;85m▀[38;2;95;96;82m▀[38;2;174;173;173m▀▀[38;2;95;96;82m▀[38;2;44;29;36m▀[38;2;1;2;1m▀▀▀▀▀▀▀[38;2;65;75;57m▀[38;2;120;141;103m▀              [m
[48;2;0;0;0m                                    [48;2;1;2;1m[38;2;0;0;0m▀▀▀▀▀▀▀▀▀▀▀[48;2;0;0;0m                 [m
[48;2;0;0;0m                                [48;2;1;2;1m[38;2;0;0;0m▀  [48;2;91;42;42m[38;2;1;2;1m▀[48;2;184;97;105m▀[48;2;254;106;183m▀[48;2;255;107;184m[38;2;44;28;32m▀[38;2;68;41;56m▀[38;2;184;97;105m▀▀[38;2;91;43;43m▀[38;2;45;28;39m▀[38;2;1;2;1m▀[48;2;210;86;151m▀[48;2;146;58;103m▀[48;2;1;2;1m  [38;2;0;0;0m▀▀[48;2;0;0;0m             [m
[48;2;0;0;0m                             [48;2;1;2;1m[38;2;0;0;0m▀  [48;2;146;58;103m[38;2;1;2;1m▀[48;2;255;107;184m[38;2;91;42;42m▀[38;2;210;86;151m▀            ▀[38;2;146;58;103m▀[48;2;210;86;151m[38;2;1;2;1m▀[48;2;1;2;1m  [38;2;0;0;0m▀[48;2;0;0;0m           [m
[48;2;0;0;0m                           [48;2;1;2;1m[38;2;0;0;0m▀  [48;2;210;86;151m[38;2;1;2;1m▀[48;2;255;107;184m[38;2;210;86;151m▀         [48;2;210;86;151m[38;2;255;107;184m▀[48;2;184;97;105m▀[48;2;146;58;103m▀[48;2;153;64;104m▀[48;2;184;97;105m▀[48;2;210;86;151m▀[48;2;255;107;184m   [38;2;210;86;151m▀[48;2;153;64;104m[38;2;1;2;1m▀[48;2;1;2;1m [38;2;0;0;0m▀[48;2;0;0;0m          [m
[48;2;0;0;0m                          [48;2;1;2;1m  [48;2;210;86;151m[38;2;1;2;1m▀[48;2;255;107;184m[38;2;210;86;151m▀   [48;2;210;86;151m[38;2;255;107;184m▀[48;2;68;41;56m▀[48;2;153;64;104m▀[48;2;255;107;184m   [48;2;184;97;105m▀[48;2;1;2;1m[38;2;146;58;103m▀[48;2;42;29;27m[38;2;1;2;1m▀[48;2;87;105;80m▀[48;2;120;141;103m▀▀[48;2;87;105;80m▀[48;2;42;29;27m▀[48;2;1;2;1m[38;2;152;64;104m▀[48;2;210;86;151m[38;2;255;107;184m▀▀[48;2;68;41;56m▀[48;2;146;58;103m▀[48;2;184;97;105m[38;2;42;29;27m▀[48;2;1;2;1m [38;2;0;0;0m▀[48;2;0;0;0m         [m
[48;2;0;0;0m                        [48;2;1;2;1m[38;2;0;0;0m▀ [48;2;146;58;103m[38;2;1;2;1m▀[48;2;255;107;184m[38;2;152;64;104m▀     [48;2;1;2;1m[38;2;44;28;32m▀  [48;2;210;86;151m [48;2;255;107;184m  [48;2;1;2;1m[38;2;91;42;42m▀ [48;2;120;141;103m[38;2;115;141;101m▀    [48;2;115;141;101m[38;2;87;105;80m▀[48;2;1;2;1m [48;2;146;58;103m[38;2;184;97;105m▀[48;2;1;2;1m[38;2;91;43;43m▀  [48;2;184;97;105m[38;2;210;86;151m▀[48;2;45;28;39m[38;2;1;2;1m▀[48;2;1;2;1m [48;2;0;0;0m         [m
[48;2;0;0;0m                      [48;2;1;2;1m[38;2;0;0;0m▀ [48;2;146;58;103m[38;2;1;2;1m▀[48;2;255;107;184m[38;2;146;58;103m▀       [48;2;210;86;151m▀[48;2;184;97;105m[38;2;1;2;1m▀[48;2;210;86;151m▀[48;2;255;107;184m   [48;2;1;2;1m[38;2;42;26;25m▀[48;2;42;26;25m[38;2;1;2;1m▀[48;2;120;141;103m      [48;2;44;29;36m▀[48;2;1;2;1m[38;2;44;28;32m▀[48;2;255;107;184m[38;2;146;58;103m▀[48;2;184;97;105m[38;2;1;2;1m▀[48;2;210;86;151m▀[48;2;255;107;184m[38;2;210;86;151m▀[48;2;210;86;151m[38;2;184;97;105m▀[48;2;1;2;1m  [48;2;0;0;0m        [m
[48;2;0;0;0m                     [48;2;1;2;1m  [48;2;210;86;151m[38;2;44;28;32m▀[48;2;255;107;184m               [48;2;1;2;1m [48;2;44;29;36m[38;2;47;41;34m▀[48;2;120;141;103m      [48;2;1;2;1m[38;2;42;26;25m▀[48;2;44;29;36m[38;2;1;2;1m▀[48;2;255;107;184m     [48;2;146;58;103m▀[48;2;1;2;1m [48;2;0;0;0m        [m
[48;2;0;0;0m                   [48;2;1;2;1m[38;2;0;0;0m▀  [48;2;146;58;103m[38;2;1;2;1m▀[48;2;255;107;184m                [48;2;91;43;43m[38;2;44;28;32m▀[48;2;1;2;1m [48;2;120;141;103m      [48;2;1;2;1m [48;2;146;58;103m[38;2;47;41;34m▀[48;2;255;107;184m     [38;2;184;97;105m▀[48;2;1;2;1m  [48;2;0;0;0m       [m
[48;2;0;0;0m                  [48;2;1;2;1m[38;2;0;0;0m▀   [48;2;184;97;105m [48;2;255;107;184m                [48;2;184;97;105m [48;2;1;2;1m [48;2;87;105;80m[38;2;95;96;82m▀[48;2;120;141;103m    [48;2;76;79;60m[38;2;87;105;80m▀[48;2;1;2;1m [48;2;210;86;151m[38;2;184;97;105m▀[48;2;255;107;184m      [48;2;91;43;43m[38;2;1;2;1m▀[48;2;1;2;1m [48;2;0;0;0m       [m
[48;2;0;0;0m                  [48;2;1;2;1m  [48;2;184;97;105m[38;2;68;41;56m▀[48;2;1;2;1m [48;2;210;86;151m [48;2;255;107;184m                [38;2;210;86;151m▀[48;2;45;28;39m[38;2;1;2;1m▀[48;2;1;2;1m[38;2;47;41;34m▀[48;2;115;141;101m[38;2;120;141;103m▀[48;2;120;141;103m  [48;2;115;141;101m▀[48;2;1;2;1m[38;2;44;29;36m▀[48;2;91;43;43m[38;2;1;2;1m▀[48;2;255;107;184m       [48;2;184;97;105m [48;2;1;2;1m  [48;2;0;0;0m      [m
[48;2;0;0;0m                 [48;2;1;2;1m[38;2;44;28;32m▀ [48;2;210;86;151m[38;2;153;64;104m▀[48;2;255;107;184m[38;2;210;86;151m▀[48;2;1;2;1m [48;2;45;28;39m[38;2;184;97;105m▀[48;2;255;107;184m                 [38;2;210;86;151m▀[48;2;42;29;27m[38;2;1;2;1m▀[48;2;1;2;1m[38;2;86;102;81m▀[48;2;115;141;101m[38;2;120;141;103m▀[48;2;120;141;103m [48;2;1;2;1m[38;2;87;105;80m▀ [48;2;255;107;184m[38;2;184;97;105m▀       [48;2;184;97;105m [48;2;1;2;1m [48;2;0;0;0m[38;2;1;2;1m▀      [m
[48;2;0;0;0m              [48;2;1;2;1m[38;2;0;0;0m▀  [48;2;146;58;103m[38;2;1;2;1m▀[48;2;255;107;184m[38;2;152;64;104m▀  [48;2;210;86;151m[38;2;146;58;103m▀[48;2;1;2;1m [48;2;146;58;103m[38;2;254;106;183m▀[48;2;255;107;184m                 [38;2;210;86;151m▀[48;2;146;58;103m[38;2;1;2;1m▀[48;2;1;2;1m[38;2;42;29;27m▀[38;2;87;105;80m▀ [48;2;254;106;183m[38;2;153;64;104m▀[48;2;255;107;184m       [48;2;254;106;183m[38;2;255;107;184m▀[48;2;1;2;1m[38;2;68;41;56m▀ [48;2;0;0;0m       [m
[48;2;0;0;0m           [48;2;1;2;1m[38;2;0;0;0m▀  [48;2;146;58;103m[38;2;1;2;1m▀[48;2;255;107;184m[38;2;44;28;32m▀[38;2;210;86;151m▀     [48;2;210;86;151m[38;2;146;58;103m▀[48;2;1;2;1m [38;2;210;86;151m▀[48;2;210;86;151m[38;2;255;107;184m▀[48;2;255;107;184m                 [48;2;210;86;151m[38;2;91;42;42m▀[48;2;1;2;1m [48;2;210;86;151m[38;2;146;58;103m▀[48;2;255;107;184m        [48;2;45;28;39m[38;2;184;97;105m▀[48;2;1;2;1m [48;2;0;0;0m[38;2;1;2;1m▀       [m
[48;2;0;0;0m        [48;2;1;2;1m[38;2;0;0;0m▀▀ [48;2;146;58;103m[38;2;1;2;1m▀[48;2;254;106;183m[38;2;44;28;32m▀[48;2;255;107;184m[38;2;210;86;151m▀         ▀[48;2;210;86;151m[38;2;1;2;1m▀[48;2;1;2;1m [38;2;210;86;151m▀[48;2;146;58;103m[38;2;255;107;184m▀[48;2;210;86;151m▀[48;2;255;107;184m               [38;2;210;86;151m▀        [48;2;146;58;103m▀[48;2;1;2;1m  [48;2;0;0;0m        [m
[48;2;0;0;0m      [48;2;1;2;1m[38;2;0;0;0m▀  [48;2;210;86;151m[38;2;1;2;1m▀[48;2;255;107;184m[38;2;184;97;105m▀              [38;2;210;86;151m▀[38;2;91;42;42m▀[48;2;210;86;151m[38;2;1;2;1m▀[48;2;45;28;39m▀[48;2;1;2;1m[38;2;153;64;104m▀[38;2;210;86;151m▀[38;2;255;107;184m▀[48;2;146;58;103m▀[48;2;184;97;105m▀[48;2;210;86;151m▀▀[48;2;255;107;184m                [48;2;210;86;151m▀[48;2;1;2;1m  [48;2;0;0;0m         [m
[48;2;0;0;0m    [48;2;1;2;1m[38;2;0;0;0m▀ [48;2;44;28;32m[38;2;1;2;1m▀[48;2;210;86;151m[38;2;91;42;42m▀[48;2;255;107;184m[38;2;210;86;151m▀                    ▀[38;2;184;97;105m▀[38;2;1;2;1m▀[48;2;254;106;183m▀[48;2;210;86;151m▀[48;2;184;97;105m▀▀▀[48;2;210;86;151m[38;2;153;64;104m▀[48;2;255;107;184m              [48;2;184;97;105m [48;2;1;2;1m  [48;2;0;0;0m         [m
[48;2;0;0;0m   [48;2;1;2;1m  [48;2;210;86;151m[38;2;42;29;27m▀[48;2;255;107;184m[38;2;210;86;151m▀                                             [38;2;254;106;183m▀[48;2;44;28;32m[38;2;1;2;1m▀[48;2;1;2;1m [48;2;0;0;0m         [m
[48;2;0;0;0m  [48;2;1;2;1m   [38;2;68;41;56m▀▀[38;2;45;28;39m▀[38;2;68;41;56m▀▀▀[38;2;45;28;39m▀[38;2;68;41;56m▀▀▀▀[38;2;45;28;39m▀[38;2;68;41;56m▀▀▀[38;2;45;28;39m▀[38;2;68;41;56m▀▀▀[38;2;45;28;39m▀[38;2;68;41;56m▀▀▀[38;2;45;28;39m▀[38;2;68;41;56m▀▀▀▀[38;2;45;28;39m▀[38;2;68;41;56m▀▀▀▀▀[38;2;45;28;39m▀[38;2;68;41;56m▀▀▀▀▀▀▀▀▀▀▀▀▀   [48;2;0;0;0m        [m
