[48;2;0;0;0m                                                                [m
[48;2;0;0;0m         [48;2;161;161;160m[38;2;0;0;0m▀[48;2;95;96;82m▀[48;2;44;31;29m▀[48;2;1;1;0m▀▀▀▀▀▀▀▀▀▀▀▀▀▀▀▀▀▀▀▀▀▀▀▀▀▀▀▀▀▀▀▀▀▀▀▀▀▀▀[48;2;1;2;1m▀[48;2;95;96;82m▀[48;2;120;141;103m▀[48;2;0;0;0m          [m
[48;2;0;0;0m         [48;2;95;96;82m[38;2;92;95;85m▀[48;2;1;1;0m [48;2;225;192;125m[38;2;1;1;0m▀[48;2;254;214;138m▀▀▀▀▀▀▀▀▀▀▀▀▀▀▀▀▀▀▀▀▀▀▀▀▀▀▀▀▀▀▀▀▀▀▀▀▀▀▀▀[48;2;1;1;0m [48;2;1;2;1m[38;2;95;96;82m▀[48;2;0;0;0m          [m
[48;2;0;0;0m         [48;2;95;96;82m[38;2;86;102;81m▀[48;2;1;1;0m [48;2;204;172;111m[38;2;225;192;125m▀[48;2;254;214;138m                                        [48;2;1;1;0m  [48;2;0;0;0m          [m
[48;2;0;0;0m         [48;2;95;96;82m[38;2;118;140;103m▀[48;2;1;1;0m [48;2;161;108;93m[38;2;225;192;125m▀[48;2;187;157;100m[38;2;254;214;138m▀▀▀▀▀[48;2;254;214;138m            [48;2;225;192;125m▀[48;2;204;172;111m▀[48;2;191;160;102m▀[48;2;204;172;111m▀[48;2;191;160;102m▀▀[48;2;204;172;111m▀[48;2;191;160;102m▀▀[48;2;204;172;111m▀[48;2;191;160;102m▀▀[48;2;204;172;111m▀[48;2;191;160;102m▀[48;2;254;214;138m         [48;2;1;1;0m  [48;2;0;0;0m          [m
[48;2;0;0;0m         [38;2;119;140;103m▀[48;2;119;140;103m[38;2;1;1;0m▀[48;2;161;108;93m▀[48;2;42;26;25m▀[48;2;1;1;0m    [48;2;254;214;138m            [48;2;204;172;111m[38;2;187;157;100m▀[48;2;161;108;93m[38;2;1;1;0m▀[48;2;95;96;82m▀▀▀▀[48;2;105;78;72m▀[48;2;95;96;82m▀[48;2;94;79;51m▀[48;2;1;1;0m [48;2;84;89;81m▀[48;2;118;140;103m▀[48;2;44;31;29m▀[48;2;1;1;0m [48;2;225;192;125m [48;2;254;214;138m        [48;2;1;1;0m  [48;2;0;0;0m          [m
[48;2;0;0;0m               [48;2;1;1;0m  [48;2;254;214;138m                    [48;2;187;157;100m [48;2;1;1;0m  [48;2;0;0;0m [48;2;120;141;103m[38;2;95;96;82m▀[48;2;1;1;0m [38;2;191;160;102m▀[38;2;204;172;111m▀[38;2;191;160;102m▀▀[38;2;204;172;111m▀[38;2;191;160;102m▀▀[38;2;204;172;111m▀[38;2;191;160;102m▀ [48;2;65;75;57m[38;2;1;2;1m▀[48;2;92;64;54m[38;2;0;0;0m▀[48;2;0;0;0m         [m
[48;2;0;0;0m               [48;2;1;1;0m  [48;2;254;214;138m                    [48;2;187;157;100m [48;2;1;1;0m  [48;2;0;0;0m [48;2;68;41;56m[38;2;157;157;156m▀[48;2;1;1;0m [48;2;187;157;100m[38;2;1;1;0m▀[48;2;254;214;138m▀▀▀▀▀▀▀▀▀[48;2;1;1;0m [48;2;1;2;1m[38;2;92;95;85m▀[48;2;0;0;0m         [m
[48;2;0;0;0m         [48;2;191;160;102m[38;2;0;0;0m▀[48;2;44;33;29m[38;2;161;161;160m▀[48;2;1;1;0m[38;2;157;157;156m▀[38;2;92;64;54m▀▀▀  [48;2;254;214;138m            [48;2;187;157;100m [48;2;1;1;0m         ▀▀[38;2;47;41;32m▀ [48;2;187;157;100m [48;2;254;214;138m         [48;2;1;1;0m [38;2;1;2;1m▀[48;2;0;0;0m         [m
[48;2;0;0;0m         [48;2;95;96;82m[38;2;161;108;93m▀[48;2;1;1;0m [48;2;225;192;125m[38;2;95;96;82m▀[48;2;254;214;138m[38;2;161;108;93m▀▀▀▀▀            [38;2;204;172;111m▀[38;2;161;108;93m▀▀▀▀▀▀▀▀▀▀▀▀▀[38;2;204;172;111m▀         [48;2;1;1;0m  [48;2;0;0;0m         [m
[48;2;0;0;0m         [48;2;95;96;82m [48;2;1;1;0m [48;2;225;192;125m [48;2;254;214;138m                                         [48;2;1;1;0m  [48;2;0;0;0m         [m
[48;2;0;0;0m         [48;2;95;96;82m [48;2;1;1;0m [38;2;204;172;111m▀[38;2;254;214;138m▀▀▀▀▀▀▀▀▀▀▀▀▀▀▀▀▀▀▀▀▀▀▀▀▀▀▀▀▀▀▀▀▀▀▀▀▀▀▀▀▀ [48;2;95;96;82m[38;2;1;2;1m▀[48;2;0;0;0m         [m
[48;2;0;0;0m         [38;2;161;161;160m▀[38;2;75;90;62m▀[38;2;44;31;29m▀[38;2;1;1;0m▀▀▀▀▀▀▀▀▀▀▀▀▀▀▀▀▀▀▀▀▀[48;2;1;1;0m    [48;2;96;45;45m▀[48;2;182;99;100m▀[48;2;212;85;84m▀[48;2;254;102;101m▀[48;2;255;102;101m[38;2;1;2;1m▀[38;2;1;1;0m▀▀[48;2;217;87;86m▀[48;2;182;99;100m▀[48;2;149;58;58m▀[48;2;1;2;1m▀[48;2;1;1;0m   [48;2;0;0;0m▀[38;2;1;2;1m▀[38;2;95;96;82m▀[38;2;120;141;103m▀         [m
[48;2;0;0;0m                               [48;2;1;1;0m[38;2;0;0;0m▀ [48;2;91;42;42m[38;2;1;1;0m▀[48;2;217;87;86m▀[48;2;255;102;101m[38;2;149;58;58m▀[38;2;217;87;86m▀          ▀[38;2;166;84;86m▀[48;2;217;87;86m[38;2;42;26;25m▀[48;2;96;45;45m[38;2;1;1;0m▀[48;2;1;1;0m [38;2;0;0;0m▀[48;2;0;0;0m           [m
[48;2;0;0;0m                             [48;2;1;1;0m  [48;2;149;58;58m[38;2;1;1;0m▀[48;2;255;102;101m[38;2;149;58;58m▀[38;2;254;102;101m▀        [48;2;212;85;84m[38;2;255;102;101m▀[48;2;149;58;58m▀[48;2;44;33;29m▀[48;2;1;2;1m▀▀[48;2;149;58;58m▀[48;2;212;85;84m▀[48;2;255;102;101m  [38;2;149;58;58m▀[48;2;149;58;58m[38;2;1;1;0m▀[48;2;1;1;0m [38;2;0;0;0m▀[48;2;0;0;0m         [m
[48;2;0;0;0m                           [48;2;1;1;0m[38;2;0;0;0m▀ [48;2;105;78;72m[38;2;1;1;0m▀[48;2;255;102;101m[38;2;149;58;58m▀   [48;2;254;102;101m[38;2;255;102;101m▀[48;2;91;42;42m▀[48;2;1;2;1m[38;2;254;102;101m▀[48;2;182;99;100m[38;2;255;102;101m▀[48;2;255;102;101m   [48;2;1;2;1m[38;2;182;99;100m▀[48;2;1;1;0m [48;2;87;105;80m[38;2;1;1;0m▀[48;2;120;141;103m[38;2;1;2;1m▀[38;2;42;26;25m▀[38;2;1;2;1m▀[48;2;87;105;80m[38;2;1;1;0m▀[48;2;42;26;25m▀[48;2;1;2;1m[38;2;182;99;100m▀[48;2;217;87;86m[38;2;255;102;101m▀[48;2;96;45;45m▀[48;2;1;1;0m[38;2;254;102;101m▀[48;2;96;45;45m[38;2;91;42;42m▀[48;2;1;1;0m  [48;2;0;0;0m        [m
[48;2;0;0;0m                         [48;2;1;1;0m[38;2;0;0;0m▀ [48;2;96;45;45m[38;2;1;1;0m▀[48;2;254;102;101m[38;2;96;45;45m▀[48;2;255;102;101m     [48;2;182;99;100m [48;2;1;1;0m  [48;2;42;26;25m[38;2;44;33;29m▀[48;2;255;102;101m  [48;2;207;82;82m [48;2;1;1;0m [48;2;86;102;81m[38;2;76;79;60m▀[48;2;120;141;103m     [48;2;87;105;80m▀[48;2;1;2;1m[38;2;1;1;0m▀[48;2;47;41;32m[38;2;149;58;58m▀[48;2;1;2;1m[38;2;1;1;0m▀[48;2;1;1;0m [48;2;1;2;1m [48;2;156;62;61m[38;2;44;33;29m▀[48;2;1;1;0m [38;2;0;0;0m▀[48;2;0;0;0m       [m
[48;2;0;0;0m                       [48;2;1;1;0m[38;2;0;0;0m▀ [48;2;44;31;29m[38;2;1;1;0m▀[48;2;217;87;86m[38;2;96;45;45m▀[48;2;255;102;101m[38;2;217;87;86m▀      ▀[48;2;217;87;86m[38;2;1;2;1m▀[48;2;183;100;101m[38;2;1;1;0m▀[48;2;255;102;101m[38;2;158;63;62m▀  [48;2;182;99;100m[38;2;183;100;101m▀[48;2;1;1;0m [48;2;86;102;81m [48;2;120;141;103m     [48;2;95;96;82m[38;2;87;105;80m▀[48;2;1;1;0m [48;2;166;84;86m[38;2;149;58;58m▀[48;2;217;87;86m[38;2;1;2;1m▀[48;2;183;100;101m[38;2;1;1;0m▀[48;2;217;87;86m[38;2;149;58;58m▀[48;2;254;102;101m[38;2;207;82;82m▀[48;2;1;1;0m  [48;2;0;0;0m       [m
[48;2;0;0;0m                      [48;2;1;1;0m  [48;2;166;84;86m[38;2;1;2;1m▀[48;2;255;102;101m[38;2;217;87;86m▀              [48;2;182;99;100m[38;2;183;100;101m▀[48;2;1;1;0m [48;2;86;102;81m[38;2;87;105;80m▀[48;2;120;141;103m     [48;2;87;105;80m[38;2;95;96;82m▀[48;2;1;1;0m [48;2;166;84;86m [48;2;255;102;101m    [48;2;183;100;101m[38;2;96;45;45m▀[48;2;1;1;0m [38;2;0;0;0m▀[48;2;0;0;0m      [m
[48;2;0;0;0m                     [48;2;42;26;25m[38;2;0;0;0m▀[48;2;1;1;0m [48;2;156;62;61m[38;2;1;2;1m▀[48;2;255;102;101m[38;2;254;102;101m▀               [48;2;217;87;86m[38;2;207;82;82m▀[48;2;1;1;0m [48;2;76;79;60m[38;2;86;102;81m▀[48;2;120;141;103m     [48;2;86;102;81m[38;2;87;105;80m▀[48;2;1;1;0m [48;2;183;100;101m[38;2;182;99;100m▀[48;2;255;102;101m    [38;2;254;102;101m▀[48;2;44;33;29m[38;2;1;1;0m▀[48;2;1;1;0m [48;2;0;0;0m      [m
[48;2;0;0;0m                     [48;2;1;1;0m  [48;2;207;82;82m[38;2;182;99;100m▀[48;2;255;102;101m                 [48;2;91;42;42m[38;2;1;1;0m▀[48;2;1;2;1m[38;2;42;26;25m▀[48;2;120;141;103m     [48;2;1;2;1m▀[48;2;44;33;29m[38;2;1;1;0m▀[48;2;255;102;101m[38;2;217;87;86m▀     [48;2;182;99;100m[38;2;156;62;61m▀[48;2;1;1;0m  [48;2;0;0;0m     [m
[48;2;0;0;0m                    [48;2;1;1;0m   [48;2;182;99;100m[38;2;207;82;82m▀[48;2;255;102;101m                 [48;2;217;87;86m[38;2;166;84;86m▀[48;2;1;1;0m [48;2;44;31;29m[38;2;87;105;80m▀[48;2;120;141;103m   [48;2;86;102;81m▀[48;2;1;1;0m [48;2;207;82;82m[38;2;149;58;58m▀[48;2;255;102;101m      [48;2;212;85;84m[38;2;207;82;82m▀[48;2;1;1;0m  [48;2;0;0;0m     [m
[48;2;0;0;0m                   [48;2;1;1;0m  [48;2;166;84;86m[38;2;1;2;1m▀[48;2;44;31;29m[38;2;1;1;0m▀[48;2;1;2;1m[38;2;105;78;72m▀[48;2;254;102;101m[38;2;255;102;101m▀[48;2;255;102;101m                 [48;2;212;85;84m[38;2;96;45;45m▀[48;2;1;1;0m [48;2;1;2;1m[38;2;87;105;80m▀[48;2;120;141;103m [48;2;87;105;80m[38;2;120;141;103m▀[48;2;1;1;0m[38;2;1;2;1m▀[48;2;166;84;86m▀[48;2;255;102;101m[38;2;254;102;101m▀      [48;2;207;82;82m [48;2;1;1;0m  [48;2;0;0;0m     [m
[48;2;0;0;0m                  [48;2;1;1;0m[38;2;0;0;0m▀ [48;2;44;31;29m[38;2;1;1;0m▀[48;2;254;102;101m[38;2;182;99;100m▀[48;2;217;87;86m[38;2;166;84;86m▀[48;2;1;2;1m[38;2;1;1;0m▀[38;2;166;84;86m▀[48;2;217;87;86m[38;2;255;102;101m▀[48;2;255;102;101m                 [48;2;254;102;101m[38;2;149;58;58m▀[48;2;91;42;42m[38;2;1;1;0m▀[48;2;1;1;0m[38;2;65;75;57m▀[38;2;44;31;29m▀[48;2;105;78;72m[38;2;1;1;0m▀[48;2;255;102;101m[38;2;217;87;86m▀       [48;2;91;42;42m[38;2;182;99;100m▀[48;2;1;1;0m  [48;2;0;0;0m     [m
[48;2;0;0;0m                  [48;2;1;1;0m [48;2;91;42;42m[38;2;1;1;0m▀[48;2;254;102;101m[38;2;207;82;82m▀[48;2;255;102;101m  [38;2;166;84;86m▀[48;2;149;58;58m[38;2;1;1;0m▀[48;2;1;2;1m[38;2;91;42;42m▀[48;2;96;45;45m[38;2;254;102;101m▀[48;2;255;102;101m                 [38;2;217;87;86m▀[48;2;166;84;86m[38;2;1;2;1m▀[48;2;91;42;42m[38;2;1;1;0m▀[48;2;255;102;101m[38;2;207;82;82m▀       [48;2;166;84;86m[38;2;217;87;86m▀[48;2;1;1;0m  [48;2;0;0;0m      [m
[48;2;0;0;0m                [48;2;1;1;0m[38;2;0;0;0m▀ [48;2;96;45;45m[38;2;1;2;1m▀[48;2;217;87;86m[38;2;166;84;86m▀[48;2;255;102;101m     [48;2;217;87;86m[38;2;96;45;45m▀[48;2;96;45;45m[38;2;1;1;0m▀[48;2;1;1;0m[38;2;149;58;58m▀[48;2;91;42;42m[38;2;254;102;101m▀[48;2;217;87;86m[38;2;255;102;101m▀[48;2;255;102;101m                [38;2;217;87;86m▀       [48;2;212;84;84m[38;2;255;102;101m▀[48;2;1;1;0m[38;2;44;33;29m▀ [48;2;0;0;0m       [m
[48;2;0;0;0m            [48;2;1;1;0m[38;2;0;0;0m▀▀  [48;2;91;42;42m[38;2;1;1;0m▀[48;2;217;87;86m[38;2;1;2;1m▀[48;2;255;102;101m[38;2;217;87;86m▀        [38;2;149;58;58m▀[48;2;166;84;86m[38;2;1;1;0m▀[48;2;1;2;1m [48;2;1;1;0m[38;2;166;84;86m▀[48;2;44;31;29m[38;2;255;102;101m▀[48;2;166;84;86m▀[48;2;254;102;101m▀[48;2;255;102;101m                    [48;2;1;2;1m[38;2;105;78;72m▀[48;2;1;1;0m [48;2;0;0;0m[38;2;1;1;0m▀       [m
[48;2;0;0;0m          [48;2;1;1;0m[38;2;0;0;0m▀ [48;2;1;2;1m[38;2;1;1;0m▀[48;2;156;62;61m▀[48;2;254;102;101m[38;2;44;31;29m▀[48;2;255;102;101m[38;2;183;100;101m▀             [38;2;217;87;86m▀[38;2;156;62;61m▀[48;2;217;87;86m[38;2;1;1;0m▀[48;2;156;62;61m▀[48;2;44;31;29m▀[48;2;1;1;0m[38;2;149;58;58m▀[38;2;183;100;101m▀[38;2;207;82;82m▀[38;2;212;85;84m▀[38;2;217;87;86m▀[48;2;217;87;86m[38;2;255;102;101m▀[48;2;255;102;101m             [48;2;207;82;82m[38;2;217;87;86m▀[48;2;1;1;0m  [48;2;0;0;0m        [m
[48;2;0;0;0m        [48;2;1;1;0m[38;2;0;0;0m▀ [48;2;1;2;1m[38;2;1;1;0m▀[48;2;207;82;82m▀[48;2;255;102;101m[38;2;212;84;84m▀                     [38;2;217;87;86m▀[38;2;182;99;100m▀[38;2;156;62;61m▀[38;2;149;58;58m▀[38;2;156;62;61m▀[38;2;254;102;101m▀             [48;2;212;85;84m[38;2;207;82;82m▀[48;2;1;1;0m  [48;2;0;0;0m        [m
[48;2;0;0;0m       [48;2;1;1;0m[38;2;0;0;0m▀ [48;2;149;58;58m[38;2;1;1;0m▀[48;2;255;102;101m[38;2;182;99;100m▀                                          [38;2;254;102;101m▀[48;2;42;26;25m[38;2;1;1;0m▀[48;2;1;1;0m [48;2;0;0;0m        [m
[48;2;0;0;0m      [48;2;1;1;0m[38;2;0;0;0m▀ [48;2;182;99;100m[38;2;44;31;29m▀[48;2;255;102;101m[38;2;254;102;101m▀                                            [48;2;217;87;86m[38;2;91;42;42m▀[48;2;1;1;0m  [38;2;0;0;0m▀[48;2;0;0;0m      [m
[48;2;0;0;0m      [48;2;1;1;0m  [38;2;182;99;100m▀▀▀▀▀▀▀▀▀▀▀▀▀▀▀▀▀▀▀▀▀▀▀▀▀▀▀▀▀▀▀▀▀▀▀▀▀▀▀▀▀▀▀▀▀▀▀[38;2;44;31;29m▀   [38;2;0;0;0m▀[48;2;0;0;0m    [m
