[48;2;0;0;0m                                                                [m
[48;2;0;0;0m       [48;2;120;141;103m[38;2;0;0;0m▀[48;2;74;86;69m▀[48;2;0;1;0m▀▀▀▀▀▀▀▀▀▀▀▀▀▀▀▀▀▀▀▀▀▀▀▀▀▀▀▀▀▀▀[48;2;44;41;33m▀[48;2;36;38;48m▀[48;2;74;86;69m▀[48;2;119;140;103m▀[48;2;160;71;162m▀[48;2;66;67;57m▀[48;2;165;165;164m▀[48;2;0;0;0m                 [m
[48;2;0;0;0m      [48;2;82;87;79m[38;2;165;165;164m▀[48;2;0;1;0m [48;2;149;72;156m[38;2;0;1;0m▀[48;2;255;138;252m▀▀▀▀▀▀▀▀▀▀▀▀▀▀▀▀▀▀▀▀▀▀▀▀▀▀▀▀▀▀▀[48;2;254;102;245m▀[48;2;211;130;235m▀[48;2;213;84;206m▀[48;2;226;92;220m▀[48;2;189;102;188m▀[48;2;160;71;162m▀[48;2;94;49;100m▀[48;2;0;1;0m[38;2;44;41;33m▀[38;2;74;86;69m▀[48;2;44;41;33m[38;2;165;165;164m▀[48;2;120;141;103m[38;2;0;0;0m▀[48;2;0;0;0m             [m
[48;2;0;0;0m      [48;2;66;67;57m[38;2;73;82;93m▀[48;2;0;1;0m [48;2;149;72;156m [48;2;255;138;252m                                      [38;2;211;130;235m▀[38;2;149;72;156m▀[48;2;189;102;188m[38;2;0;1;0m▀[48;2;1;2;1m▀[48;2;0;1;0m[38;2;81;101;95m▀[48;2;157;157;156m[38;2;0;0;0m▀[48;2;0;0;0m           [m
[48;2;0;0;0m      [48;2;157;157;156m[38;2;66;67;57m▀[48;2;0;1;0m [48;2;99;48;96m[38;2;149;72;156m▀[48;2;135;82;142m[38;2;255;138;252m▀[48;2;157;97;181m▀[48;2;149;72;156m▀[48;2;135;82;142m▀▀[48;2;226;92;220m▀[48;2;255;138;252m           [48;2;210;82;203m▀[48;2;149;72;156m▀▀▀▀▀▀▀▀[48;2;189;102;188m▀[48;2;254;102;245m▀[48;2;255;138;252m             [48;2;211;130;235m[38;2;172;67;164m▀[48;2;0;1;0m [48;2;66;67;57m[38;2;160;71;162m▀[48;2;0;0;0m           [m
[48;2;0;0;0m       [38;2;88;93;84m▀[48;2;165;165;164m[38;2;0;1;0m▀[48;2;82;87;79m▀[48;2;47;63;80m▀[48;2;73;82;93m▀[48;2;85;97;91m▀[48;2;0;1;0m [48;2;213;84;206m [48;2;255;138;252m           [48;2;189;102;188m [48;2;0;1;0m        [48;2;37;35;45m▀[48;2;135;82;142m[38;2;1;2;1m▀[48;2;254;102;245m[38;2;226;92;220m▀[48;2;255;138;252m           [48;2;254;102;245m[38;2;255;138;252m▀[48;2;99;48;96m[38;2;213;84;206m▀[48;2;0;1;0m [48;2;100;131;178m[38;2;92;95;85m▀[48;2;0;0;0m           [m
[48;2;0;0;0m            [48;2;95;96;82m[38;2;86;102;81m▀[48;2;0;1;0m [48;2;213;84;206m[38;2;226;92;220m▀[48;2;255;138;252m            [38;2;211;130;235m▀▀[38;2;226;92;220m▀▀[38;2;211;130;235m▀[38;2;217;138;255m▀[38;2;226;92;220m▀[38;2;211;130;235m▀           [48;2;213;84;206m[38;2;255;138;252m▀[48;2;94;49;100m▀[48;2;0;1;0m[38;2;213;84;206m▀[38;2;99;48;96m▀[48;2;87;91;83m[38;2;0;1;0m▀[48;2;165;165;164m[38;2;87;91;83m▀[48;2;120;141;103m[38;2;255;138;252m▀[48;2;82;87;79m[38;2;0;0;0m▀[48;2;73;82;93m▀[48;2;87;105;80m▀[48;2;165;165;164m▀[48;2;0;0;0m       [m
[48;2;0;0;0m            [48;2;95;96;82m[38;2;86;102;81m▀[48;2;0;1;0m [48;2;226;92;220m [48;2;255;138;252m                               [38;2;254;102;245m▀[38;2;160;71;162m▀[48;2;189;102;188m[38;2;0;1;0m▀[48;2;0;1;0m [48;2;44;41;33m[38;2;119;140;103m▀[48;2;0;1;0m[38;2;87;91;83m▀[48;2;94;49;100m[38;2;0;1;0m▀[48;2;135;82;142m▀[48;2;157;97;181m▀[48;2;135;82;142m▀[48;2;0;1;0m[38;2;44;41;33m▀[48;2;119;140;103m [48;2;0;0;0m      [m
[48;2;0;0;0m       [48;2;136;85;145m[38;2;0;0;0m▀[48;2;0;1;0m[38;2;87;105;80m▀   [38;2;47;63;80m▀ [48;2;213;84;206m [48;2;255;138;252m           [48;2;189;102;188m [48;2;0;1;0m      [38;2;36;38;48m▀[38;2;135;82;142m▀[48;2;47;63;80m[38;2;254;102;245m▀[48;2;254;102;245m[38;2;255;138;252m▀[48;2;255;138;252m            [48;2;226;92;220m[38;2;160;71;162m▀[48;2;0;1;0m  [48;2;213;84;206m[38;2;189;102;188m▀[48;2;255;138;252m  [48;2;211;130;235m [48;2;0;1;0m [48;2;37;47;45m[38;2;66;67;57m▀[48;2;0;0;0m      [m
[48;2;0;0;0m      [48;2;157;157;156m[38;2;165;165;164m▀[48;2;0;1;0m [48;2;94;49;100m[38;2;99;48;96m▀[48;2;255;138;252m[38;2;189;102;188m▀▀▀▀▀[38;2;254;102;245m▀           [38;2;213;84;206m▀[38;2;149;72;156m▀[38;2;135;82;142m▀[38;2;149;72;156m▀[38;2;157;97;181m▀[38;2;149;72;156m▀[48;2;189;102;188m[38;2;99;48;96m▀[48;2;0;1;0m [48;2;92;95;85m[38;2;37;47;45m▀[48;2;0;1;0m [48;2;99;48;96m[38;2;172;67;164m▀[48;2;255;138;252m             [38;2;189;102;188m▀[38;2;213;84;206m▀   [48;2;209;82;202m[38;2;226;92;220m▀[48;2;0;1;0m [48;2;95;96;82m[38;2;66;67;57m▀[48;2;0;0;0m      [m
[48;2;0;0;0m      [48;2;120;141;103m[38;2;157;157;156m▀[48;2;0;1;0m [48;2;94;49;100m [48;2;255;138;252m                       [48;2;189;102;188m [48;2;0;1;0m  [48;2;81;101;95m[38;2;37;47;45m▀[48;2;0;1;0m [48;2;135;82;142m[38;2;226;92;220m▀[48;2;255;138;252m               [48;2;254;102;245m[38;2;255;138;252m▀[48;2;99;48;96m[38;2;254;102;245m▀[48;2;0;1;0m[38;2;99;48;96m▀[48;2;87;91;83m[38;2;0;1;0m▀[48;2;255;138;252m[38;2;176;96;179m▀[48;2;0;0;0m      [m
[48;2;0;0;0m      [48;2;211;130;235m[38;2;118;140;103m▀[48;2;44;41;33m[38;2;0;1;0m▀[48;2;0;1;0m[38;2;94;49;100m▀[38;2;255;138;252m▀▀▀▀▀▀▀▀▀▀▀▀▀▀▀▀▀▀▀▀▀▀▀[38;2;189;102;188m▀ [48;2;87;105;80m[38;2;0;1;0m▀[48;2;0;0;0m[38;2;165;165;164m▀[48;2;120;141;103m[38;2;87;91;83m▀[48;2;87;91;83m[38;2;0;1;0m▀[48;2;0;1;0m[38;2;99;48;96m▀[38;2;213;84;206m▀[38;2;254;102;245m▀[38;2;255;138;252m▀▀▀▀▀▀▀▀▀▀[38;2;226;92;220m▀[38;2;172;67;164m▀[38;2;1;2;1m▀[48;2;83;99;79m[38;2;0;1;0m▀[48;2;165;165;164m[38;2;87;91;83m▀[48;2;0;0;0m[38;2;120;141;103m▀       [m
[48;2;0;0;0m       [38;2;119;140;103m▀[38;2;66;67;57m▀[38;2;0;1;0m▀▀▀▀▀[48;2;0;1;0m             [48;2;0;0;0m▀▀▀▀▀[38;2;44;41;33m▀[38;2;83;99;79m▀    [38;2;182;99;182m▀[38;2;95;96;82m▀[38;2;37;35;45m▀[38;2;0;1;0m▀▀▀▀▀▀▀▀▀▀[38;2;74;86;69m▀[38;2;92;95;85m▀[38;2;189;102;188m▀          [m
[48;2;0;0;0m           [48;2;0;1;0m[38;2;0;0;0m▀  [48;2;90;106;148m[38;2;0;1;0m▀[48;2;137;182;253m[38;2;1;2;1m▀[38;2;90;106;148m▀[38;2;107;148;199m▀    ▀[38;2;100;131;178m▀[38;2;37;35;45m▀[48;2;107;148;199m[38;2;0;1;0m▀[48;2;47;63;80m▀[48;2;0;1;0m [38;2;0;0;0m▀▀[48;2;0;0;0m                                  [m
[48;2;0;0;0m         [48;2;0;1;0m[38;2;0;0;0m▀ [48;2;90;106;148m[38;2;0;1;0m▀[48;2;137;182;253m[38;2;47;63;80m▀[38;2;111;148;206m▀             [38;2;90;106;148m▀[48;2;111;148;206m[38;2;0;1;0m▀[48;2;0;1;0m  [48;2;0;0;0m                                 [m
[48;2;0;0;0m       [48;2;0;1;0m[38;2;0;0;0m▀ [48;2;90;106;148m[38;2;0;1;0m▀[48;2;137;182;253m[38;2;90;106;148m▀         [48;2;111;148;206m[38;2;137;182;253m▀[48;2;100;131;178m▀[48;2;90;106;148m▀[48;2;46;38;48m▀[48;2;100;131;178m▀[48;2;107;148;199m▀[48;2;137;182;253m   [38;2;90;106;148m▀[48;2;47;63;80m[38;2;0;1;0m▀[48;2;0;1;0m [38;2;0;0;0m▀[48;2;0;0;0m                               [m
[48;2;0;0;0m      [48;2;0;1;0m  [48;2;107;148;199m[38;2;1;2;1m▀[48;2;137;182;253m    [48;2;90;106;148m[38;2;137;182;253m▀▀[48;2;137;182;253m   [48;2;111;148;206m▀[48;2;1;2;1m[38;2;107;148;199m▀[38;2;0;1;0m▀[48;2;87;105;80m▀[48;2;115;141;101m▀▀[48;2;87;105;80m▀[48;2;65;75;57m▀[48;2;0;1;0m[38;2;90;106;148m▀[48;2;90;106;148m[38;2;137;182;253m▀[48;2;137;182;253m [48;2;90;106;148m▀[38;2;111;148;206m▀[48;2;0;1;0m  [48;2;0;0;0m                               [m
[48;2;0;0;0m     [48;2;1;2;1m[38;2;0;1;0m▀[48;2;0;1;0m [48;2;111;148;206m[38;2;90;106;148m▀[48;2;137;182;253m    [48;2;90;106;148m[38;2;100;131;178m▀[48;2;0;1;0m  [48;2;100;131;178m [48;2;137;182;253m  [48;2;100;131;178m [48;2;0;1;0m [48;2;87;105;80m [48;2;120;141;103m     [48;2;37;47;45m[38;2;1;2;1m▀[48;2;0;1;0m[38;2;42;26;25m▀[48;2;100;131;178m [48;2;0;1;0m  [48;2;1;2;1m[38;2;0;1;0m▀[48;2;0;1;0m [38;2;0;0;0m▀[48;2;0;0;0m                              [m
[48;2;0;0;0m    [48;2;0;1;0m  [48;2;111;148;206m[38;2;90;106;148m▀[48;2;137;182;253m     [38;2;100;131;178m▀[48;2;100;131;178m[38;2;0;1;0m▀[48;2;107;148;199m▀[48;2;137;182;253m[38;2;107;148;199m▀  [48;2;100;131;178m [48;2;0;1;0m [48;2;87;105;80m [48;2;120;141;103m     [48;2;86;102;81m[38;2;66;67;57m▀[48;2;0;1;0m [48;2;107;148;199m[38;2;90;106;148m▀[48;2;100;131;178m[38;2;0;1;0m▀▀[48;2;137;182;253m[38;2;107;148;199m▀[48;2;90;106;148m[38;2;0;1;0m▀[48;2;0;1;0m [38;2;0;0;0m▀[48;2;0;0;0m                             [m
[48;2;0;0;0m   [48;2;0;1;0m[38;2;0;0;0m▀ [48;2;100;131;178m[38;2;37;35;45m▀[48;2;137;182;253m            [48;2;58;68;99m[38;2;63;67;95m▀[48;2;0;1;0m [48;2;115;141;101m[38;2;87;105;80m▀[48;2;120;141;103m     [48;2;66;67;57m[38;2;86;102;81m▀[48;2;0;1;0m [48;2;137;182;253m[38;2;111;148;206m▀    [48;2;111;148;206m[38;2;37;35;45m▀[48;2;0;1;0m  [48;2;0;0;0m                            [m
[48;2;0;0;0m   [48;2;0;1;0m [48;2;37;35;45m[38;2;0;1;0m▀[48;2;137;182;253m[38;2;111;148;206m▀            [48;2;100;131;178m [48;2;0;1;0m [48;2;87;105;80m [48;2;120;141;103m     [48;2;37;47;45m[38;2;66;67;57m▀[48;2;0;1;0m [48;2;137;182;253m      [38;2;107;148;199m▀[48;2;90;106;148m[38;2;0;1;0m▀[48;2;0;1;0m [38;2;0;0;0m▀[48;2;0;0;0m                          [m
[48;2;0;0;0m  [48;2;0;1;0m  [48;2;100;131;178m[38;2;90;106;148m▀[48;2;137;182;253m             [38;2;107;148;199m▀[48;2;0;1;0m [48;2;66;67;57m[38;2;86;102;81m▀[48;2;120;141;103m    [48;2;87;105;80m [48;2;0;1;0m [48;2;100;131;178m[38;2;46;38;48m▀[48;2;137;182;253m       [38;2;111;148;206m▀[48;2;90;106;148m[38;2;0;1;0m▀[48;2;0;1;0m [38;2;0;0;0m▀[48;2;0;0;0m                         [m
[48;2;0;0;0m  [48;2;0;1;0m  [48;2;107;148;199m [48;2;137;182;253m              [48;2;100;131;178m[38;2;37;35;45m▀[48;2;0;1;0m [48;2;87;105;80m[38;2;120;141;103m▀[48;2;120;141;103m   [48;2;44;41;33m[38;2;86;102;81m▀[48;2;0;1;0m [48;2;137;182;253m[38;2;111;148;206m▀        [38;2;107;148;199m▀[48;2;0;1;0m  [48;2;0;0;0m                         [m
[48;2;0;0;0m  [48;2;0;1;0m  [48;2;100;131;178m[38;2;111;148;206m▀[48;2;137;182;253m              ▀[48;2;90;106;148m[38;2;0;1;0m▀[48;2;0;1;0m[38;2;44;41;33m▀[48;2;74;86;69m[38;2;120;141;103m▀[48;2;120;141;103m [48;2;74;86;69m[38;2;87;105;80m▀[48;2;0;1;0m [48;2;107;148;199m[38;2;90;106;148m▀[48;2;137;182;253m          [48;2;0;1;0m  [48;2;0;0;0m                         [m
[48;2;0;0;0m  [38;2;0;1;0m▀[48;2;0;1;0m [48;2;90;106;148m[38;2;100;131;178m▀[48;2;137;182;253m                [48;2;111;148;206m[38;2;1;2;1m▀[48;2;0;1;0m [38;2;87;105;80m▀ [48;2;107;148;199m[38;2;44;41;33m▀[48;2;137;182;253m          [48;2;107;148;199m[38;2;137;182;253m▀[48;2;0;1;0m  [48;2;0;0;0m                         [m
[48;2;0;0;0m   [48;2;0;1;0m  [48;2;90;106;148m[38;2;137;182;253m▀[48;2;137;182;253m                [38;2;90;106;148m▀[48;2;47;63;80m[38;2;0;1;0m▀[48;2;100;131;178m[38;2;1;2;1m▀[48;2;137;182;253m           [48;2;100;131;178m [48;2;0;1;0m  [48;2;0;0;0m                         [m
[48;2;0;0;0m   [48;2;0;1;0m   [48;2;47;63;80m[38;2;111;148;206m▀[48;2;137;182;253m                ▀▀           ▀[48;2;111;148;206m[38;2;0;1;0m▀[48;2;37;35;45m▀[48;2;0;1;0m  [38;2;0;0;0m▀▀[48;2;0;0;0m                     [m
[48;2;0;0;0m   [48;2;0;1;0m [48;2;1;2;1m[38;2;0;1;0m▀[48;2;137;182;253m[38;2;1;2;1m▀[48;2;100;131;178m[38;2;0;1;0m▀[48;2;0;1;0m[38;2;90;106;148m▀[48;2;90;106;148m[38;2;137;182;253m▀[48;2;137;182;253m                              [38;2;107;148;199m▀[38;2;90;106;148m▀[48;2;111;148;206m[38;2;0;1;0m▀[48;2;90;106;148m▀[48;2;0;1;0m  [38;2;0;0;0m▀▀[48;2;0;0;0m                 [m
[48;2;0;0;0m  [48;2;0;1;0m  [48;2;119;140;103m[38;2;90;106;148m▀[48;2;137;182;253m  ▀[48;2;90;106;148m[38;2;0;1;0m▀[48;2;0;1;0m[38;2;90;106;148m▀[48;2;37;35;45m[38;2;137;182;253m▀[48;2;111;148;206m▀[48;2;137;182;253m                                [38;2;100;131;178m▀[38;2;1;2;1m▀[48;2;90;106;148m[38;2;0;1;0m▀[48;2;0;1;0m  [38;2;0;0;0m▀[48;2;0;0;0m              [m
[48;2;0;0;0m  [48;2;0;1;0m  [48;2;100;131;178m [48;2;137;182;253m    [38;2;90;106;148m▀[48;2;111;148;206m[38;2;0;1;0m▀[48;2;37;35;45m▀[48;2;0;1;0m[38;2;100;131;178m▀[38;2;137;182;253m▀[48;2;90;106;148m▀[48;2;107;148;199m▀[48;2;137;182;253m                               [38;2;111;148;206m▀[38;2;87;91;83m▀[48;2;100;131;178m[38;2;0;1;0m▀[48;2;44;41;33m▀[48;2;0;1;0m [38;2;0;0;0m▀[48;2;0;0;0m           [m
[48;2;0;0;0m   [48;2;0;1;0m  [48;2;137;182;253m       [38;2;107;148;199m▀[38;2;37;35;45m▀[48;2;111;148;206m[38;2;0;1;0m▀[48;2;100;131;178m▀[48;2;47;63;80m▀[48;2;0;1;0m[38;2;36;38;48m▀[38;2;90;106;148m▀[38;2;100;131;178m▀[48;2;36;38;48m[38;2;111;148;206m▀[48;2;137;182;253m                             ▀[38;2;90;106;148m▀[48;2;90;106;148m[38;2;0;1;0m▀[48;2;0;1;0m [38;2;0;0;0m▀▀[48;2;0;0;0m        [m
[48;2;0;0;0m   [48;2;0;1;0m  [38;2;90;106;148m▀[38;2;100;131;178m▀▀▀▀▀▀▀▀▀▀▀▀▀[38;2;63;67;95m▀[38;2;90;106;148m▀[38;2;100;131;178m▀▀▀▀▀▀▀▀▀▀▀▀▀▀▀▀▀▀▀▀▀▀▀▀▀▀▀▀▀▀▀▀[38;2;90;106;148m▀   [38;2;0;0;0m▀[48;2;0;0;0m      [m
