[48;2;0;0;0m                                                                [m
[48;2;0;0;0m                                                                [m
[48;2;0;0;0m                                                                [m
[48;2;0;0;0m                                                                [m
[48;2;0;0;0m                                                                [m
[48;2;0;0;0m                                                                [m
[48;2;0;0;0m                                                                [m
[48;2;0;0;0m                                                                [m
[48;2;0;0;0m                                                                [m
[48;2;0;0;0m                                                                [m
[48;2;0;0;0m                                                                [m
[48;2;0;0;0m               [48;2;1;3;1m[38;2;0;0;0m▀▀▀▀  ▀▀▀▀▀[48;2;0;0;0m                                      [m
[48;2;0;0;0m            [48;2;1;3;1m[38;2;0;0;0m▀  [48;2;79;150;150m[38;2;1;3;1m▀[48;2;130;255;255m▀[38;2;24;39;41m▀[38;2;79;150;150m▀▀▀▀▀[38;2;1;3;1m▀▀[48;2;79;150;150m▀[48;2;1;3;1m  [38;2;0;0;0m▀[48;2;0;0;0m                                   [m
[48;2;0;0;0m         [48;2;1;3;1m[38;2;0;0;0m▀▀ [48;2;79;150;150m[38;2;1;3;1m▀[48;2;130;255;255m[38;2;46;82;84m▀             [38;2;79;150;150m▀[48;2;79;150;150m[38;2;1;3;1m▀[48;2;1;3;1m [38;2;0;0;0m▀[48;2;0;0;0m                                 [m
[48;2;0;0;0m        [48;2;1;3;1m[38;2;0;0;0m▀ [48;2;79;150;150m[38;2;1;3;1m▀[48;2;130;255;255m[38;2;79;150;150m▀       [48;2;46;82;84m[38;2;130;255;255m▀[48;2;1;3;1m▀[38;2;79;150;150m▀▀[38;2;130;255;255m▀[48;2;79;150;150m▀[48;2;130;255;255m    [38;2;79;150;150m▀[48;2;79;150;150m[38;2;1;3;1m▀[48;2;1;3;1m [38;2;0;0;0m▀[48;2;0;0;0m                               [m
[48;2;0;0;0m      [48;2;1;3;1m[38;2;0;0;0m▀ [48;2;24;39;41m[38;2;1;3;1m▀[48;2;130;255;255m[38;2;79;150;150m▀ [48;2;79;150;150m[38;2;130;255;255m▀[48;2;1;3;1m[38;2;79;150;150m▀[38;2;130;255;255m▀[48;2;130;255;255m   [48;2;79;150;150m▀[48;2;1;3;1m [48;2;79;114;101m[38;2;1;3;1m▀[48;2;120;141;103m[38;2;24;39;41m▀[38;2;79;114;101m▀▀[38;2;24;39;41m▀[48;2;79;114;101m[38;2;1;3;1m▀[48;2;1;3;1m [48;2;79;150;150m[38;2;130;255;255m▀▀[48;2;1;3;1m[38;2;79;150;150m▀[38;2;130;255;255m▀[48;2;130;255;255m [48;2;46;82;84m[38;2;1;3;1m▀[48;2;1;3;1m [48;2;0;0;0m                               [m
[48;2;0;0;0m     [48;2;1;3;1m[38;2;0;0;0m▀ [48;2;79;150;150m[38;2;1;3;1m▀[48;2;130;255;255m[38;2;79;150;150m▀  [48;2;1;3;1m   [48;2;130;255;255m▀  [48;2;35;58;46m [48;2;1;3;1m [48;2;120;141;103m     [38;2;79;114;101m▀[48;2;1;3;1m [48;2;24;39;41m[38;2;79;150;150m▀[48;2;35;58;46m[38;2;1;3;1m▀[48;2;1;3;1m  [48;2;79;150;150m [48;2;130;255;255m[38;2;79;150;150m▀[48;2;1;3;1m  [48;2;0;0;0m                              [m
[48;2;0;0;0m    [48;2;1;3;1m[38;2;0;0;0m▀ [48;2;79;150;150m[38;2;1;3;1m▀[48;2;130;255;255m     ▀[38;2;79;150;150m▀   [48;2;1;3;1m [48;2;24;39;41m [48;2;120;141;103m      [48;2;24;39;41m[38;2;1;3;1m▀[48;2;1;3;1m [48;2;130;255;255m ▀[38;2;79;150;150m▀  [48;2;79;150;150m[38;2;24;39;41m▀[48;2;1;3;1m [38;2;0;0;0m▀[48;2;0;0;0m                             [m
[48;2;0;0;0m    [48;2;1;3;1m  [48;2;130;255;255m[38;2;79;150;150m▀          [48;2;1;3;1m [48;2;24;39;41m [48;2;120;141;103m      [48;2;1;3;1m[38;2;24;39;41m▀[48;2;24;39;41m[38;2;1;3;1m▀[48;2;130;255;255m      [38;2;35;58;46m▀[48;2;1;3;1m  [48;2;0;0;0m                            [m
[48;2;0;0;0m   [48;2;1;3;1m  [48;2;79;150;150m [48;2;130;255;255m           [48;2;79;150;150m[38;2;35;58;46m▀[48;2;1;3;1m [48;2;79;114;101m[38;2;120;141;103m▀[48;2;120;141;103m    [48;2;79;114;101m▀[48;2;1;3;1m [48;2;79;150;150m[38;2;65;75;57m▀[48;2;130;255;255m       [38;2;79;150;150m▀[48;2;79;150;150m[38;2;1;3;1m▀[48;2;1;3;1m [38;2;0;0;0m▀[48;2;0;0;0m                          [m
[48;2;0;0;0m   [48;2;1;3;1m [48;2;46;82;84m[38;2;1;3;1m▀[48;2;130;255;255m            [48;2;79;150;150m [48;2;1;3;1m [48;2;65;75;57m[38;2;79;114;101m▀[48;2;120;141;103m    [48;2;35;58;46m▀[48;2;1;3;1m [48;2;130;255;255m[38;2;79;150;150m▀         [48;2;79;150;150m[38;2;1;3;1m▀[48;2;1;3;1m [38;2;0;0;0m▀[48;2;0;0;0m                         [m
[48;2;0;0;0m   [48;2;1;3;1m [48;2;79;150;150m [48;2;130;255;255m             [48;2;79;150;150m[38;2;1;3;1m▀[48;2;1;3;1m[38;2;24;39;41m▀[48;2;79;114;101m[38;2;120;141;103m▀[48;2;120;141;103m  [48;2;79;114;101m▀[48;2;1;3;1m [48;2;79;150;150m[38;2;1;3;1m▀[48;2;130;255;255m           [48;2;35;58;46m▀[48;2;1;3;1m [48;2;0;0;0m                         [m
[48;2;0;0;0m  [38;2;1;3;1m▀[48;2;1;3;1m [48;2;79;150;150m [48;2;130;255;255m              [48;2;79;150;150m▀[48;2;1;3;1m[38;2;24;39;41m▀[48;2;65;75;57m[38;2;120;141;103m▀[48;2;120;141;103m [48;2;1;3;1m[38;2;35;58;46m▀[48;2;79;150;150m[38;2;1;3;1m▀[48;2;130;255;255m            [48;2;79;150;150m [48;2;1;3;1m [48;2;0;0;0m                         [m
[48;2;0;0;0m   [48;2;1;3;1m [48;2;24;39;41m[38;2;79;150;150m▀[48;2;130;255;255m               [38;2;35;58;46m▀[48;2;1;3;1m [38;2;24;39;41m▀[48;2;24;39;41m[38;2;1;3;1m▀[48;2;130;255;255m[38;2;79;150;150m▀            [48;2;24;39;41m[38;2;54;105;105m▀[48;2;1;3;1m [48;2;0;0;0m                         [m
[48;2;0;0;0m   [48;2;1;3;1m  [48;2;79;150;150m[38;2;130;255;255m▀[48;2;130;255;255m               [38;2;79;150;150m▀[48;2;79;150;150m[38;2;1;3;1m▀[48;2;130;255;255m[38;2;79;150;150m▀            [48;2;79;150;150m[38;2;130;255;255m▀[48;2;1;3;1m  [48;2;0;0;0m                         [m
[48;2;0;0;0m    [48;2;1;3;1m  [48;2;79;150;150m[38;2;130;255;255m▀[48;2;130;255;255m                              [48;2;79;150;150m[38;2;1;3;1m▀[48;2;1;3;1m  [38;2;0;0;0m▀▀[48;2;0;0;0m                      [m
[48;2;0;0;0m    [48;2;1;3;1m  [48;2;35;58;46m[38;2;1;3;1m▀[48;2;1;3;1m[38;2;79;150;150m▀[48;2;79;150;150m[38;2;130;255;255m▀[48;2;130;255;255m                              [38;2;79;150;150m▀[38;2;1;3;1m▀[48;2;79;150;150m▀[48;2;1;3;1m  [38;2;0;0;0m▀▀▀[48;2;0;0;0m                 [m
[48;2;0;0;0m    [48;2;1;3;1m [48;2;79;150;150m[38;2;46;82;84m▀[48;2;130;255;255m [38;2;24;39;41m▀[48;2;24;39;41m[38;2;1;3;1m▀[48;2;1;3;1m[38;2;130;255;255m▀[48;2;130;255;255m                                 [38;2;79;150;150m▀[38;2;35;58;46m▀[38;2;1;3;1m▀[48;2;79;150;150m▀[48;2;1;3;1m  [38;2;0;0;0m▀▀[48;2;0;0;0m             [m
[48;2;0;0;0m    [48;2;1;3;1m [48;2;79;150;150m [48;2;130;255;255m   [38;2;1;3;1m▀[48;2;35;58;46m▀[48;2;1;3;1m[38;2;79;150;150m▀[48;2;35;58;46m[38;2;130;255;255m▀[48;2;130;255;255m                                   [38;2;79;150;150m▀[48;2;79;150;150m[38;2;1;3;1m▀[48;2;35;58;46m▀[48;2;1;3;1m [38;2;0;0;0m▀▀[48;2;0;0;0m          [m
[48;2;0;0;0m    [48;2;1;3;1m [48;2;46;82;84m[38;2;79;150;150m▀[48;2;130;255;255m     ▀[38;2;1;3;1m▀[48;2;79;150;150m▀[48;2;1;3;1m[38;2;35;58;46m▀[38;2;79;150;150m▀[38;2;130;255;255m▀▀[48;2;79;150;150m▀[48;2;130;255;255m                                [38;2;79;150;150m▀[38;2;1;3;1m▀[48;2;79;150;150m▀[48;2;1;3;1m  [38;2;0;0;0m▀[48;2;0;0;0m       [m
[48;2;0;0;0m    [48;2;1;3;1m  [48;2;79;150;150m[38;2;130;255;255m▀[48;2;130;255;255m        [38;2;79;150;150m▀▀[38;2;35;58;46m▀[38;2;79;150;150m▀                                    [38;2;35;58;46m▀[48;2;79;150;150m[38;2;1;3;1m▀[48;2;1;3;1m  [38;2;0;0;0m▀[48;2;0;0;0m    [m
[48;2;0;0;0m    [38;2;1;3;1m▀[48;2;1;3;1m [38;2;24;39;41m▀[38;2;35;58;46m▀▀▀▀▀▀▀▀▀▀▀▀▀▀▀▀▀▀▀▀▀▀▀▀▀▀▀▀▀▀▀▀▀▀▀▀▀▀▀▀▀▀▀▀▀▀▀▀▀▀     [38;2;0;0;0m▀[48;2;0;0;0m [m
