[48;2;0;0;0m                                                                [m
[48;2;0;0;0m    [48;2;157;157;156m[38;2;0;0;0m▀[48;2;68;41;56m▀[48;2;1;1;0m▀▀[48;2;1;2;1m▀[48;2;1;1;0m▀▀▀▀▀▀▀▀▀▀▀▀▀▀▀▀▀▀▀▀▀[48;2;79;86;67m▀[48;2;191;160;102m▀[48;2;0;0;0m  [48;2;157;157;156m▀[48;2;76;79;60m▀[48;2;1;1;0m▀▀▀▀▀▀▀▀▀▀▀▀▀▀▀▀▀▀▀▀▀▀[48;2;42;26;25m▀[48;2;68;41;56m▀[48;2;173;172;172m▀[48;2;0;0;0m   [m
[48;2;0;0;0m   [48;2;83;58;61m[38;2;173;172;172m▀[48;2;1;1;0m[38;2;42;26;25m▀[48;2;119;140;103m[38;2;1;1;0m▀[48;2;254;214;138m▀▀▀▀▀▀▀▀▀▀▀▀▀▀▀▀▀▀▀▀▀▀▀▀[48;2;161;108;93m▀[48;2;1;1;0m[38;2;1;2;1m▀[48;2;65;75;57m[38;2;191;160;102m▀[48;2;47;41;34m[38;2;157;157;156m▀[48;2;1;1;0m [48;2;187;157;100m[38;2;1;1;0m▀[48;2;254;214;138m▀▀▀▀▀▀▀▀▀▀▀▀▀▀▀▀▀▀▀▀▀▀[48;2;225;192;125m▀[48;2;1;1;0m [48;2;95;96;82m [48;2;0;0;0m   [m
[48;2;0;0;0m   [48;2;92;67;57m [48;2;1;1;0m [48;2;105;78;72m[38;2;161;108;93m▀[48;2;254;214;138m                         [48;2;225;192;125m▀[48;2;47;41;34m[38;2;1;1;0m▀▀[48;2;225;192;125m[38;2;95;96;82m▀[48;2;254;214;138m                       [48;2;225;192;125m [48;2;1;1;0m [48;2;78;65;47m [48;2;0;0;0m   [m
[48;2;0;0;0m   [48;2;120;141;103m[38;2;102;78;74m▀[48;2;1;1;0m [48;2;94;79;51m[38;2;161;108;93m▀[48;2;187;157;100m[38;2;254;214;138m▀▀▀▀▀[48;2;225;192;125m▀[48;2;254;214;138m      [48;2;225;192;125m▀[48;2;254;214;138m             [38;2;204;172;111m▀[38;2;182;153;97m▀      [48;2;204;172;111m[38;2;254;214;138m▀[48;2;254;214;138m            [48;2;204;172;111m▀[48;2;187;157;100m▀▀▀▀[48;2;161;108;93m[38;2;225;192;125m▀[48;2;1;1;0m [48;2;95;96;82m[38;2;78;65;47m▀[48;2;0;0;0m   [m
[48;2;0;0;0m   [38;2;173;172;172m▀[48;2;173;172;172m[38;2;92;95;85m▀[48;2;102;78;74m[38;2;1;1;0m▀[48;2;1;1;0m [48;2;42;26;25m▀[48;2;1;1;0m [48;2;92;95;85m▀[48;2;1;1;0m [48;2;191;160;102m [48;2;254;214;138m      [48;2;1;1;0m[38;2;94;79;51m▀[48;2;182;153;97m[38;2;254;214;138m▀[48;2;254;214;138m                   [48;2;161;108;93m[38;2;225;192;125m▀[48;2;1;1;0m[38;2;47;41;34m▀[48;2;254;214;138m            [48;2;148;58;78m[38;2;95;96;82m▀[48;2;1;1;0m [48;2;76;79;60m[38;2;1;1;0m▀[48;2;1;1;0m  [48;2;47;41;32m▀[48;2;157;157;156m▀[48;2;0;0;0m[38;2;157;157;156m▀   [m
[48;2;0;0;0m         [48;2;119;140;103m [48;2;1;1;0m [48;2;191;160;102m [48;2;254;214;138m      [48;2;1;1;0m  [48;2;94;79;51m[38;2;204;172;111m▀[48;2;225;192;125m[38;2;254;214;138m▀[48;2;254;214;138m               [48;2;225;192;125m▀[48;2;1;2;1m[38;2;182;153;97m▀[48;2;1;1;0m  [48;2;254;214;138m            [48;2;95;96;82m[38;2;148;58;78m▀[48;2;1;1;0m [48;2;120;141;103m[38;2;157;157;156m▀[48;2;0;0;0m        [m
[48;2;0;0;0m         [48;2;119;140;103m [48;2;1;1;0m [48;2;191;160;102m [48;2;254;214;138m      [48;2;1;1;0m  [48;2;42;26;25m[38;2;1;1;0m▀[48;2;1;1;0m[38;2;161;108;93m▀[48;2;204;172;111m[38;2;254;214;138m▀[48;2;254;214;138m             [48;2;161;108;93m[38;2;225;192;125m▀[48;2;1;1;0m[38;2;94;79;51m▀[48;2;92;95;85m[38;2;1;1;0m▀[48;2;1;1;0m  [48;2;254;214;138m            [48;2;95;96;82m[38;2;148;58;78m▀[48;2;1;1;0m [48;2;157;157;156m [48;2;0;0;0m        [m
[48;2;0;0;0m   [48;2;173;172;172m[38;2;0;0;0m▀[48;2;92;95;85m[38;2;173;172;172m▀[48;2;1;1;0m[38;2;102;78;74m▀   [38;2;92;95;85m▀ [48;2;191;160;102m [48;2;254;214;138m      [48;2;1;1;0m  [38;2;161;108;93m▀ [38;2;47;41;34m▀[48;2;92;95;85m[38;2;225;192;125m▀[48;2;254;214;138m          [48;2;225;192;125m[38;2;254;214;138m▀[48;2;42;26;25m[38;2;182;153;97m▀[48;2;1;1;0m  [38;2;47;41;34m▀  [48;2;254;214;138m            [48;2;95;96;82m[38;2;148;58;78m▀[48;2;1;1;0m [38;2;76;79;60m▀  [38;2;42;26;25m▀[38;2;120;141;103m▀[48;2;119;140;103m[38;2;0;0;0m▀[48;2;0;0;0m   [m
[48;2;0;0;0m   [48;2;102;78;74m[38;2;120;141;103m▀[48;2;1;1;0m [48;2;161;108;93m[38;2;94;79;51m▀[48;2;254;214;138m[38;2;187;157;100m▀▀▀▀▀[38;2;225;192;125m▀      [38;2;187;157;100m▀▀▀▀▀[48;2;191;160;102m[38;2;161;108;93m▀[48;2;1;2;1m[38;2;182;153;97m▀[48;2;204;172;111m[38;2;254;214;138m▀[48;2;254;214;138m       [48;2;182;153;97m▀[48;2;1;1;0m[38;2;94;79;51m▀[48;2;204;172;111m[38;2;161;108;93m▀[48;2;254;214;138m[38;2;187;157;100m▀▀▀▀▀            [38;2;204;172;111m▀[38;2;187;157;100m▀▀▀▀▀[48;2;1;1;0m [38;2;65;75;57m▀[48;2;0;0;0m   [m
[48;2;0;0;0m   [48;2;102;78;74m[38;2;83;58;61m▀[48;2;1;1;0m [48;2;105;78;72m[38;2;161;108;93m▀[48;2;254;214;138m                 [48;2;191;160;102m [48;2;1;1;0m [38;2;94;79;51m▀[48;2;161;108;93m[38;2;225;192;125m▀[48;2;254;214;138m    [48;2;225;192;125m[38;2;254;214;138m▀[48;2;47;41;34m[38;2;204;172;111m▀[48;2;1;1;0m  [48;2;204;172;111m[38;2;225;192;125m▀[48;2;254;214;138m [48;2;187;157;100m[38;2;254;214;138m▀▀▀▀▀▀[48;2;225;192;125m▀[48;2;254;214;138m               [48;2;1;1;0m  [48;2;0;0;0m   [m
[48;2;0;0;0m   [48;2;173;172;172m[38;2;102;78;74m▀[48;2;1;1;0m [38;2;105;78;72m▀[38;2;254;214;138m▀▀▀▀▀▀▀▀▀▀▀▀▀▀▀▀▀[38;2;191;160;102m▀ [48;2;81;101;95m[38;2;1;1;0m▀[48;2;1;1;0m [38;2;204;172;111m▀[38;2;254;214;138m▀▀[38;2;225;192;125m▀[38;2;161;108;93m▀[48;2;47;41;34m[38;2;1;1;0m▀[48;2;92;95;85m[38;2;1;2;1m▀[48;2;1;1;0m [38;2;161;108;93m▀[48;2;42;26;25m[38;2;1;1;0m▀[48;2;166;84;86m▀[48;2;184;97;105m▀[48;2;210;108;108m▀▀▀[48;2;184;97;105m▀[48;2;148;58;78m▀[48;2;42;26;25m▀[48;2;1;1;0m[38;2;161;108;93m▀[38;2;225;192;125m▀[38;2;254;214;138m▀▀▀▀▀▀▀▀▀▀▀▀ [48;2;81;101;95m[38;2;1;2;1m▀[48;2;0;0;0m   [m
[48;2;0;0;0m    [38;2;157;157;156m▀[38;2;79;86;67m▀[38;2;1;1;0m▀▀▀▀▀▀▀▀▀▀▀▀▀▀▀▀▀[38;2;47;41;34m▀[38;2;119;140;103m▀ ▀[38;2;79;86;67m▀[38;2;1;1;0m▀▀[48;2;1;1;0m[38;2;1;2;1m▀[38;2;47;41;34m▀ [48;2;156;76;76m[38;2;1;1;0m▀[48;2;255;139;140m[38;2;47;41;34m▀[38;2;210;108;108m▀         [38;2;184;97;105m▀[38;2;47;41;34m▀[48;2;166;84;86m[38;2;1;1;0m▀[48;2;1;1;0m  [38;2;1;2;1m▀[48;2;0;0;0m[38;2;1;1;0m▀▀▀▀▀▀▀[38;2;1;2;1m▀[38;2;81;101;95m▀[38;2;120;141;103m▀   [m
[48;2;0;0;0m                            [48;2;1;1;0m[38;2;0;0;0m▀ [48;2;1;2;1m[38;2;1;1;0m▀[48;2;210;108;108m[38;2;1;2;1m▀[48;2;255;139;140m[38;2;183;100;101m▀       [48;2;210;108;108m[38;2;255;139;140m▀[48;2;166;84;86m▀[48;2;96;45;45m▀[48;2;68;41;56m▀[48;2;148;58;78m▀[48;2;184;97;105m▀[48;2;255;139;140m  [38;2;210;108;108m▀[48;2;210;108;108m[38;2;1;1;0m▀[48;2;1;1;0m  [48;2;0;0;0m            [m
[48;2;0;0;0m                           [48;2;1;1;0m  [48;2;184;97;105m[38;2;1;1;0m▀[48;2;255;139;140m[38;2;210;108;108m▀ [48;2;210;108;108m[38;2;255;139;140m▀[48;2;47;41;34m▀[48;2;96;45;45m▀[48;2;254;139;139m▀[48;2;255;139;140m  [48;2;210;108;108m▀[48;2;1;1;0m[38;2;156;76;76m▀[48;2;1;2;1m [48;2;87;105;80m[38;2;1;1;0m▀[48;2;120;141;103m▀▀[48;2;87;105;80m▀[48;2;65;75;57m▀[48;2;1;1;0m[38;2;96;45;45m▀[48;2;148;58;78m[38;2;254;139;139m▀[48;2;210;108;108m[38;2;255;139;140m▀[48;2;96;45;45m▀[48;2;44;31;29m[38;2;148;58;78m▀[48;2;1;2;1m[38;2;1;1;0m▀[48;2;1;1;0m [48;2;0;0;0m           [m
[48;2;0;0;0m                         [48;2;1;1;0m[38;2;0;0;0m▀ [48;2;96;45;45m[38;2;1;1;0m▀[48;2;254;139;139m[38;2;148;58;78m▀[48;2;255;139;140m   [48;2;78;65;47m[38;2;105;78;72m▀[48;2;1;1;0m  [48;2;166;84;86m[38;2;184;97;105m▀[48;2;255;139;140m  [48;2;105;78;72m[38;2;166;84;86m▀[48;2;1;1;0m [48;2;95;96;82m[38;2;87;105;80m▀[48;2;120;141;103m     [48;2;1;2;1m[38;2;1;1;0m▀[48;2;1;1;0m[38;2;44;31;29m▀[48;2;105;78;72m[38;2;166;84;86m▀[48;2;1;1;0m  [48;2;42;26;25m[38;2;1;1;0m▀[48;2;1;1;0m[38;2;1;2;1m▀[48;2;42;26;25m[38;2;1;1;0m▀[48;2;0;0;0m          [m
[48;2;0;0;0m                        [48;2;1;1;0m[38;2;0;0;0m▀ [48;2;166;84;86m[38;2;1;2;1m▀[48;2;255;139;140m[38;2;210;108;108m▀    [48;2;254;139;139m[38;2;166;84;86m▀[48;2;166;84;86m[38;2;1;1;0m▀[48;2;184;97;105m▀[48;2;255;139;140m[38;2;210;108;108m▀  [48;2;105;78;72m[38;2;78;65;47m▀[48;2;1;1;0m [48;2;118;140;103m[38;2;87;105;80m▀[48;2;120;141;103m     [48;2;86;102;81m[38;2;79;86;67m▀[48;2;1;1;0m [48;2;210;108;108m[38;2;105;78;72m▀[48;2;163;102;91m[38;2;1;1;0m▀[48;2;184;97;105m▀[48;2;255;139;140m[38;2;166;84;86m▀[48;2;42;26;25m[38;2;1;1;0m▀[48;2;1;1;0m [48;2;0;0;0m          [m
[48;2;0;0;0m                       [48;2;1;1;0m  [48;2;210;108;108m[38;2;96;45;45m▀[48;2;255;139;140m            [48;2;68;41;56m▀[48;2;1;1;0m [48;2;118;140;103m[38;2;120;141;103m▀[48;2;120;141;103m     [48;2;78;65;47m[38;2;79;86;67m▀[48;2;1;1;0m [48;2;210;108;108m [48;2;255;139;140m   [48;2;184;97;105m[38;2;148;58;78m▀[48;2;1;1;0m  [48;2;0;0;0m         [m
[48;2;0;0;0m                      [48;2;1;1;0m [48;2;1;2;1m[38;2;1;1;0m▀[48;2;210;108;108m[38;2;148;58;78m▀[48;2;255;139;140m             [48;2;166;84;86m[38;2;105;78;72m▀[48;2;1;1;0m [48;2;87;105;80m[38;2;118;140;103m▀[48;2;120;141;103m     [48;2;42;26;25m[38;2;47;41;32m▀[48;2;1;2;1m[38;2;1;1;0m▀[48;2;255;139;140m[38;2;254;139;139m▀   ▀[48;2;105;78;72m[38;2;1;2;1m▀[48;2;1;1;0m [38;2;0;0;0m▀[48;2;0;0;0m        [m
[48;2;0;0;0m                     [48;2;1;1;0m  [48;2;210;108;108m[38;2;148;58;78m▀[48;2;255;139;140m              [48;2;209;104;104m[38;2;184;97;105m▀[48;2;1;1;0m [48;2;79;86;67m[38;2;87;105;80m▀[48;2;120;141;103m    [48;2;87;105;80m[38;2;118;140;103m▀[48;2;1;1;0m [48;2;166;84;86m[38;2;96;45;45m▀[48;2;255;139;140m     [48;2;209;104;104m[38;2;184;97;105m▀[48;2;1;1;0m [38;2;42;26;25m▀[48;2;0;0;0m        [m
[48;2;0;0;0m                    [48;2;1;1;0m  [48;2;105;78;72m[38;2;47;41;34m▀[48;2;255;139;140m           [38;2;254;139;139m▀   ▀[48;2;105;78;72m[38;2;1;2;1m▀[48;2;1;1;0m▀[48;2;87;105;80m[38;2;118;140;103m▀[48;2;120;141;103m   [48;2;1;2;1m[38;2;82;86;69m▀[48;2;1;1;0m [48;2;254;139;139m[38;2;210;108;108m▀[48;2;255;139;140m     [38;2;254;139;139m▀[48;2;1;1;0m  [48;2;0;0;0m        [m
[48;2;0;0;0m                   [48;2;1;1;0m[38;2;0;0;0m▀  [48;2;166;84;86m[38;2;184;97;105m▀[48;2;255;139;140m                [38;2;210;108;108m▀[48;2;148;58;78m[38;2;1;1;0m▀[48;2;1;1;0m[38;2;47;41;34m▀[48;2;87;105;80m[38;2;120;141;103m▀[48;2;120;141;103m [48;2;65;75;57m[38;2;87;105;80m▀[48;2;1;1;0m [48;2;210;108;108m[38;2;96;45;45m▀[48;2;255;139;140m      [48;2;254;139;139m[38;2;255;139;140m▀[48;2;1;1;0m  [48;2;0;0;0m        [m
[48;2;0;0;0m                  [48;2;1;1;0m[38;2;0;0;0m▀ [48;2;96;45;45m[38;2;1;1;0m▀[48;2;1;1;0m [48;2;47;41;34m[38;2;148;58;78m▀[48;2;255;139;140m                 [38;2;210;108;108m▀[48;2;183;100;101m[38;2;1;2;1m▀[48;2;1;1;0m▀[38;2;87;105;80m▀ [48;2;184;97;105m[38;2;96;45;45m▀[48;2;255;139;140m       [48;2;184;97;105m[38;2;210;108;108m▀[48;2;1;1;0m [48;2;42;26;25m[38;2;1;1;0m▀[48;2;0;0;0m        [m
[48;2;0;0;0m                 [48;2;1;1;0m[38;2;0;0;0m▀ [48;2;47;41;34m[38;2;1;1;0m▀[48;2;254;139;139m[38;2;210;108;108m▀[48;2;210;108;108m[38;2;96;45;45m▀[48;2;1;1;0m [48;2;96;45;45m[38;2;210;108;108m▀[48;2;255;139;140m         [38;2;254;139;139m▀        [48;2;254;139;139m[38;2;148;58;78m▀[48;2;42;26;25m[38;2;1;1;0m▀[48;2;166;84;86m[38;2;42;26;25m▀[48;2;255;139;140m[38;2;254;139;139m▀       [48;2;44;31;29m[38;2;148;58;78m▀[48;2;1;1;0m [48;2;0;0;0m[38;2;1;1;0m▀        [m
[48;2;0;0;0m                [48;2;1;1;0m[38;2;0;0;0m▀ [48;2;96;45;45m[38;2;1;1;0m▀[48;2;255;139;140m[38;2;210;108;108m▀  [48;2;210;108;108m[38;2;96;45;45m▀[48;2;1;1;0m [48;2;1;2;1m[38;2;183;100;101m▀[48;2;210;108;108m[38;2;255;139;140m▀[48;2;255;139;140m                 [38;2;210;108;108m▀[38;2;254;139;139m▀       [48;2;184;97;105m[38;2;210;108;108m▀[48;2;1;1;0m  [48;2;0;0;0m         [m
[48;2;0;0;0m              [48;2;1;1;0m[38;2;0;0;0m▀ [48;2;47;41;34m[38;2;1;1;0m▀[48;2;210;108;108m[38;2;47;41;34m▀[48;2;255;139;140m[38;2;210;108;108m▀    [38;2;183;100;101m▀[48;2;166;84;86m[38;2;1;1;0m▀[48;2;1;1;0m[38;2;1;2;1m▀[38;2;210;108;108m▀[48;2;166;84;86m[38;2;255;139;140m▀[48;2;255;139;140m                        [48;2;68;41;56m[38;2;166;84;86m▀[48;2;1;1;0m [48;2;0;0;0m[38;2;1;1;0m▀         [m
[48;2;0;0;0m          [48;2;1;1;0m[38;2;0;0;0m▀▀  [48;2;148;58;78m[38;2;1;1;0m▀[48;2;254;139;139m[38;2;96;45;45m▀[48;2;255;139;140m[38;2;210;108;108m▀        [38;2;183;100;101m▀[48;2;254;139;139m[38;2;1;2;1m▀[48;2;148;58;78m[38;2;1;1;0m▀[48;2;1;1;0m[38;2;96;45;45m▀[38;2;184;97;105m▀[48;2;42;26;25m[38;2;255;139;140m▀[48;2;166;84;86m▀[48;2;184;97;105m▀[48;2;210;108;108m▀[48;2;255;139;140m                  [48;2;42;26;25m[38;2;44;31;29m▀[38;2;1;2;1m▀[48;2;0;0;0m          [m
[48;2;0;0;0m       [48;2;1;1;0m[38;2;0;0;0m▀▀ [48;2;47;41;34m[38;2;1;1;0m▀[48;2;184;97;105m▀[48;2;255;139;140m[38;2;96;45;45m▀[38;2;210;108;108m▀              ▀[38;2;105;78;72m▀[48;2;254;139;139m[38;2;1;2;1m▀[48;2;184;97;105m[38;2;1;1;0m▀[48;2;166;84;86m▀[48;2;148;58;78m▀[48;2;210;108;108m[38;2;166;84;86m▀[48;2;255;139;140m           [48;2;254;139;139m[38;2;255;139;140m▀[48;2;255;139;140m     [48;2;166;84;86m[38;2;68;41;56m▀[48;2;1;1;0m [38;2;0;0;0m▀[48;2;0;0;0m         [m
[48;2;0;0;0m      [48;2;1;1;0m  [48;2;183;100;101m[38;2;1;1;0m▀[48;2;255;139;140m[38;2;156;76;76m▀[38;2;254;139;139m▀                                         [38;2;210;108;108m▀[48;2;1;2;1m[38;2;1;1;0m▀[48;2;1;1;0m [48;2;0;0;0m         [m
[48;2;0;0;0m     [48;2;1;1;0m [48;2;96;45;45m[38;2;1;1;0m▀[48;2;255;139;140m[38;2;156;76;76m▀                                             [48;2;210;108;108m[38;2;148;58;78m▀[48;2;1;1;0m  [48;2;0;0;0m        [m
[48;2;0;0;0m    [48;2;1;1;0m  [48;2;210;108;108m[38;2;184;97;105m▀[48;2;255;139;140m                                               [48;2;166;84;86m[38;2;42;26;25m▀[48;2;1;1;0m [38;2;0;0;0m▀[48;2;0;0;0m       [m
[48;2;0;0;0m    [48;2;1;1;0m  [38;2;44;31;29m▀[38;2;68;41;56m▀▀▀[38;2;47;41;32m▀[38;2;68;41;56m▀[38;2;47;41;32m▀▀[38;2;68;41;56m▀[38;2;47;41;32m▀▀[38;2;68;41;56m▀[38;2;47;41;32m▀▀[38;2;68;41;56m▀[38;2;47;41;32m▀▀▀[38;2;68;41;56m▀[38;2;47;41;32m▀▀▀▀[38;2;68;41;56m▀[38;2;47;41;32m▀▀▀▀[38;2;68;41;56m▀[38;2;47;41;32m▀▀▀▀[38;2;68;41;56m▀[38;2;47;41;32m▀▀▀▀▀▀▀▀▀▀▀▀[38;2;68;41;56m▀[38;2;47;41;32m▀[38;2;44;31;29m▀ [38;2;1;2;1m▀[48;2;0;0;0m       [m
