[48;2;0;0;0m                                   [m
[48;2;0;0;0m                                   [m
[48;2;0;0;0m    [48;2;233;33;99m[38;2;0;0;0m▀▀▀[48;2;0;0;0m  [48;2;233;33;99m▀▀▀[48;2;0;0;0m  [48;2;231;230;231m▀▀[48;2;123;132;114m[38;2;231;230;231m▀▀▀▀[48;2;231;230;231m [38;2;0;0;0m▀▀▀[48;2;0;0;0m           [m
[48;2;0;0;0m   [48;2;233;33;99m          [48;2;33;56;8m[38;2;231;230;231m▀ [48;2;54;70;13m[38;2;33;56;8m▀▀[48;2;254;140;254m▀▀▀[48;2;54;70;13m▀▀[48;2;33;56;8m [38;2;123;132;114m▀[38;2;231;230;231m▀[48;2;231;230;231m[38;2;0;0;0m▀[48;2;0;0;0m         [m
[48;2;0;0;0m   [48;2;233;33;99m          [48;2;54;70;13m[38;2;33;56;8m▀[48;2;254;140;254m       [48;2;33;56;8m[38;2;254;140;254m▀[48;2;54;70;13m▀[48;2;254;140;254m [38;2;33;56;8m▀[48;2;33;56;8m [38;2;123;132;114m▀[48;2;231;230;231m [48;2;0;0;0m       [m
[48;2;0;0;0m   [38;2;216;41;98m▀[48;2;233;33;99m       [48;2;193;49;97m[38;2;233;33;99m▀[48;2;33;56;8m[38;2;56;57;21m▀  [48;2;123;132;114m[38;2;33;56;8m▀▀▀[48;2;33;56;8m [38;2;254;140;254m▀[48;2;254;140;254m [48;2;33;56;8m [48;2;54;70;13m[38;2;33;56;8m▀[48;2;254;140;254m   ▀[48;2;33;56;8m [48;2;123;132;114m[38;2;231;230;231m▀[48;2;231;230;231m[38;2;0;0;0m▀[48;2;0;0;0m     [m
[48;2;0;0;0m     [38;2;233;33;99m▀[48;2;233;33;99m   [48;2;232;34;99m▀[48;2;33;56;8m▀ [48;2;254;140;254m[38;2;54;70;13m▀[48;2;54;70;13m [38;2;33;56;8m▀[48;2;123;132;114m   [48;2;54;70;13m [48;2;33;56;8m[38;2;54;70;13m▀[48;2;254;140;254m       [48;2;54;70;13m [48;2;33;56;8m [48;2;123;132;114m[38;2;231;230;231m▀[48;2;231;230;231m[38;2;0;0;0m▀[48;2;0;0;0m    [m
[48;2;0;0;0m       [38;2;233;33;99m▀[48;2;231;230;231m▀[48;2;123;132;114m[38;2;231;230;231m▀[48;2;33;56;8m [48;2;254;140;254m[38;2;54;70;13m▀ [48;2;54;70;13m [38;2;33;56;8m▀[48;2;123;132;114m   [48;2;54;70;13m [48;2;33;56;8m[38;2;54;70;13m▀[48;2;254;140;254m        [48;2;54;70;13m [48;2;33;56;8m [48;2;231;230;231m [48;2;0;0;0m    [m
[48;2;0;0;0m        [48;2;231;230;231m [48;2;33;56;8m [48;2;54;70;13m[38;2;33;56;8m▀[48;2;254;140;254m  [38;2;54;70;13m▀[48;2;33;56;8m [48;2;54;70;13m[38;2;123;132;114m▀[48;2;123;132;114m  [48;2;33;56;8m[38;2;54;70;13m▀[48;2;254;140;254m▀        [48;2;54;70;13m[38;2;254;140;254m▀[48;2;33;56;8m [48;2;231;230;231m [48;2;0;0;0m    [m
[48;2;0;0;0m        [48;2;231;230;231m [48;2;33;56;8m [48;2;54;70;13m[38;2;33;56;8m▀[48;2;254;140;254m   [48;2;54;70;13m▀[48;2;33;56;8m [38;2;54;70;13m▀ [48;2;54;70;13m[38;2;33;56;8m▀[48;2;254;140;254m        [48;2;54;70;13m[38;2;254;140;254m▀[48;2;33;56;8m[38;2;54;70;13m▀ [48;2;123;132;114m[38;2;231;230;231m▀[48;2;0;0;0m    [m
[48;2;0;0;0m        [38;2;231;230;231m▀[48;2;231;230;231m[38;2;123;132;114m▀[48;2;33;56;8m [48;2;54;70;13m[38;2;254;140;254m▀[48;2;254;140;254m   [38;2;54;70;13m▀[38;2;33;56;8m▀▀      [48;2;54;70;13m[38;2;254;140;254m▀▀  [48;2;254;140;254m [48;2;54;70;13m[38;2;33;56;8m▀[48;2;33;56;8m [48;2;123;132;114m[38;2;231;230;231m▀[48;2;0;0;0m   [m
[48;2;0;0;0m         [48;2;123;132;114m[38;2;231;230;231m▀[48;2;33;56;8m [48;2;254;140;254m[38;2;33;56;8m▀        [48;2;54;70;13m[38;2;254;140;254m▀▀   [48;2;254;140;254m[38;2;54;70;13m▀▀▀  ▀[48;2;33;56;8m [38;2;231;230;231m▀[48;2;231;230;231m[38;2;0;0;0m▀[48;2;0;0;0m [m
[48;2;0;0;0m         [38;2;231;230;231m▀[38;2;33;56;8m▀▀▀▀▀▀▀▀▀▀▀▀▀▀▀▀▀▀▀▀▀▀▀[38;2;231;230;231m▀ [m
