[48;2;251;22;97m[38;2;247;23;97m▀[48;2;247;23;97m[38;2;0;0;0m▀▀[48;2;251;22;97m[38;2;247;23;97m▀ ▀[48;2;244;25;97m[38;2;0;0;0m▀[48;2;0;0;0m [48;2;231;231;231m▀▀[48;2;124;124;101m▀[48;2;231;231;231m▀▀[48;2;124;124;101m▀[48;2;231;231;231m▀▀▀[48;2;0;0;0m                  [m
[48;2;251;22;97m       [48;2;124;124;101m[38;2;0;0;0m▀[48;2;33;56;8m[38;2;231;231;231m▀[38;2;124;124;101m▀[38;2;57;84;19m▀[38;2;124;124;101m▀   ▀[38;2;231;231;231m▀[48;2;124;124;101m▀[48;2;231;231;231m[38;2;0;0;0m▀[48;2;0;0;0m                [m
[48;2;251;22;97m      [48;2;134;117;102m[38;2;251;22;97m▀[48;2;33;56;8m [48;2;57;84;19m[38;2;33;56;8m▀[48;2;33;56;8m[38;2;57;84;19m▀[38;2;254;140;140m▀▀▀[48;2;57;84;19m▀[48;2;254;140;140m [48;2;57;84;19m▀[48;2;33;56;8m[38;2;57;84;19m▀[48;2;57;84;19m[38;2;33;56;8m▀[48;2;33;56;8m [38;2;231;231;231m▀[48;2;231;231;231m[38;2;0;0;0m▀[48;2;0;0;0m              [m
[48;2;251;22;97m    [48;2;247;23;97m[38;2;251;22;97m▀[48;2;124;124;101m[38;2;224;67;110m▀[48;2;33;56;8m   [48;2;124;124;101m[38;2;33;56;8m▀  [38;2;57;84;19m▀[48;2;33;56;8m [48;2;254;140;140m [48;2;33;56;8m▀ [48;2;254;140;140m▀▀[48;2;57;84;19m[38;2;33;56;8m▀[48;2;33;56;8m [48;2;124;124;101m[38;2;231;231;231m▀[48;2;0;0;0m             [m
[48;2;0;0;0m[38;2;247;23;97m▀[48;2;239;28;98m[38;2;251;22;97m▀▀[48;2;0;0;0m[38;2;247;23;97m▀[48;2;124;124;101m[38;2;231;231;231m▀[48;2;33;56;8m [48;2;254;140;140m[38;2;33;56;8m▀ [48;2;33;56;8m [48;2;124;124;101m[38;2;59;86;23m▀   [48;2;33;56;8m [48;2;254;140;140m      [48;2;57;84;19m[38;2;33;56;8m▀[48;2;33;56;8m [48;2;57;84;19m[38;2;231;231;231m▀[48;2;0;0;0m            [m
[48;2;0;0;0m   [48;2;231;231;231m [48;2;33;56;8m [48;2;57;84;19m[38;2;33;56;8m▀[48;2;254;140;140m  [48;2;33;56;8m [48;2;57;84;19m[38;2;124;124;101m▀[48;2;124;124;101m   [48;2;33;56;8m [48;2;254;140;140m       [48;2;33;56;8m  [48;2;231;231;231m [48;2;0;0;0m           [m
[48;2;0;0;0m   [48;2;124;124;101m [48;2;33;56;8m [48;2;254;140;140m[38;2;57;84;19m▀  [48;2;57;84;19m[38;2;254;140;140m▀[48;2;33;56;8m [48;2;57;84;19m[38;2;124;124;101m▀[48;2;124;124;101m [48;2;33;56;8m[38;2;57;84;19m▀[48;2;57;84;19m [48;2;254;140;140m        [48;2;33;56;8m  [48;2;231;231;231m [48;2;0;0;0m          [m
[48;2;0;0;0m   [48;2;231;231;231m[38;2;124;124;101m▀[48;2;33;56;8m [48;2;57;84;19m [48;2;254;140;140m   [48;2;57;84;19m[38;2;33;56;8m▀[48;2;33;56;8m  [48;2;57;84;19m▀[48;2;254;140;140m[38;2;57;84;19m▀       [48;2;57;84;19m[38;2;254;140;140m▀ [48;2;33;56;8m  [48;2;231;231;231m[38;2;0;0;0m▀[48;2;0;0;0m         [m
[48;2;0;0;0m   [38;2;231;231;231m▀[48;2;124;124;101m[38;2;33;56;8m▀[48;2;33;56;8m [48;2;254;140;140m    [38;2;57;84;19m▀▀         [48;2;57;84;19m [48;2;254;140;140m  [48;2;57;84;19m[38;2;33;56;8m▀[48;2;33;56;8m [38;2;231;231;231m▀[48;2;231;231;231m[38;2;0;0;0m▀[48;2;0;0;0m       [m
[48;2;0;0;0m    [48;2;231;231;231m [48;2;33;56;8m [48;2;254;140;140m[38;2;57;84;19m▀         [48;2;57;84;19m[38;2;254;140;140m▀▀  [48;2;254;140;140m[38;2;57;84;19m▀▀    [48;2;57;84;19m[38;2;33;56;8m▀[48;2;33;56;8m [38;2;231;231;231m▀[48;2;124;124;101m▀[48;2;231;231;231m[38;2;0;0;0m▀[48;2;0;0;0m    [m
[48;2;0;0;0m    [48;2;231;231;231m [48;2;33;56;8m [48;2;254;140;140m[38;2;57;84;19m▀                     [48;2;57;84;19m [48;2;33;56;8m [38;2;124;124;101m▀[48;2;231;231;231m[38;2;0;0;0m▀[48;2;0;0;0m   [m
[48;2;0;0;0m    [48;2;33;56;8m[38;2;124;124;101m▀ [48;2;254;140;140m[38;2;57;84;19m▀                       [48;2;57;84;19m[38;2;33;56;8m▀[48;2;33;56;8m [48;2;124;124;101m[38;2;231;231;231m▀[48;2;231;231;231m[38;2;0;0;0m▀[48;2;0;0;0m [m
[48;2;0;0;0m    [38;2;33;56;8m▀▀▀▀▀▀▀▀▀▀▀▀▀▀▀▀▀▀▀▀▀▀▀▀▀▀▀▀[38;2;124;124;101m▀[38;2;231;231;231m▀ [m
