[48;2;0;0;0m [48;2;226;37;100m          [48;2;0;0;0m [48;2;237;234;229m[38;2;0;0;0m▀[48;2;33;57;8m[38;2;123;137;109m▀      ▀[48;2;237;234;229m [38;2;0;0;0m▀[48;2;0;0;0m            [m
[48;2;0;0;0m [48;2;226;37;100m          [48;2;33;57;8m[38;2;123;137;109m▀ [48;2;254;214;140m[38;2;33;57;8m▀[38;2;57;88;10m▀ ▀  ▀[38;2;33;57;8m▀[48;2;57;88;10m▀[48;2;33;57;8m [48;2;123;137;109m[38;2;237;234;229m▀[48;2;237;234;229m[38;2;0;0;0m▀[48;2;0;0;0m          [m
[48;2;0;0;0m [38;2;214;43;99m▀[48;2;226;37;100m        [48;2;33;57;8m[38;2;59;85;21m▀  [38;2;57;88;10m▀[48;2;57;88;10m[38;2;33;57;8m▀[48;2;123;137;109m▀▀[48;2;57;88;10m▀[48;2;33;57;8m[38;2;57;88;10m▀[48;2;57;88;10m[38;2;254;214;140m▀[48;2;33;57;8m [48;2;57;88;10m [48;2;254;214;140m[38;2;57;88;10m▀[48;2;57;88;10m[38;2;33;57;8m▀[48;2;33;57;8m[38;2;57;88;10m▀[48;2;123;137;109m[38;2;237;234;229m▀[48;2;0;0;0m         [m
[48;2;0;0;0m   [38;2;226;37;100m▀[48;2;226;37;100m    [48;2;123;137;109m▀[48;2;33;57;8m [48;2;57;88;10m[38;2;33;57;8m▀[48;2;254;214;140m▀▀[48;2;33;57;8m [48;2;123;137;109m    [48;2;33;57;8m [48;2;254;214;140m ▀[38;2;57;88;10m▀  [48;2;33;57;8m  [48;2;237;234;229m [48;2;0;0;0m        [m
[48;2;0;0;0m     [38;2;226;37;100m▀▀[48;2;237;234;229m [48;2;33;57;8m [48;2;254;214;140m[38;2;33;57;8m▀   [48;2;33;57;8m [48;2;123;137;109m [48;2;57;88;10m[38;2;123;137;109m▀[48;2;123;137;109m  [48;2;33;57;8m [48;2;254;214;140m      [48;2;33;57;8m ▀[48;2;237;234;229m[38;2;0;0;0m▀[48;2;0;0;0m       [m
[48;2;0;0;0m       [48;2;123;137;109m [48;2;33;57;8m [48;2;254;214;140m[38;2;57;88;10m▀   [48;2;57;88;10m[38;2;33;57;8m▀[48;2;33;57;8m[38;2;123;137;109m▀[48;2;123;137;109m  [48;2;33;57;8m[38;2;57;88;10m▀[48;2;57;88;10m[38;2;33;57;8m▀[48;2;254;214;140m      [48;2;57;88;10m [48;2;33;57;8m [48;2;123;137;109m[38;2;237;234;229m▀[48;2;0;0;0m       [m
[48;2;0;0;0m       [48;2;123;137;109m [48;2;33;57;8m [48;2;254;214;140m[38;2;57;88;10m▀   ▀[48;2;33;57;8m ▀▀ [48;2;254;214;140m▀      [48;2;57;88;10m[38;2;254;214;140m▀[48;2;33;57;8m [48;2;123;137;109m [48;2;0;0;0m       [m
[48;2;0;0;0m       [48;2;237;234;229m [48;2;33;57;8m [48;2;254;214;140m[38;2;57;88;10m▀     [48;2;57;88;10m[38;2;33;57;8m▀[48;2;254;214;140m▀[38;2;57;88;10m▀       [48;2;33;57;8m[38;2;254;214;140m▀ [48;2;123;137;109m [48;2;0;0;0m       [m
[48;2;0;0;0m      [48;2;237;234;229m[38;2;0;0;0m▀[48;2;33;57;8m[38;2;123;137;109m▀ [48;2;254;214;140m[38;2;57;88;10m▀             [48;2;57;88;10m[38;2;254;214;140m▀▀ [48;2;33;57;8m  [48;2;237;234;229m [48;2;0;0;0m      [m
[48;2;0;0;0m     [48;2;237;234;229m[38;2;0;0;0m▀[48;2;33;57;8m[38;2;123;137;109m▀ [48;2;254;214;140m[38;2;57;88;10m▀           ▀▀▀▀  ▀[48;2;57;88;10m[38;2;33;57;8m▀[48;2;33;57;8m [38;2;123;137;109m▀[48;2;237;234;229m[38;2;0;0;0m▀[48;2;0;0;0m    [m
[48;2;0;0;0m    [48;2;237;234;229m[38;2;0;0;0m▀[48;2;33;57;8m[38;2;123;137;109m▀ [48;2;254;214;140m[38;2;57;88;10m▀                     [48;2;57;88;10m[38;2;33;57;8m▀[48;2;33;57;8m [38;2;123;137;109m▀[48;2;237;234;229m[38;2;0;0;0m▀[48;2;0;0;0m  [m
[48;2;0;0;0m    [48;2;123;137;109m[38;2;237;234;229m▀[48;2;33;57;8m [48;2;254;214;140m[38;2;57;88;10m▀                       [48;2;57;88;10m [48;2;33;57;8m [48;2;57;88;10m[38;2;123;137;109m▀[48;2;123;137;109m[38;2;237;234;229m▀[48;2;0;0;0m [m
[48;2;0;0;0m    [38;2;123;137;109m▀[38;2;33;57;8m▀▀▀▀▀▀▀▀▀▀▀▀▀▀▀▀▀▀▀▀▀▀▀▀▀▀▀▀[38;2;237;234;229m▀ [m
