[48;2;0;0;0m                                   [m
[48;2;248;22;96m[38;2;0;0;0m▀[48;2;246;22;96m▀[48;2;0;0;0m  [48;2;246;22;96m▀[48;2;248;22;96m▀[48;2;247;22;96m▀[48;2;0;0;0m                            [m
[48;2;248;22;96m  [38;2;246;22;96m▀[38;2;247;22;96m▀   [38;2;241;23;95m▀[48;2;0;0;0m    [48;2;224;224;224m[38;2;0;0;0m▀▀▀▀▀▀[48;2;0;0;0m                 [m
[48;2;248;22;96m        [48;2;0;0;0m [48;2;224;224;224m[38;2;0;0;0m▀[48;2;33;57;8m[38;2;224;224;224m▀▀[38;2;57;89;8m▀ [48;2;57;89;8m[38;2;33;57;8m▀▀[48;2;33;57;8m [38;2;123;138;108m▀[38;2;224;224;224m▀▀[48;2;224;224;224m[38;2;0;0;0m▀▀[48;2;0;0;0m             [m
[48;2;248;22;96m      [48;2;243;23;96m[38;2;248;22;96m▀[48;2;0;0;0m[38;2;215;33;89m▀[48;2;123;138;108m[38;2;224;224;224m▀[48;2;33;57;8m [48;2;254;107;247m[38;2;33;57;8m▀[38;2;57;89;8m▀      ▀[38;2;33;57;8m▀[48;2;33;57;8m [38;2;123;138;108m▀[48;2;123;138;108m[38;2;224;224;224m▀[48;2;224;224;224m[38;2;0;0;0m▀[48;2;0;0;0m           [m
[48;2;0;0;0m[38;2;247;22;96m▀[48;2;246;22;96m[38;2;248;22;96m▀[48;2;248;22;96m  [48;2;246;22;96m▀[48;2;0;0;0m[38;2;247;22;96m▀ [48;2;224;224;224m [48;2;33;57;8m   [48;2;123;138;108m[38;2;33;57;8m▀▀▀[48;2;33;57;8m [48;2;57;89;8m[38;2;254;107;247m▀▀[48;2;33;57;8m [48;2;57;89;8m [48;2;254;107;247m  [38;2;57;89;8m▀[48;2;33;57;8m [38;2;224;224;224m▀[48;2;224;224;224m[38;2;0;0;0m▀[48;2;0;0;0m          [m
[48;2;0;0;0m  [38;2;239;24;95m▀▀  [48;2;224;224;224m[38;2;0;0;0m▀[48;2;33;57;8m[38;2;123;138;108m▀  [48;2;57;89;8m [48;2;123;138;108m   [48;2;33;57;8m [48;2;57;89;8m [48;2;254;107;247m [38;2;33;57;8m▀[38;2;57;89;8m▀   ▀[48;2;33;57;8m [38;2;123;138;108m▀[48;2;224;224;224m[38;2;0;0;0m▀[48;2;0;0;0m         [m
[48;2;0;0;0m     [48;2;224;224;224m[38;2;0;0;0m▀[48;2;123;138;108m[38;2;224;224;224m▀[48;2;33;57;8m [48;2;254;107;247m[38;2;33;57;8m▀[48;2;33;57;8m[38;2;57;89;8m▀[48;2;57;89;8m [48;2;123;138;108m   [48;2;33;57;8m▀[48;2;57;89;8m [48;2;254;107;247m        [48;2;57;89;8m[38;2;33;57;8m▀[48;2;33;57;8m[38;2;57;89;8m▀[48;2;123;138;108m[38;2;224;224;224m▀[48;2;0;0;0m        [m
[48;2;0;0;0m     [48;2;224;224;224m [48;2;33;57;8m[38;2;57;89;8m▀[48;2;57;89;8m[38;2;33;57;8m▀[48;2;254;107;247m [38;2;57;89;8m▀[48;2;33;57;8m▀[48;2;123;138;108m  [48;2;57;89;8m[38;2;123;138;108m▀[48;2;33;57;8m [48;2;254;107;247m          [48;2;33;57;8m  [48;2;123;138;108m[38;2;224;224;224m▀[48;2;0;0;0m       [m
[48;2;0;0;0m     [48;2;224;224;224m [48;2;33;57;8m  [48;2;254;107;247m  [48;2;33;57;8m  [38;2;57;89;8m▀ [48;2;254;107;247m[38;2;33;57;8m▀         [48;2;57;89;8m [48;2;254;107;247m [48;2;57;89;8m▀[48;2;33;57;8m [48;2;57;89;8m[38;2;224;224;224m▀[48;2;224;224;224m[38;2;0;0;0m▀[48;2;0;0;0m     [m
[48;2;0;0;0m     [38;2;224;224;224m▀[48;2;224;224;224m[38;2;123;138;108m▀[48;2;33;57;8m [48;2;57;89;8m[38;2;254;107;247m▀[48;2;254;107;247m  [38;2;33;57;8m▀▀▀      [48;2;57;89;8m[38;2;254;107;247m▀▀▀ [48;2;254;107;247m[38;2;57;89;8m▀  ▀[48;2;33;57;8m [38;2;123;138;108m▀[48;2;224;224;224m[38;2;0;0;0m▀[48;2;0;0;0m    [m
[48;2;0;0;0m      [48;2;224;224;224m [48;2;33;57;8m [48;2;57;89;8m[38;2;33;57;8m▀[48;2;254;107;247m       [48;2;57;89;8m[38;2;254;107;247m▀  [48;2;254;107;247m[38;2;57;89;8m▀▀▀▀▀     [38;2;33;57;8m▀[48;2;33;57;8m [38;2;123;138;108m▀[48;2;123;138;108m[38;2;224;224;224m▀[48;2;224;224;224m[38;2;0;0;0m▀[48;2;0;0;0m [m
[48;2;0;0;0m      [38;2;224;224;224m▀[38;2;33;57;8m▀▀▀▀▀▀▀▀▀▀▀▀▀▀▀▀▀▀▀▀▀▀▀▀▀▀[38;2;224;224;224m▀ [m
