[48;2;0;0;0m         [48;2;241;25;96m[38;2;0;0;0m▀[48;2;251;22;98m[38;2;246;23;97m▀ ▀[48;2;246;23;97m[38;2;0;0;0m▀▀[48;2;251;22;98m[38;2;246;23;97m▀ ▀[48;2;241;25;96m[38;2;0;0;0m▀[48;2;0;0;0m  [48;2;226;231;231m▀▀▀▀▀▀[48;2;0;0;0m        [m
[48;2;0;0;0m         [48;2;251;22;98m          [48;2;226;231;231m[38;2;0;0;0m▀[48;2;33;57;8m[38;2;226;231;231m▀▀[38;2;57;89;9m▀▀[38;2;124;137;111m▀▀▀[38;2;226;231;231m▀[48;2;226;231;231m[38;2;0;0;0m▀▀[48;2;0;0;0m     [m
[48;2;0;0;0m         [48;2;213;35;90m[38;2;250;22;97m▀[48;2;251;22;98m        [48;2;66;84;21m[38;2;249;23;97m▀[48;2;57;89;9m[38;2;33;57;8m▀[48;2;140;255;255m▀▀    [38;2;57;89;9m▀[38;2;33;57;8m▀[48;2;33;57;8m [38;2;124;137;111m▀[48;2;124;137;111m[38;2;226;231;231m▀[48;2;226;231;231m[38;2;0;0;0m▀[48;2;0;0;0m   [m
[48;2;0;0;0m          [38;2;241;25;96m▀[48;2;246;23;97m[38;2;251;22;98m▀[48;2;251;22;98m    [48;2;234;28;96m▀[48;2;33;57;8m[38;2;194;42;81m▀  [38;2;57;89;9m▀[48;2;57;89;9m[38;2;33;57;8m▀▀[48;2;124;137;111m▀[48;2;33;57;8m [48;2;57;89;9m[38;2;140;255;255m▀▀[48;2;33;57;8m  [48;2;140;255;255m[38;2;57;89;9m▀[48;2;33;57;8m [38;2;124;137;111m▀[48;2;226;231;231m [48;2;0;0;0m  [m
[48;2;0;0;0m            [38;2;246;23;97m▀[48;2;241;25;96m[38;2;251;22;98m▀[48;2;236;31;99m▀[48;2;33;57;8m[38;2;243;27;98m▀ [48;2;140;255;255m[38;2;57;89;9m▀[38;2;33;57;8m▀[48;2;57;89;9m▀▀[48;2;124;137;111m   [48;2;57;89;9m [48;2;33;57;8m [48;2;140;255;255m [38;2;57;89;9m▀▀  [48;2;33;57;8m [38;2;124;137;111m▀[48;2;226;231;231m[38;2;0;0;0m▀[48;2;0;0;0m [m
[48;2;0;0;0m             [48;2;226;231;231m[38;2;0;0;0m▀[48;2;124;137;111m[38;2;226;231;231m▀[48;2;33;57;8m [48;2;140;255;255m[38;2;57;89;9m▀  [48;2;57;89;9m [48;2;33;57;8m [48;2;124;137;111m   [48;2;57;89;9m [48;2;33;57;8m▀[48;2;140;255;255m     [48;2;57;89;9m [48;2;33;57;8m [48;2;226;231;231m [38;2;0;0;0m▀[m
[48;2;0;0;0m             [48;2;226;231;231m [48;2;33;57;8m [48;2;140;255;255m[38;2;33;57;8m▀   [38;2;57;89;9m▀[48;2;33;57;8m [48;2;124;137;111m   [48;2;33;57;8m▀[48;2;140;255;255m▀     [48;2;57;89;9m[38;2;140;255;255m▀[48;2;33;57;8m [48;2;124;137;111m [48;2;226;231;231m [m
[48;2;0;0;0m             [48;2;226;231;231m [48;2;33;57;8m [48;2;57;89;9m [48;2;140;255;255m    [48;2;33;57;8m  [38;2;124;137;111m▀[38;2;57;89;9m▀ [48;2;140;255;255m      [48;2;57;89;9m[38;2;140;255;255m▀[48;2;33;57;8m [48;2;226;231;231m[38;2;124;137;111m▀ [m
[48;2;0;0;0m           [48;2;226;231;231m[38;2;0;0;0m▀[48;2;57;89;9m▀[48;2;33;57;8m[38;2;226;231;231m▀ [48;2;140;255;255m[38;2;57;89;9m▀     [38;2;33;57;8m▀[48;2;33;57;8m [48;2;57;89;9m▀[48;2;140;255;255m       [48;2;33;57;8m[38;2;57;89;9m▀ [48;2;226;231;231m [48;2;0;0;0m [m
[48;2;0;0;0m       [48;2;226;231;231m[38;2;0;0;0m▀[48;2;124;137;111m▀[48;2;33;57;8m[38;2;226;231;231m▀[38;2;124;137;111m▀ [48;2;140;255;255m[38;2;33;57;8m▀▀                [48;2;57;89;9m[38;2;140;255;255m▀[48;2;33;57;8m [48;2;124;137;111m[38;2;33;57;8m▀[48;2;0;0;0m[38;2;226;231;231m▀ [m
[48;2;0;0;0m     [48;2;226;231;231m[38;2;0;0;0m▀[48;2;33;57;8m[38;2;226;231;231m▀[38;2;124;137;111m▀ [48;2;140;255;255m[38;2;33;57;8m▀[38;2;57;89;9m▀             [48;2;57;89;9m[38;2;140;255;255m▀▀    [48;2;140;255;255m[38;2;57;89;9m▀[48;2;33;57;8m [48;2;226;231;231m[38;2;124;137;111m▀[48;2;0;0;0m  [m
[48;2;0;0;0m   [48;2;124;137;111m[38;2;0;0;0m▀[48;2;33;57;8m[38;2;226;231;231m▀ [48;2;140;255;255m[38;2;33;57;8m▀▀                [38;2;57;89;9m▀▀▀    [48;2;33;57;8m [48;2;124;137;111m [48;2;0;0;0m  [m
[48;2;0;0;0m   [38;2;124;137;111m▀[38;2;33;57;8m▀▀▀▀▀▀▀▀▀▀▀▀▀▀▀▀▀▀▀▀▀▀▀▀▀▀▀▀[38;2;124;137;111m▀  [m
