[48;2;0;0;0m          [48;2;247;22;96m[38;2;0;0;0m▀[48;2;251;22;98m▀[48;2;246;22;96m▀[48;2;0;0;0m  [48;2;246;22;96m▀[48;2;251;22;98m▀[48;2;247;22;96m▀[48;2;0;0;0m                 [m
[48;2;0;0;0m         [48;2;251;22;98m[38;2;243;22;95m▀   [38;2;246;22;96m▀[38;2;247;22;96m▀   [38;2;240;24;95m▀[48;2;0;0;0m [48;2;231;231;231m[38;2;0;0;0m▀[48;2;123;138;108m[38;2;231;231;231m▀[48;2;33;57;8m▀▀[38;2;123;138;108m▀[38;2;231;231;231m▀▀[48;2;56;88;9m▀[48;2;231;231;231m[38;2;0;0;0m▀[48;2;0;0;0m      [m
[48;2;0;0;0m         [48;2;250;22;97m[38;2;251;22;98m▀[48;2;251;22;98m         [48;2;33;57;8m[38;2;123;138;108m▀ [48;2;140;181;254m[38;2;33;57;8m▀▀[38;2;56;88;9m▀▀▀▀[38;2;33;57;8m▀[48;2;33;57;8m [38;2;123;138;108m▀[48;2;56;88;9m[38;2;231;231;231m▀[48;2;231;231;231m[38;2;0;0;0m▀[48;2;0;0;0m   [m
[48;2;0;0;0m         [38;2;216;33;89m▀[48;2;243;22;95m[38;2;251;22;98m▀[48;2;251;22;98m      [48;2;192;41;81m▀[48;2;33;57;8m[38;2;65;84;23m▀ [48;2;56;88;9m[38;2;140;181;254m▀[48;2;33;57;8m▀▀▀▀▀[48;2;140;181;254m [48;2;56;88;9m▀[48;2;33;57;8m▀[48;2;140;181;254m [48;2;33;57;8m [38;2;123;138;108m▀[48;2;123;138;108m[38;2;231;231;231m▀[48;2;0;0;0m  [m
[48;2;0;0;0m           [38;2;247;22;96m▀[48;2;246;22;96m[38;2;251;22;98m▀[48;2;251;22;98m  [48;2;243;27;98m▀[48;2;33;57;8m[38;2;240;29;98m▀ [48;2;56;88;9m[38;2;33;57;8m▀[48;2;33;57;8m  [48;2;123;138;108m[38;2;56;88;9m▀   [48;2;33;57;8m [48;2;140;181;254m [48;2;56;88;9m [48;2;33;57;8m [48;2;140;181;254m▀ [48;2;56;88;9m[38;2;33;57;8m▀[48;2;33;57;8m [48;2;123;138;108m[38;2;231;231;231m▀[48;2;231;231;231m[38;2;0;0;0m▀[m
[48;2;0;0;0m             [38;2;240;24;95m▀[48;2;231;231;231m▀[48;2;33;57;8m[38;2;123;138;108m▀[48;2;56;88;9m[38;2;33;57;8m▀[48;2;140;181;254m[38;2;56;88;9m▀  [48;2;33;57;8m [48;2;123;138;108m▀   [48;2;33;57;8m [48;2;140;181;254m▀     [48;2;33;57;8m  [48;2;123;138;108m[38;2;231;231;231m▀[m
[48;2;0;0;0m             [48;2;231;231;231m[38;2;0;0;0m▀[48;2;56;88;9m[38;2;123;138;108m▀[48;2;33;57;8m [48;2;140;181;254m    [48;2;56;88;9m[38;2;33;57;8m▀ [48;2;123;138;108m   [48;2;33;57;8m [48;2;140;181;254m      [48;2;56;88;9m[38;2;140;181;254m▀[48;2;33;57;8m [38;2;56;88;9m▀[m
[48;2;0;0;0m             [38;2;231;231;231m▀[48;2;123;138;108m [48;2;33;57;8m [48;2;140;181;254m     [48;2;33;57;8m [38;2;123;138;108m▀[48;2;56;88;9m▀[48;2;33;57;8m[38;2;56;88;9m▀[48;2;56;88;9m[38;2;33;57;8m▀[48;2;140;181;254m      [48;2;56;88;9m[38;2;140;181;254m▀[48;2;33;57;8m [48;2;56;88;9m[38;2;33;57;8m▀[m
[48;2;0;0;0m             [48;2;123;138;108m[38;2;231;231;231m▀[48;2;33;57;8m[38;2;123;138;108m▀[48;2;56;88;9m[38;2;33;57;8m▀[48;2;140;181;254m     [38;2;56;88;9m▀[48;2;33;57;8m  [48;2;56;88;9m[38;2;33;57;8m▀[48;2;140;181;254m[38;2;56;88;9m▀      [48;2;33;57;8m[38;2;140;181;254m▀ [48;2;123;138;108m[38;2;33;57;8m▀[m
[48;2;0;0;0m         [48;2;231;231;231m[38;2;0;0;0m▀[48;2;33;57;8m▀[38;2;231;231;231m▀[38;2;123;138;108m▀[48;2;56;88;9m[38;2;33;57;8m▀[48;2;140;181;254m▀        [38;2;56;88;9m▀       [48;2;56;88;9m[38;2;140;181;254m▀[48;2;33;57;8m [48;2;56;88;9m[38;2;33;57;8m▀[48;2;231;231;231m [m
[48;2;0;0;0m      [48;2;231;231;231m[38;2;0;0;0m▀[48;2;56;88;9m[38;2;231;231;231m▀[48;2;33;57;8m[38;2;123;138;108m▀ [48;2;56;88;9m[38;2;33;57;8m▀[48;2;140;181;254m[38;2;56;88;9m▀▀             [48;2;56;88;9m[38;2;140;181;254m▀▀▀▀  [48;2;33;57;8m [38;2;56;88;9m▀[48;2;231;231;231m [m
[48;2;0;0;0m    [48;2;231;231;231m[38;2;0;0;0m▀[48;2;33;57;8m[38;2;231;231;231m▀ [48;2;56;88;9m[38;2;33;57;8m▀[48;2;140;181;254m▀               [48;2;56;88;9m[38;2;140;181;254m▀ [48;2;140;181;254m[38;2;56;88;9m▀▀▀▀▀ [48;2;33;57;8m  [48;2;231;231;231m [m
[48;2;0;0;0m    [38;2;123;138;108m▀[38;2;33;57;8m▀▀▀▀▀▀▀▀▀▀▀▀▀▀▀▀▀▀▀▀▀▀▀▀▀▀▀▀▀[38;2;231;231;231m▀[m
