[48;2;0;0;0m         [48;2;231;231;231m[38;2;0;0;0m▀▀[48;2;122;139;108m▀[48;2;33;57;8m▀▀[48;2;54;86;8m▀[48;2;33;57;8m▀▀[48;2;122;139;108m▀[48;2;231;231;231m▀[48;2;0;0;0m                [m
[48;2;0;0;0m       [48;2;231;231;231m[38;2;0;0;0m▀[48;2;33;57;8m[38;2;231;231;231m▀[38;2;122;139;108m▀ [48;2;140;254;140m[38;2;33;57;8m▀[38;2;54;86;8m▀   [38;2;33;57;8m▀▀[48;2;33;57;8m[38;2;54;86;8m▀[48;2;54;86;8m[38;2;231;231;231m▀[48;2;231;231;231m[38;2;0;0;0m▀[48;2;0;0;0m              [m
[48;2;0;0;0m     [48;2;231;231;231m[38;2;0;0;0m▀[48;2;33;57;8m[38;2;231;231;231m▀ [48;2;140;254;140m[38;2;33;57;8m▀[48;2;54;86;8m [48;2;33;57;8m[38;2;54;86;8m▀[48;2;140;254;140m [48;2;54;86;8m[38;2;140;254;140m▀[48;2;33;57;8m[38;2;54;86;8m▀[48;2;54;86;8m[38;2;33;57;8m▀ [48;2;33;57;8m[38;2;54;86;8m▀[38;2;140;254;140m▀  [38;2;122;139;108m▀[48;2;231;231;231m[38;2;0;0;0m▀[48;2;0;0;0m             [m
[48;2;0;0;0m    [48;2;231;231;231m[38;2;0;0;0m▀[48;2;33;57;8m[38;2;122;139;108m▀ [48;2;140;254;140m  [38;2;33;57;8m▀[48;2;54;86;8m▀[48;2;140;254;140m [48;2;33;57;8m [48;2;54;86;8m [48;2;122;139;108m   [48;2;52;46;44m▀[48;2;44;42;44m▀[48;2;44;42;36m▀[48;2;33;57;8m [38;2;122;139;108m▀[48;2;231;231;231m[38;2;0;0;0m▀[48;2;0;0;0m            [m
[48;2;0;0;0m    [48;2;122;139;108m[38;2;231;231;231m▀[48;2;33;57;8m [48;2;54;86;8m [48;2;140;254;140m     [48;2;33;57;8m[38;2;54;86;8m▀[48;2;54;86;8m [48;2;122;139;108m  [48;2;76;70;76m[38;2;44;42;44m▀[48;2;84;86;84m[38;2;92;90;92m▀[48;2;148;146;148m▀[48;2;124;122;124m▀[48;2;84;86;84m[38;2;68;66;68m▀[48;2;44;42;44m[38;2;33;57;8m▀[48;2;33;57;8m[38;2;54;86;8m▀[48;2;231;231;231m [48;2;0;0;0m           [m
[48;2;0;0;0m   [48;2;231;231;231m [48;2;33;57;8m[38;2;54;86;8m▀ [48;2;140;254;140m    [48;2;44;42;44m[38;2;140;254;140m▀[48;2;44;46;44m▀[48;2;54;86;8m [48;2;33;57;8m[38;2;54;86;8m▀[48;2;122;139;108m [48;2;44;42;44m[38;2;122;139;108m▀[48;2;20;22;20m[38;2;76;78;76m▀[48;2;84;82;84m[38;2;92;90;92m▀[48;2;92;94;92m[38;2;124;126;124m▀[48;2;84;82;84m[38;2;132;134;132m▀[48;2;76;78;76m[38;2;84;82;84m▀[48;2;60;54;52m[38;2;52;50;52m▀[48;2;54;86;8m[38;2;33;57;8m▀[48;2;33;57;8m[38;2;54;86;8m▀[48;2;231;231;231m [48;2;0;0;0m          [m
[48;2;0;0;0m   [48;2;231;231;231m [48;2;33;57;8m [38;2;54;86;8m▀[48;2;140;254;140m  [48;2;44;46;44m[38;2;140;254;140m▀[48;2;76;78;76m[38;2;36;38;36m▀[48;2;92;86;92m[38;2;84;82;84m▀[48;2;116;110;116m▀[48;2;76;78;76m[38;2;68;66;68m▀[48;2;52;50;52m[38;2;44;42;44m▀[48;2;28;26;28m▀[48;2;28;30;28m[38;2;36;34;36m▀ [48;2;36;30;28m[38;2;28;26;28m▀[48;2;28;26;28m[38;2;76;78;76m▀[48;2;52;46;44m[38;2;68;66;68m▀[48;2;140;254;140m[38;2;76;74;76m▀ [38;2;54;86;8m▀[48;2;33;57;8m [48;2;122;139;108m[38;2;231;231;231m▀[48;2;0;0;0m          [m
[48;2;0;0;0m   [38;2;231;231;231m▀[48;2;122;139;108m[38;2;33;57;8m▀[48;2;33;57;8m [48;2;140;254;140m  [48;2;52;46;44m[38;2;44;46;44m▀[48;2;76;78;76m[38;2;76;74;76m▀[48;2;92;90;92m[38;2;132;126;132m▀[48;2;116;118;116m[38;2;140;254;140m▀[48;2;84;78;76m[38;2;108;106;108m▀[48;2;60;54;52m[38;2;76;74;76m▀[48;2;28;26;28m[38;2;28;30;28m▀▀[48;2;28;30;28m [48;2;36;34;36m▀[48;2;36;30;28m[38;2;44;46;44m▀[48;2;52;50;52m[38;2;140;254;140m▀[48;2;140;254;140m  [48;2;54;86;8m [48;2;33;57;8m [48;2;231;231;231m [48;2;0;0;0m          [m
[48;2;0;0;0m    [48;2;231;231;231m[38;2;122;139;108m▀[48;2;33;57;8m [38;2;54;86;8m▀[48;2;54;86;8m[38;2;140;254;140m▀[48;2;140;254;140m [38;2;44;42;44m▀[48;2;44;46;44m[38;2;76;78;76m▀[48;2;52;50;52m[38;2;84;82;84m▀[38;2;76;78;76m▀[48;2;140;254;140m[38;2;44;42;44m▀[38;2;36;38;36m▀[48;2;44;42;44m[38;2;28;30;28m▀[48;2;20;18;20m[38;2;36;34;28m▀[48;2;100;94;100m[38;2;28;26;28m▀[48;2;100;98;100m[38;2;60;62;60m▀[38;2;44;46;44m▀[48;2;84;78;84m▀[48;2;140;254;140m [38;2;54;86;8m▀[48;2;54;86;8m[38;2;33;57;8m▀[48;2;33;57;8m[38;2;122;139;108m▀[48;2;122;139;108m[38;2;231;231;231m▀[48;2;231;231;231m[38;2;0;0;0m▀[48;2;0;0;0m        [m
[48;2;0;0;0m   [48;2;231;231;231m[38;2;0;0;0m▀[48;2;122;139;108m [48;2;33;57;8m [48;2;54;86;8m [48;2;140;254;140m[38;2;54;86;8m▀[48;2;54;86;8m   [38;2;140;254;140m▀[48;2;140;254;140m   [38;2;52;54;52m▀[48;2;84;86;84m[38;2;84;82;84m▀[48;2;100;94;100m [48;2;148;146;148m[38;2;140;138;140m▀[48;2;132;130;132m[38;2;140;134;140m▀[48;2;92;94;92m [48;2;52;50;52m[38;2;60;58;60m▀[48;2;140;254;140m  [38;2;54;86;8m▀[38;2;33;57;8m▀[48;2;33;57;8m [38;2;231;231;231m▀[48;2;231;231;231m[38;2;0;0;0m▀[48;2;0;0;0m      [m
[48;2;0;0;0m  [48;2;231;231;231m[38;2;0;0;0m▀[48;2;122;139;108m[38;2;231;231;231m▀[48;2;33;57;8m [48;2;54;86;8m[38;2;33;57;8m▀[48;2;140;254;140m   [38;2;54;86;8m▀▀▀▀   [38;2;44;46;44m▀[48;2;52;50;52m[38;2;100;102;100m▀[48;2;60;58;60m[38;2;108;106;108m▀[48;2;52;54;52m[38;2;100;102;100m▀[48;2;140;254;140m[38;2;84;78;84m▀      [38;2;33;57;8m▀[48;2;33;57;8m [38;2;231;231;231m▀[48;2;231;231;231m[38;2;0;0;0m▀[48;2;0;0;0m    [m
[48;2;0;0;0m  [48;2;231;231;231m [48;2;33;57;8m [48;2;54;86;8m[38;2;33;57;8m▀[48;2;140;254;140m                       [38;2;54;86;8m▀[38;2;33;57;8m▀[48;2;33;57;8m [38;2;231;231;231m▀[48;2;231;231;231m[38;2;0;0;0m▀[48;2;0;0;0m  [m
[48;2;0;0;0m  [38;2;231;231;231m▀[38;2;33;57;8m▀▀▀▀▀▀▀▀▀▀▀▀▀▀▀▀▀▀▀▀▀▀▀▀▀▀▀▀▀▀  [m
