[48;2;0;0;0m        [48;2;218;230;230m[38;2;0;0;0m▀▀▀▀▀▀[48;2;0;0;0m                     [m
[48;2;0;0;0m     [48;2;218;230;230m[38;2;0;0;0m▀▀[48;2;33;57;8m[38;2;218;230;230m▀[38;2;123;135;111m▀▀▀[38;2;57;88;11m▀▀[38;2;218;230;230m▀▀[48;2;218;230;230m[38;2;0;0;0m▀▀[48;2;0;0;0m                  [m
[48;2;0;0;0m   [48;2;218;230;230m[38;2;0;0;0m▀[48;2;123;135;111m[38;2;218;230;230m▀[48;2;33;57;8m[38;2;123;135;111m▀ [48;2;140;255;255m[38;2;33;57;8m▀[38;2;57;88;11m▀    [38;2;33;57;8m▀▀[48;2;57;88;11m▀[48;2;33;57;8m[38;2;123;135;111m▀[48;2;123;135;111m[38;2;218;230;230m▀[48;2;218;230;230m[38;2;0;0;0m▀[48;2;0;0;0m                [m
[48;2;0;0;0m  [48;2;218;230;230m [48;2;33;57;8m[38;2;123;135;111m▀ [48;2;140;255;255m[38;2;57;88;11m▀[48;2;33;57;8m  [48;2;57;88;11m[38;2;140;255;255m▀[48;2;44;46;44m▀[48;2;84;82;84m[38;2;33;57;8m▀[48;2;68;66;68m▀[48;2;52;50;44m▀[48;2;57;88;11m▀[48;2;33;57;8m[38;2;57;88;11m▀   [38;2;218;230;230m▀[48;2;218;230;230m[38;2;0;0;0m▀[48;2;0;0;0m               [m
[48;2;0;0;0m [48;2;218;230;230m[38;2;0;0;0m▀[48;2;33;57;8m[38;2;123;135;111m▀ [48;2;140;255;255m  [38;2;57;88;11m▀▀[48;2;92;86;84m[38;2;52;50;52m▀[48;2;100;98;100m [48;2;140;134;140m[38;2;92;94;92m▀[48;2;132;130;132m[38;2;84;82;84m▀[48;2;76;78;76m[38;2;84;78;76m▀[48;2;52;50;52m[38;2;52;54;52m▀[48;2;57;88;11m[38;2;33;57;8m▀▀[48;2;140;255;255m▀[38;2;57;88;11m▀[48;2;33;57;8m [38;2;218;230;230m▀[48;2;218;230;230m[38;2;0;0;0m▀[48;2;0;0;0m              [m
[48;2;218;230;230m[38;2;0;0;0m▀ [48;2;33;57;8m [48;2;57;88;11m [48;2;140;255;255m    [48;2;44;42;44m[38;2;76;78;76m▀[48;2;84;82;84m[38;2;84;86;84m▀[48;2;76;74;76m[38;2;140;134;140m▀[48;2;76;78;76m[38;2;116;114;116m▀[48;2;60;58;60m[38;2;84;82;84m▀[48;2;44;38;36m[38;2;68;70;68m▀[48;2;33;57;8m [48;2;57;88;11m [48;2;140;255;255m  [38;2;57;88;11m▀[48;2;33;57;8m [48;2;123;135;111m[38;2;218;230;230m▀[48;2;218;230;230m[38;2;0;0;0m▀[48;2;0;0;0m             [m
[48;2;218;230;230m [48;2;123;135;111m [48;2;33;57;8m [48;2;57;88;11m[38;2;140;255;255m▀[48;2;140;255;255m     [38;2;44;38;36m▀[48;2;28;30;28m[38;2;20;18;12m▀[48;2;36;34;28m[38;2;20;22;20m▀[48;2;28;30;28m [38;2;36;34;36m▀[48;2;36;30;28m[38;2;52;50;44m▀[48;2;28;26;28m[38;2;52;50;52m▀[48;2;100;98;100m[38;2;44;42;44m▀[38;2;60;54;60m▀[38;2;60;54;52m▀[48;2;76;78;76m[38;2;33;57;8m▀[48;2;33;57;8m [48;2;218;230;230m [48;2;0;0;0m             [m
[48;2;218;230;230m [38;2;123;135;111m▀[48;2;33;57;8m [48;2;57;88;11m[38;2;140;255;255m▀[48;2;140;255;255m     [48;2;44;46;44m▀[48;2;20;18;20m[38;2;36;38;36m▀[48;2;28;30;28m  [48;2;28;26;28m[38;2;28;30;28m▀[48;2;28;30;28m[38;2;36;34;36m▀[48;2;84;82;84m[38;2;92;86;92m▀[48;2;100;94;100m[38;2;100;98;100m▀[48;2;140;138;140m[38;2;148;142;148m▀[48;2;132;134;132m[38;2;132;126;132m▀[48;2;100;98;100m[38;2;92;94;92m▀[48;2;52;54;52m[38;2;52;50;52m▀[48;2;218;230;230m [48;2;0;0;0m             [m
[48;2;0;0;0m [48;2;218;230;230m [48;2;33;57;8m [38;2;57;88;11m▀[48;2;140;255;255m   [48;2;52;50;52m[38;2;44;46;44m▀[48;2;84;86;84m[38;2;60;62;60m▀[48;2;108;106;108m[38;2;76;78;76m▀[48;2;92;94;92m[38;2;76;74;76m▀[48;2;76;78;76m[38;2;28;26;28m▀[48;2;28;30;28m▀[48;2;52;50;52m[38;2;28;30;28m▀[48;2;140;255;255m[38;2;36;34;36m▀▀[48;2;44;46;44m[38;2;100;98;100m▀[48;2;68;62;60m▀[48;2;52;50;52m[38;2;100;102;100m▀[48;2;140;255;255m[38;2;92;86;92m▀[48;2;33;57;8m [38;2;218;230;230m▀[48;2;57;88;11m[38;2;0;0;0m▀[48;2;218;230;230m▀[48;2;0;0;0m           [m
[48;2;0;0;0m [38;2;218;230;230m▀[48;2;123;135;111m[38;2;33;57;8m▀[48;2;33;57;8m [48;2;57;88;11m[38;2;140;255;255m▀[48;2;140;255;255m  [48;2;60;54;52m[38;2;84;78;76m▀[48;2;76;78;76m[38;2;92;94;92m▀[48;2;124;122;124m[38;2;124;126;124m▀[48;2;100;102;100m[38;2;132;130;132m▀[48;2;84;82;84m[38;2;76;78;76m▀[48;2;52;54;52m[38;2;44;46;52m▀[48;2;140;255;255m        [38;2;33;57;8m▀▀[48;2;33;57;8m [38;2;123;135;111m▀[38;2;218;230;230m▀[48;2;123;135;111m[38;2;0;0;0m▀[48;2;218;230;230m▀[48;2;0;0;0m       [m
[48;2;0;0;0m  [48;2;218;230;230m[38;2;123;135;111m▀[48;2;33;57;8m [48;2;140;255;255m[38;2;57;88;11m▀[48;2;57;88;11m  [38;2;44;42;44m▀[38;2;68;66;68m▀[48;2;44;46;44m[38;2;76;74;76m▀[48;2;44;42;44m[38;2;76;78;76m▀[48;2;140;255;255m[38;2;52;54;52m▀            [38;2;57;88;11m▀[38;2;33;57;8m▀[48;2;33;57;8m [38;2;123;135;111m▀[38;2;218;230;230m▀[48;2;218;230;230m[38;2;0;0;0m▀[48;2;0;0;0m     [m
[48;2;0;0;0m  [48;2;123;135;111m [48;2;33;57;8m [48;2;140;255;255m    [38;2;57;88;11m▀▀▀                [38;2;33;57;8m▀▀[48;2;33;57;8m [38;2;218;230;230m▀[48;2;123;135;111m[38;2;0;0;0m▀[48;2;0;0;0m   [m
[48;2;0;0;0m  [38;2;123;135;111m▀[38;2;33;57;8m▀▀▀▀▀▀▀▀▀▀▀▀▀▀▀▀▀▀▀▀▀▀▀▀▀▀▀▀[38;2;123;135;111m▀   [m
