[48;2;255;255;255m [48;2;49;125;2m[38;2;255;255;255m▀   [38;2;60;159;0m▀▀[38;2;255;228;0m▀[48;2;255;228;0m[38;2;255;255;255m▀ [48;2;51;51;51m[38;2;255;228;0m▀[48;2;255;228;0m[38;2;51;51;51m▀[48;2;51;51;51m       [38;2;255;255;255m▀[48;2;255;255;255m               [m
[48;2;255;0;0m[38;2;255;255;255m▀▀[48;2;255;255;255m [48;2;125;92;2m▀[48;2;255;0;0m[38;2;125;92;2m▀[38;2;255;255;255m▀[48;2;255;255;255m [38;2;255;228;0m▀▀[48;2;51;51;51m    [48;2;123;140;107m[38;2;51;51;51m▀[48;2;57;90;8m▀[48;2;33;57;8m▀▀[48;2;123;140;107m▀[48;2;51;51;51m   [48;2;255;255;255m              [m
[48;2;255;0;0m [48;2;255;255;255m[38;2;255;0;0m▀ [48;2;255;0;0m[38;2;255;255;255m▀ [48;2;255;255;255m[38;2;255;0;0m▀ [48;2;51;51;51m[38;2;255;255;255m▀  [48;2;33;57;8m[38;2;51;51;51m▀ [48;2;57;90;8m[38;2;33;57;8m▀▀[48;2;255;107;181m▀▀▀▀[48;2;57;90;8m▀[48;2;33;57;8m [38;2;51;51;51m▀[48;2;51;51;51m [38;2;255;255;255m▀[48;2;255;255;255m            [m
[48;2;255;0;0m [48;2;255;255;255m [38;2;51;51;51m▀[48;2;51;51;51m[38;2;255;0;0m▀[48;2;255;0;0m [48;2;255;255;255m [48;2;51;51;51m[38;2;255;255;255m▀ [48;2;33;57;8m[38;2;51;51;51m▀[48;2;57;90;8m[38;2;33;57;8m▀[48;2;255;107;181m[38;2;57;90;8m▀ [48;2;33;57;8m  [48;2;255;107;181m [48;2;33;57;8m[38;2;255;107;181m▀▀▀[48;2;57;90;8m▀[48;2;33;57;8m[38;2;57;90;8m▀ [38;2;51;51;51m▀[48;2;51;51;51m [48;2;255;255;255m            [m
[48;2;255;0;0m [38;2;255;255;255m▀[48;2;255;255;255m [38;2;51;51;51m▀[48;2;51;51;51m   [48;2;33;57;8m [48;2;255;107;181m[38;2;57;90;8m▀   [38;2;33;57;8m▀▀ [48;2;33;57;8m [48;2;123;140;107m    [48;2;33;57;8m [48;2;51;51;51m▀ [48;2;231;231;231m[38;2;255;255;255m▀[48;2;255;255;255m     [48;2;49;125;2m▀[48;2;60;159;0m ▀[48;2;255;255;255m   [m
[48;2;255;0;0m  [48;2;255;255;255m  [48;2;231;231;231m[38;2;255;0;0m▀[48;2;33;57;8m[38;2;123;140;107m▀ [48;2;255;107;181m[38;2;57;90;8m▀       [48;2;33;57;8m [48;2;123;140;107m    [48;2;33;57;8m [48;2;51;51;51m [48;2;33;57;8m [38;2;231;231;231m▀[48;2;231;231;231m[38;2;51;51;51m▀[48;2;51;51;51m  [48;2;255;255;255m▀[38;2;49;125;2m▀▀[48;2;125;92;2m▀[48;2;255;255;255m▀▀  [m
[48;2;255;255;255m[38;2;255;0;0m▀[48;2;255;0;0m [48;2;231;231;231m[38;2;255;255;255m▀[48;2;33;57;8m[38;2;231;231;231m▀ [48;2;57;90;8m[38;2;33;57;8m▀[48;2;255;107;181m         [48;2;33;57;8m [48;2;57;90;8m[38;2;123;140;107m▀[48;2;123;140;107m  [48;2;66;123;0m▀[48;2;33;57;8m[38;2;51;51;51m▀[48;2;255;107;181m [38;2;33;57;8m▀[48;2;33;57;8m [48;2;123;140;107m[38;2;231;231;231m▀[48;2;51;51;51m[38;2;255;255;255m▀[48;2;255;255;255m  [48;2;49;125;2m▀ [38;2;60;159;0m▀[48;2;60;159;0m [38;2;255;255;255m▀[48;2;255;255;255m  [m
[48;2;255;255;255m [48;2;231;231;231m[38;2;255;0;0m▀[48;2;33;57;8m[38;2;123;140;107m▀ [48;2;57;90;8m[38;2;33;57;8m▀ [48;2;255;107;181m          [48;2;33;57;8m [38;2;123;140;107m▀▀ [48;2;57;90;8m [48;2;255;107;181m [38;2;57;90;8m▀[48;2;33;57;8m [48;2;123;140;107m [48;2;255;255;255m[38;2;51;51;51m▀▀[38;2;49;125;2m▀▀▀[48;2;125;92;2m▀[48;2;255;255;255m▀▀▀ [m
[48;2;51;51;51m[38;2;231;231;231m▀[38;2;33;57;8m▀   [38;2;57;90;8m▀[48;2;57;90;8m [38;2;255;107;181m▀[48;2;255;107;181m        [38;2;33;57;8m▀[48;2;33;57;8m  [48;2;57;90;8m [48;2;255;107;181m  [38;2;57;90;8m▀[48;2;33;57;8m [48;2;231;231;231m [48;2;255;255;255m    [38;2;125;92;2m▀▀▀   [m
[48;2;51;51;51m [48;2;255;107;181m[38;2;51;51;51m▀▀[48;2;51;51;51m   [38;2;57;90;8m▀▀[48;2;57;90;8m[38;2;255;107;181m▀▀▀▀[48;2;255;107;181m         [48;2;57;90;8m▀[48;2;33;57;8m [48;2;231;231;231m[38;2;33;57;8m▀[48;2;255;255;255m[38;2;231;231;231m▀          [m
[48;2;51;51;51m   [48;2;107;107;107m[38;2;255;107;181m▀[38;2;51;51;51m▀▀▀▀▀▀▀ [48;2;51;51;51m[38;2;107;107;107m▀▀▀       [48;2;33;57;8m [48;2;231;231;231m [48;2;255;255;255m           [m
[48;2;51;51;51m         [48;2;255;107;181m[38;2;51;51;51m▀▀▀▀▀▀▀▀▀▀▀[48;2;33;57;8m▀▀[48;2;231;231;231m[38;2;123;140;107m▀[48;2;255;255;255m[38;2;231;231;231m▀           [m
[48;2;255;255;255m[38;2;51;51;51m▀▀▀▀▀[38;2;33;57;8m▀▀▀▀▀▀▀▀▀▀▀▀▀▀▀▀[38;2;123;140;107m▀[38;2;231;231;231m▀            [m
