[48;2;0;0;0m                                   [m
[48;2;0;0;0m                                   [m
[48;2;0;0;0m        [48;2;0;1;0m[38;2;0;0;0m▀[48;2;84;52;93m▀[48;2;167;113;202m▀[48;2;185;126;225m[38;2;46;23;47m▀[38;2;58;40;72m▀[38;2;57;33;58m▀[38;2;22;14;26m▀[48;2;122;86;151m[38;2;0;0;0m▀[48;2;7;4;9m▀[48;2;0;0;0m                  [m
[48;2;0;0;0m      [48;2;7;4;9m[38;2;0;0;0m▀[48;2;167;113;202m[38;2;7;4;9m▀[48;2;212;146;253m[38;2;142;95;168m▀[48;2;210;143;255m[38;2;221;153;254m▀  [48;2;212;146;253m[38;2;210;143;255m▀[48;2;167;113;202m▀▀[48;2;185;126;225m[38;2;212;146;253m▀[48;2;212;146;253m[38;2;185;126;225m▀[48;2;167;113;202m[38;2;41;30;50m▀[48;2;7;4;9m[38;2;0;0;0m▀[48;2;0;0;0m                [m
[48;2;0;0;0m     [48;2;32;24;40m[38;2;0;0;0m▀[48;2;212;146;253m[38;2;112;73;131m▀[48;2;210;143;255m    [48;2;185;126;225m[38;2;212;146;253m▀[48;2;35;38;29m[38;2;98;56;103m▀[48;2;129;146;109m[38;2;22;22;20m▀[48;2;107;123;89m[38;2;49;51;39m▀[48;2;69;83;56m[38;2;7;4;9m▀[48;2;58;40;72m[38;2;185;126;225m▀[48;2;221;153;254m [48;2;185;126;225m[38;2;84;52;93m▀[48;2;0;1;0m[38;2;0;0;0m▀[48;2;0;0;0m               [m
[48;2;0;0;0m    [48;2;58;40;72m[38;2;0;1;0m▀[48;2;212;146;253m[38;2;171;121;213m▀[48;2;210;143;255m[38;2;212;146;253m▀    [48;2;142;95;168m[38;2;167;113;202m▀[48;2;69;83;56m[38;2;64;72;52m▀[48;2;69;83;61m[38;2;83;96;69m▀[48;2;0;1;0m [48;2;8;10;6m[38;2;15;19;8m▀[48;2;32;24;40m[38;2;22;14;26m▀[48;2;212;146;253m  [48;2;122;86;151m[38;2;32;24;40m▀[48;2;0;0;0m   [48;2;0;1;0m [48;2;0;4;7m [48;2;0;0;0m          [m
[48;2;0;0;0m    [48;2;142;95;168m[38;2;122;86;151m▀[48;2;210;143;255m      [48;2;167;113;202m[38;2;142;95;168m▀[48;2;54;68;47m[38;2;69;83;56m▀[48;2;124;141;105m[38;2;117;134;98m▀[48;2;129;146;109m[38;2;44;53;39m▀[48;2;95;110;80m[38;2;69;83;61m▀[48;2;58;40;72m[38;2;30;14;28m▀[48;2;221;153;254m [48;2;210;143;255m [38;2;212;146;253m▀[48;2;185;126;225m[38;2;58;40;72m▀[48;2;7;4;9m[38;2;0;0;0m▀[48;2;0;0;0m [38;2;0;1;0m▀           [m
[48;2;0;0;0m   [48;2;41;30;50m[38;2;0;0;0m▀[48;2;171;121;213m [48;2;210;143;255m      [38;2;171;121;213m▀[48;2;58;40;72m[38;2;62;58;57m▀[48;2;117;134;98m[38;2;124;141;105m▀[48;2;124;141;105m[38;2;129;146;109m▀[48;2;21;27;17m[38;2;55;67;41m▀[48;2;185;126;225m[38;2;122;86;151m▀[48;2;210;143;255m[38;2;212;146;253m▀  ▀[48;2;185;126;225m[38;2;112;73;131m▀[48;2;0;1;0m[38;2;0;0;0m▀[48;2;0;0;0m            [m
[48;2;0;0;0m    [48;2;122;86;151m[38;2;167;113;202m▀[48;2;210;143;255m      [38;2;212;146;253m▀[48;2;212;146;253m[38;2;122;86;151m▀[48;2;32;24;40m[38;2;44;53;39m▀[48;2;29;42;23m[38;2;107;123;89m▀[48;2;142;95;168m[38;2;41;30;50m▀[48;2;210;143;255m[38;2;212;146;253m▀    ▀[48;2;0;1;0m [48;2;0;0;0m            [m
[48;2;0;0;0m    [48;2;84;52;93m[38;2;7;4;9m▀[48;2;57;33;58m[38;2;210;143;255m▀[48;2;221;153;254m▀[48;2;210;143;255m      [38;2;185;126;225m▀[38;2;98;56;103m▀[38;2;212;146;253m▀      [48;2;98;56;103m[38;2;0;1;0m▀[48;2;0;0;0m            [m
[48;2;0;0;0m   [48;2;57;33;58m[38;2;41;30;50m▀[48;2;210;143;255m[38;2;185;126;225m▀[38;2;84;52;93m▀[48;2;122;86;151m▀[48;2;41;30;50m[38;2;212;146;253m▀[48;2;171;121;213m[38;2;210;143;255m▀[48;2;221;153;254m▀[48;2;212;146;253m▀[48;2;210;143;255m            [48;2;212;146;253m[38;2;112;73;131m▀[48;2;171;121;213m[38;2;22;14;26m▀[48;2;57;33;58m[38;2;0;0;0m▀[48;2;0;0;0m         [m
[48;2;0;0;0m   [48;2;58;40;72m [48;2;221;153;254m[38;2;212;146;253m▀[48;2;212;146;253m[38;2;210;143;255m▀ [38;2;167;113;202m▀[48;2;221;153;254m[38;2;32;24;40m▀[48;2;142;95;168m[38;2;58;40;72m▀[48;2;98;56;103m[38;2;167;113;202m▀[48;2;84;52;93m[38;2;212;146;253m▀[48;2;185;126;225m[38;2;210;143;255m▀[48;2;212;146;253m▀▀▀▀▀▀▀▀▀▀▀▀[48;2;221;153;254m[38;2;185;126;225m▀[48;2;167;113;202m[38;2;22;14;26m▀[48;2;0;1;0m[38;2;0;0;0m▀[48;2;0;0;0m       [m
[48;2;0;0;0m   [38;2;22;14;26m▀[38;2;58;40;72m▀▀▀▀▀▀▀▀▀▀▀▀▀▀▀▀▀▀▀▀▀▀▀[38;2;7;4;9m▀       [m
