[48;2;0;0;0m                                   [m
[48;2;0;0;0m                   [48;2;7;4;9m[38;2;0;0;0m▀[48;2;73;39;38m▀[48;2;201;110;108m[38;2;0;1;0m▀[48;2;254;141;138m[38;2;12;5;3m▀[38;2;50;28;28m▀[38;2;12;5;3m▀[48;2;201;110;108m[38;2;0;1;0m▀[48;2;73;39;38m[38;2;0;0;0m▀[48;2;0;1;0m▀[48;2;0;0;0m       [m
[48;2;0;0;0m                 [48;2;73;39;38m[38;2;0;0;0m▀[48;2;229;123;121m[38;2;50;28;28m▀[48;2;254;141;138m[38;2;175;92;90m▀[48;2;255;136;136m[38;2;254;141;138m▀▀   ▀▀[48;2;254;141;138m[38;2;175;92;90m▀[48;2;141;73;72m[38;2;12;5;3m▀[48;2;7;4;9m[38;2;0;0;0m▀[48;2;0;0;0m     [m
[48;2;0;0;0m           [48;2;35;38;29m[38;2;0;0;0m▀[48;2;117;134;98m[38;2;14;15;12m▀[48;2;124;141;105m▀[48;2;64;72;52m[38;2;8;10;6m▀[48;2;12;5;3m[38;2;0;0;0m▀[48;2;229;123;121m[38;2;34;14;16m▀[48;2;254;141;138m[38;2;229;123;121m▀[48;2;255;136;136m          [48;2;254;141;138m [48;2;141;73;72m[38;2;34;14;16m▀[48;2;0;0;0m     [m
[48;2;0;0;0m          [48;2;0;1;0m[38;2;0;0;0m▀[48;2;83;96;69m[38;2;64;72;52m▀[48;2;124;141;105m[38;2;129;146;109m▀ [48;2;83;96;69m [48;2;108;56;55m [48;2;254;141;138m [48;2;255;136;136m [48;2;229;123;121m[38;2;255;136;136m▀[48;2;255;136;136m       [48;2;254;141;138m▀[48;2;229;123;121m▀[48;2;255;136;136m[38;2;254;141;138m▀[48;2;254;141;138m[38;2;255;136;136m▀[48;2;50;28;28m[38;2;0;1;0m▀[48;2;0;0;0m    [m
[48;2;0;0;0m          [38;2;0;1;0m▀[48;2;69;83;61m[38;2;83;96;69m▀[48;2;129;146;109m[38;2;124;141;105m▀[48;2;124;141;105m [48;2;69;83;61m[38;2;83;96;69m▀[48;2;175;92;90m[38;2;108;56;55m▀[48;2;254;141;138m [48;2;108;56;55m[38;2;175;92;90m▀[48;2;0;1;0m[38;2;50;28;28m▀[48;2;40;23;22m[38;2;108;56;55m▀[48;2;255;136;136m[38;2;254;141;138m▀    [48;2;254;141;138m [48;2;40;23;22m[38;2;175;92;90m▀[48;2;0;1;0m[38;2;40;23;22m▀[48;2;73;39;38m[38;2;175;92;90m▀[48;2;254;141;138m [48;2;175;92;90m[38;2;125;59;58m▀[48;2;0;0;0m    [m
[48;2;0;0;0m           [48;2;21;27;17m[38;2;44;53;39m▀[48;2;117;134;98m[38;2;129;146;109m▀[48;2;124;141;105m [48;2;67;47;37m[38;2;64;72;52m▀[48;2;229;123;121m[38;2;201;110;108m▀[48;2;255;136;136m[38;2;254;141;138m▀[48;2;254;141;138m[38;2;175;92;90m▀[48;2;229;123;121m[38;2;34;14;16m▀[48;2;254;141;138m[38;2;108;56;55m▀[48;2;255;136;136m[38;2;254;141;138m▀    ▀[38;2;141;73;72m▀[48;2;229;123;121m[38;2;26;12;13m▀[48;2;254;141;138m[38;2;141;73;72m▀[48;2;255;136;136m[38;2;254;141;138m▀[48;2;201;110;108m [48;2;0;0;0m    [m
[48;2;0;0;0m           [48;2;12;5;3m[38;2;0;0;0m▀[48;2;35;38;29m[38;2;83;96;69m▀[48;2;44;53;39m[38;2;107;123;89m▀[48;2;175;92;90m[38;2;73;39;38m▀[48;2;254;141;138m [48;2;255;136;136m              [48;2;175;92;90m[38;2;201;110;108m▀[48;2;0;0;0m    [m
[48;2;0;0;0m          [48;2;26;12;13m[38;2;0;0;0m▀[48;2;254;141;138m[38;2;73;39;38m▀[38;2;175;92;90m▀[48;2;229;123;121m[38;2;8;10;6m▀[48;2;57;26;31m[38;2;201;110;108m▀[48;2;229;123;121m[38;2;254;141;138m▀[48;2;254;141;138m[38;2;255;136;136m▀[48;2;255;136;136m            [48;2;254;141;138m [48;2;50;28;28m[38;2;108;56;55m▀[48;2;0;0;0m    [m
[48;2;0;0;0m       [48;2;0;1;0m[38;2;0;0;0m▀[48;2;61;27;27m▀[48;2;255;136;136m[38;2;50;28;28m▀[38;2;229;123;121m▀[38;2;254;141;138m▀ ▀[48;2;254;141;138m[38;2;175;92;90m▀[48;2;229;123;121m[38;2;50;28;28m▀[48;2;40;23;22m[38;2;201;110;108m▀[48;2;65;42;41m[38;2;254;141;138m▀[48;2;201;110;108m▀[48;2;229;123;121m▀[48;2;255;136;136m        [48;2;254;141;138m[38;2;255;136;136m▀[48;2;229;123;121m[38;2;254;141;138m▀[48;2;0;1;0m [48;2;0;0;0m    [m
[48;2;0;0;0m     [48;2;73;39;38m[38;2;0;0;0m▀[48;2;229;123;121m[38;2;34;14;16m▀[48;2;254;141;138m[38;2;141;73;72m▀[48;2;255;136;136m[38;2;254;141;138m▀▀     ▀▀[48;2;254;141;138m[38;2;175;92;90m▀[38;2;77;37;38m▀[38;2;73;39;38m▀[38;2;229;123;121m▀[48;2;255;136;136m        [48;2;254;141;138m [48;2;57;26;31m[38;2;0;1;0m▀[48;2;0;0;0m    [m
[48;2;0;0;0m    [48;2;201;110;108m[38;2;73;39;38m▀[48;2;254;141;138m [38;2;255;136;136m▀▀▀▀▀▀▀▀▀▀▀▀▀▀▀▀▀▀▀▀▀▀▀▀[48;2;229;123;121m[38;2;141;73;72m▀[48;2;40;23;22m[38;2;0;0;0m▀[48;2;0;0;0m   [m
[48;2;0;0;0m    [38;2;57;26;31m▀[38;2;73;39;38m▀▀▀▀▀▀▀▀▀▀▀▀▀▀▀▀▀▀▀▀▀▀▀▀▀▀[38;2;12;5;3m▀   [m
