[48;2;0;0;0m                                   [m
[48;2;0;0;0m                                   [m
[48;2;0;0;0m                     [48;2;34;14;16m[38;2;0;0;0m▀[48;2;148;61;63m▀[48;2;216;88;93m▀[38;2;57;26;31m▀[48;2;236;97;104m[38;2;61;27;27m▀[48;2;216;88;93m[38;2;34;14;16m▀[48;2;188;80;82m[38;2;0;0;0m▀[48;2;61;27;27m▀[48;2;0;1;0m▀[48;2;0;0;0m     [m
[48;2;0;0;0m                  [48;2;61;27;27m[38;2;0;0;0m▀[48;2;216;88;93m[38;2;12;5;3m▀[48;2;255;109;118m[38;2;133;55;67m▀ [48;2;255;106;110m  [48;2;255;109;118m[38;2;255;106;110m▀[48;2;255;106;110m [48;2;255;109;118m▀[48;2;255;106;110m [38;2;255;109;118m▀[48;2;255;109;118m[38;2;133;55;67m▀[48;2;148;61;63m[38;2;0;1;0m▀[48;2;0;0;0m    [m
[48;2;0;0;0m                [48;2;44;18;23m[38;2;0;0;0m▀[48;2;255;106;110m[38;2;85;37;37m▀[38;2;236;97;104m▀[48;2;236;97;104m[38;2;255;106;110m▀[48;2;26;12;13m[38;2;125;59;58m▀[48;2;0;1;0m[38;2;34;14;16m▀[48;2;148;61;63m[38;2;236;97;104m▀[48;2;61;27;27m▀[48;2;83;96;69m[38;2;44;18;23m▀[48;2;129;146;109m[38;2;26;12;13m▀[48;2;83;96;69m[38;2;44;18;23m▀[48;2;44;18;23m[38;2;236;97;104m▀[48;2;216;88;93m[38;2;255;109;118m▀[48;2;0;1;0m[38;2;61;27;27m▀[48;2;12;5;3m▀[48;2;108;56;55m[38;2;44;18;23m▀[48;2;0;0;0m   [m
[48;2;0;0;0m               [48;2;188;80;82m[38;2;26;12;13m▀[48;2;255;106;110m[38;2;236;97;104m▀   [38;2;61;27;27m▀[48;2;236;97;104m[38;2;0;1;0m▀[48;2;216;88;93m[38;2;165;75;75m▀[48;2;49;51;39m[38;2;47;36;28m▀[48;2;124;141;105m[38;2;129;146;109m▀ [48;2;129;146;109m[38;2;132;150;110m▀[48;2;47;36;28m[38;2;40;23;22m▀[48;2;216;88;93m [48;2;255;106;110m[38;2;26;12;13m▀[38;2;12;5;3m▀[48;2;255;109;118m[38;2;216;88;93m▀[48;2;61;27;27m[38;2;12;5;3m▀[48;2;0;0;0m  [m
[48;2;0;0;0m              [48;2;85;37;37m[38;2;61;27;27m▀[48;2;255;106;110m[38;2;236;97;104m▀      [48;2;216;88;93m[38;2;188;80;82m▀[48;2;60;48;33m[38;2;57;63;47m▀[48;2;124;141;105m  [48;2;132;150;110m[38;2;129;146;109m▀[48;2;26;12;13m[38;2;47;36;28m▀[48;2;236;97;104m[38;2;216;88;93m▀[48;2;255;106;110m   [48;2;236;97;104m[38;2;148;61;63m▀[48;2;0;1;0m[38;2;0;0;0m▀[48;2;0;0;0m [m
[48;2;0;0;0m             [48;2;76;30;34m[38;2;7;4;9m▀[48;2;85;37;37m[38;2;95;38;46m▀[48;2;255;106;110m       [38;2;236;97;104m▀[48;2;76;30;34m[38;2;50;28;28m▀[48;2;107;123;89m[38;2;132;150;110m▀[48;2;129;146;109m[38;2;124;141;105m▀[48;2;69;83;61m[38;2;107;123;89m▀[48;2;95;38;46m[38;2;44;18;23m▀[48;2;255;109;118m[38;2;255;106;110m▀[48;2;255;106;110m    [48;2;57;26;31m[38;2;34;14;16m▀[48;2;0;0;0m [m
[48;2;0;0;0m           [48;2;12;5;3m[38;2;0;0;0m▀[48;2;188;80;82m[38;2;26;12;13m▀[48;2;255;106;110m[38;2;236;97;104m▀[48;2;133;55;67m[38;2;77;37;38m▀[48;2;165;75;75m[38;2;236;97;104m▀[48;2;255;106;110m       [48;2;255;109;118m[38;2;165;75;75m▀[48;2;61;27;27m[38;2;27;40;29m▀[48;2;54;68;47m[38;2;132;150;110m▀[48;2;61;27;27m[38;2;14;15;12m▀[48;2;255;109;118m[38;2;216;88;93m▀[48;2;255;106;110m    [48;2;236;97;104m[38;2;255;109;118m▀[48;2;0;1;0m[38;2;26;12;13m▀[48;2;0;0;0m [m
[48;2;0;0;0m         [48;2;0;1;0m[38;2;0;0;0m▀[48;2;148;61;63m[38;2;0;1;0m▀[48;2;255;106;110m[38;2;148;61;63m▀  [38;2;236;97;104m▀[48;2;236;97;104m[38;2;44;18;23m▀[48;2;26;12;13m[38;2;188;80;82m▀[48;2;148;61;63m[38;2;255;109;118m▀[48;2;255;106;110m      [38;2;236;97;104m▀[38;2;44;18;23m▀[38;2;188;80;82m▀    [48;2;255;109;118m[38;2;255;106;110m▀[48;2;34;14;16m[38;2;148;61;63m▀[48;2;0;0;0m  [m
[48;2;0;0;0m       [48;2;76;30;34m[38;2;0;0;0m▀[48;2;216;88;93m[38;2;26;12;13m▀[48;2;255;106;110m[38;2;165;75;75m▀       [38;2;85;37;37m▀[48;2;216;88;93m▀[48;2;148;61;63m[38;2;188;80;82m▀[48;2;76;30;34m[38;2;216;88;93m▀[48;2;44;18;23m[38;2;255;106;110m▀[48;2;61;27;27m▀[48;2;216;88;93m▀[48;2;255;106;110m      [48;2;255;109;118m▀[48;2;95;38;46m[38;2;216;88;93m▀[48;2;0;0;0m[38;2;0;1;0m▀  [m
[48;2;0;0;0m     [48;2;95;38;46m[38;2;0;0;0m▀[48;2;255;109;118m[38;2;95;38;46m▀[48;2;255;106;110m             [38;2;255;109;118m▀ [38;2;236;97;104m▀       [48;2;255;109;118m [48;2;148;61;63m[38;2;76;30;34m▀[48;2;0;0;0m   [m
[48;2;0;0;0m    [38;2;0;1;0m▀[38;2;61;27;27m▀[38;2;76;30;34m▀▀▀▀▀▀▀▀▀▀▀▀▀▀▀▀▀▀▀▀▀▀▀▀▀[38;2;61;27;27m▀[38;2;0;4;7m▀  [m
