[48;2;0;0;0m                                   [m
[48;2;0;0;0m                                   [m
[48;2;0;0;0m                                   [m
[48;2;0;0;0m                 [48;2;30;14;28m[38;2;0;0;0m▀[48;2;86;34;82m▀[48;2;135;58;127m▀[48;2;144;59;140m▀[48;2;135;58;127m▀[48;2;105;45;103m▀[48;2;46;23;47m▀[48;2;0;0;0m           [m
[48;2;0;0;0m            [48;2;35;38;29m[38;2;0;0;0m▀[48;2;129;146;109m[38;2;15;19;8m▀[38;2;44;53;39m▀[48;2;83;96;69m[38;2;0;1;0m▀[48;2;75;33;71m[38;2;135;58;127m▀[48;2;251;108;249m [48;2;255;104;247m[38;2;251;108;249m▀[48;2;231;96;226m[38;2;255;104;247m▀[48;2;30;14;28m[38;2;105;45;103m▀[48;2;0;1;0m[38;2;30;14;28m▀[48;2;135;58;127m[38;2;231;96;226m▀[48;2;255;106;254m[38;2;251;108;249m▀[38;2;179;77;176m▀[48;2;210;87;205m[38;2;7;4;9m▀[48;2;30;14;28m[38;2;0;0;0m▀[48;2;0;0;0m  [48;2;0;1;0m[38;2;0;4;7m▀ [48;2;0;0;0m    [m
[48;2;0;0;0m            [48;2;69;83;61m[38;2;72;79;59m▀[48;2;124;141;105m  [48;2;117;134;98m [48;2;30;14;28m [48;2;255;106;254m[38;2;251;108;249m▀[48;2;255;104;247m ▀[48;2;251;108;249m[38;2;62;29;62m▀[38;2;0;1;0m▀[48;2;255;104;247m[38;2;201;92;198m▀[38;2;255;106;254m▀ [38;2;251;108;249m▀[48;2;251;108;249m[38;2;201;92;198m▀[48;2;86;34;82m[38;2;0;1;0m▀[48;2;0;0;0m ▀▀    [m
[48;2;0;0;0m           [48;2;0;1;0m[38;2;0;0;0m▀[48;2;64;72;52m[38;2;69;83;61m▀[48;2;124;141;105m  [48;2;95;110;80m[38;2;107;123;89m▀[48;2;75;33;71m[38;2;30;14;28m▀[48;2;251;108;249m [48;2;255;104;247m         [48;2;231;96;226m[38;2;179;77;176m▀[48;2;22;14;26m[38;2;0;0;0m▀[48;2;0;0;0m      [m
[48;2;0;0;0m          [48;2;0;1;0m[38;2;0;0;0m▀[48;2;210;87;205m[38;2;86;34;82m▀[48;2;62;29;62m[38;2;62;58;57m▀[48;2;117;134;98m[38;2;124;141;105m▀[48;2;124;141;105m[38;2;129;146;109m▀[48;2;21;27;17m[38;2;55;67;41m▀[48;2;231;96;226m[38;2;144;59;140m▀[48;2;255;106;254m [48;2;255;104;247m         [48;2;255;106;254m[38;2;251;108;249m▀[48;2;158;73;157m[38;2;75;33;71m▀[48;2;0;0;0m      [m
[48;2;0;0;0m          [48;2;30;14;28m[38;2;22;14;26m▀[48;2;251;108;249m [38;2;144;59;140m▀[48;2;46;23;47m[38;2;44;53;39m▀[48;2;29;42;23m[38;2;107;123;89m▀[48;2;179;77;176m[38;2;57;33;58m▀[48;2;255;106;254m[38;2;251;108;249m▀[48;2;255;104;247m          [48;2;255;106;254m [48;2;179;77;176m [48;2;0;0;0m      [m
[48;2;0;0;0m        [48;2;23;10;18m[38;2;0;0;0m▀[48;2;231;96;226m[38;2;75;33;71m▀[48;2;105;45;103m[38;2;7;4;9m▀[48;2;135;58;127m[38;2;251;108;249m▀[48;2;255;106;254m [48;2;255;104;247m[38;2;231;96;226m▀[38;2;105;45;103m▀[38;2;251;108;249m▀           [48;2;255;106;254m [48;2;105;45;103m[38;2;158;73;157m▀[48;2;0;0;0m      [m
[48;2;0;0;0m     [48;2;0;1;0m[38;2;0;0;0m▀[48;2;144;59;140m▀[48;2;251;108;249m[38;2;62;29;62m▀[48;2;255;106;254m[38;2;231;96;226m▀[48;2;255;104;247m[38;2;255;106;254m▀[38;2;251;108;249m▀[48;2;231;96;226m[38;2;46;23;47m▀[48;2;75;33;71m[38;2;179;77;176m▀[48;2;86;34;82m[38;2;255;106;254m▀[48;2;251;108;249m[38;2;255;104;247m▀▀[48;2;255;106;254m▀[48;2;255;104;247m          [48;2;210;87;205m[38;2;231;96;226m▀[48;2;0;0;0m[38;2;46;23;47m▀      [m
[48;2;0;0;0m    [48;2;158;73;157m[38;2;7;4;9m▀[48;2;251;108;249m[38;2;201;92;198m▀[48;2;255;106;254m[38;2;251;108;249m▀[38;2;255;104;247m▀▀▀▀▀ [48;2;251;108;249m[38;2;144;59;140m▀[38;2;23;10;18m▀[48;2;179;77;176m[38;2;86;34;82m▀[48;2;135;58;127m[38;2;179;77;176m▀[48;2;105;45;103m[38;2;251;108;249m▀▀[48;2;179;77;176m▀[48;2;251;108;249m[38;2;255;104;247m▀[48;2;255;106;254m▀▀▀▀▀ [48;2;201;92;198m[38;2;179;77;176m▀[48;2;0;0;0m       [m
[48;2;0;0;0m    [38;2;62;29;62m▀[38;2;75;33;71m▀▀▀▀▀▀▀▀▀▀▀▀▀▀▀▀▀▀▀▀▀▀[38;2;62;29;62m▀       [m
