[48;2;0;0;0m                                   [m
[48;2;0;0;0m                                   [m
[48;2;0;0;0m                     [48;2;0;1;0m[38;2;0;0;0m▀[48;2;23;10;18m▀[48;2;34;14;16m▀[48;2;12;5;3m▀[48;2;0;1;0m▀[48;2;0;0;0m         [m
[48;2;0;0;0m           [48;2;35;38;29m[38;2;0;0;0m▀[48;2;117;134;98m[38;2;14;15;12m▀[48;2;124;141;105m▀[48;2;64;72;52m[38;2;8;10;6m▀[48;2;0;0;0m  [48;2;23;10;18m[38;2;0;0;0m▀[48;2;123;52;91m▀[48;2;231;98;174m[38;2;23;10;18m▀[48;2;255;112;197m[38;2;123;52;91m▀[48;2;254;109;189m [38;2;255;112;197m▀▀ [38;2;207;87;154m▀[48;2;255;112;197m[38;2;71;32;54m▀[48;2;170;71;131m[38;2;7;4;9m▀[48;2;44;19;36m[38;2;0;0;0m▀[48;2;0;0;0m      [m
[48;2;0;0;0m        [48;2;0;4;7m[38;2;0;0;0m▀[48;2;0;1;0m▀[48;2;7;4;9m▀[48;2;83;96;69m[38;2;64;72;52m▀[48;2;124;141;105m[38;2;129;146;109m▀ [48;2;95;110;80m[38;2;83;96;69m▀[48;2;12;5;3m[38;2;0;0;0m▀[48;2;170;71;131m[38;2;0;1;0m▀[48;2;7;4;9m[38;2;71;32;54m▀[48;2;0;1;0m[38;2;127;53;103m▀[48;2;207;87;154m[38;2;255;112;197m▀[48;2;254;109;189m        [48;2;255;112;197m[38;2;207;87;154m▀[48;2;98;42;78m[38;2;12;5;3m▀[48;2;0;0;0m     [m
[48;2;0;0;0m        [38;2;0;4;7m▀[38;2;0;1;0m▀[38;2;7;4;9m▀[48;2;69;83;61m[38;2;83;96;69m▀[48;2;129;146;109m[38;2;124;141;105m▀[48;2;124;141;105m [48;2;69;83;56m[38;2;83;96;69m▀[48;2;170;71;131m[38;2;98;42;78m▀[48;2;254;109;189m [48;2;207;87;154m[38;2;12;5;3m▀[38;2;0;1;0m▀[48;2;254;109;189m[38;2;231;98;174m▀         ▀[48;2;71;32;54m[38;2;12;5;3m▀[48;2;0;0;0m    [m
[48;2;0;0;0m           [48;2;21;27;17m[38;2;44;53;39m▀[48;2;117;134;98m[38;2;129;146;109m▀[48;2;124;141;105m [48;2;65;42;41m[38;2;54;68;47m▀[48;2;231;98;174m[38;2;207;87;154m▀[48;2;254;109;189m              [48;2;170;71;131m[38;2;123;52;91m▀[48;2;0;0;0m    [m
[48;2;0;0;0m            [48;2;21;27;17m[38;2;83;96;69m▀[48;2;44;53;39m[38;2;107;123;89m▀[48;2;170;71;131m[38;2;76;31;59m▀[48;2;254;109;189m               [48;2;231;98;174m[38;2;207;87;154m▀[48;2;44;19;36m [48;2;0;0;0m   [m
[48;2;0;0;0m          [48;2;7;4;9m[38;2;0;0;0m▀[48;2;207;87;154m[38;2;44;19;36m▀[48;2;98;42;78m▀[48;2;170;71;131m[38;2;71;32;54m▀[48;2;255;112;197m [48;2;254;109;189m               [48;2;231;98;174m [48;2;44;19;36m [48;2;0;0;0m   [m
[48;2;0;0;0m        [48;2;44;19;36m[38;2;0;0;0m▀[48;2;231;98;174m[38;2;44;19;36m▀[48;2;254;109;189m[38;2;207;87;154m▀[38;2;255;112;197m▀[48;2;255;112;197m[38;2;207;87;154m▀[48;2;123;52;91m[38;2;34;14;16m▀[48;2;98;42;78m[38;2;255;112;197m▀[48;2;254;109;189m               [48;2;123;52;91m[38;2;207;87;154m▀[48;2;0;0;0m    [m
[48;2;0;0;0m     [48;2;44;19;36m[38;2;0;0;0m▀[48;2;207;87;154m[38;2;23;10;18m▀[48;2;254;109;189m[38;2;123;52;91m▀[38;2;255;112;197m▀    ▀[38;2;98;42;78m▀[48;2;170;71;131m▀[48;2;71;32;54m[38;2;231;98;174m▀[38;2;254;109;189m▀[48;2;123;52;91m▀[48;2;207;87;154m▀[48;2;231;98;174m▀[48;2;254;109;189m        [48;2;170;71;131m▀[48;2;0;0;0m[38;2;23;10;18m▀    [m
[48;2;0;0;0m   [48;2;44;19;36m[38;2;0;0;0m▀[48;2;231;98;174m[38;2;71;32;54m▀[48;2;254;109;189m[38;2;255;112;197m▀          ▀[48;2;255;112;197m[38;2;207;87;154m▀[38;2;123;52;91m▀[38;2;44;19;36m▀[38;2;7;4;9m▀[38;2;207;87;154m▀[48;2;254;109;189m      [48;2;255;112;197m [48;2;207;87;154m[38;2;123;52;91m▀[48;2;0;1;0m[38;2;0;0;0m▀[48;2;0;0;0m    [m
[48;2;0;0;0m   [38;2;23;10;18m▀[38;2;76;31;59m▀[38;2;71;32;54m▀▀▀▀▀▀▀▀▀▀▀▀▀▀▀▀▀▀▀▀▀▀▀▀[38;2;76;31;59m▀[38;2;0;4;7m▀    [m
