[48;2;0;0;0m                                   [m
[48;2;0;0;0m        [48;2;0;4;7m[38;2;0;0;0m▀[48;2;17;28;32m▀[48;2;53;82;102m▀[48;2;67;104;125m▀[48;2;53;82;102m▀[48;2;26;40;50m▀[48;2;0;4;7m▀[48;2;0;0;0m                    [m
[48;2;0;0;0m      [48;2;40;63;78m[38;2;0;0;0m▀[48;2;126;201;240m[38;2;36;54;64m▀[48;2;136;213;254m[38;2;101;156;185m▀[38;2;141;222;255m▀▀▀▀▀[38;2;115;181;215m▀[38;2;40;63;78m▀[48;2;67;104;125m[38;2;0;0;0m▀[48;2;0;0;0m                  [m
[48;2;0;0;0m    [48;2;11;16;20m[38;2;0;0;0m▀[48;2;126;201;240m[38;2;17;28;32m▀[48;2;136;213;254m          [38;2;126;201;240m▀[48;2;67;104;125m[38;2;26;40;50m▀[48;2;0;0;0m  [48;2;0;1;0m[38;2;0;0;0m▀▀[48;2;0;0;0m       [48;2;0;1;0m▀▀[48;2;0;0;0m    [m
[48;2;0;0;0m   [48;2;26;40;50m[38;2;0;0;0m▀[48;2;115;181;215m[38;2;82;130;156m▀[48;2;136;213;254m            [48;2;82;130;156m[38;2;115;181;215m▀[48;2;14;27;23m[38;2;11;16;20m▀[48;2;21;27;17m[38;2;0;0;0m▀[48;2;8;10;6m[38;2;0;1;0m▀[48;2;0;0;0m▀      ▀[48;2;0;1;0m [48;2;0;0;0m[38;2;0;4;7m▀    [m
[48;2;0;0;0m   [48;2;82;130;156m[38;2;40;63;78m▀[48;2;136;213;254m            [48;2;115;181;215m[38;2;126;201;240m▀[48;2;44;57;31m[38;2;35;38;29m▀[48;2;124;141;105m[38;2;117;134;98m▀[38;2;129;146;109m▀[48;2;107;123;89m[38;2;69;83;61m▀[48;2;0;4;7m[38;2;0;0;0m▀[48;2;0;0;0m             [m
[48;2;0;0;0m  [48;2;11;16;20m[38;2;0;1;0m▀[48;2;141;222;255m[38;2;136;213;254m▀[48;2;136;213;254m            [48;2;101;156;185m [48;2;64;72;52m [48;2;124;141;105m  [48;2;95;110;80m[38;2;107;123;89m▀[48;2;8;10;6m[38;2;0;4;7m▀[48;2;0;0;0m             [m
[48;2;0;0;0m  [48;2;11;16;20m[38;2;17;28;32m▀[48;2;141;222;255m [48;2;136;213;254m            [48;2;126;201;240m[38;2;115;181;215m▀[48;2;44;53;39m[38;2;57;63;47m▀[48;2;117;134;98m[38;2;124;141;105m▀[48;2;124;141;105m [48;2;57;63;47m[38;2;83;96;69m▀[48;2;0;4;7m[38;2;7;4;9m▀[48;2;0;0;0m             [m
[48;2;0;0;0m  [38;2;0;1;0m▀[48;2;53;82;102m[38;2;115;181;215m▀[48;2;136;213;254m            [38;2;126;201;240m▀[48;2;82;130;156m[38;2;36;54;64m▀[48;2;72;79;59m[38;2;117;134;98m▀[48;2;107;123;89m▀[48;2;14;27;23m[38;2;35;38;29m▀[48;2;0;0;0m              [m
[48;2;0;0;0m   [48;2;53;82;102m[38;2;11;16;20m▀[48;2;23;40;41m[38;2;115;181;215m▀[48;2;126;201;240m[38;2;136;213;254m▀[48;2;136;213;254m           [38;2;126;201;240m▀[48;2;126;201;240m[38;2;17;28;32m▀[48;2;36;54;64m[38;2;49;51;39m▀[48;2;126;201;240m[38;2;82;130;156m▀[48;2;136;213;254m[38;2;67;104;125m▀[48;2;126;201;240m[38;2;11;16;20m▀[48;2;67;104;125m[38;2;0;0;0m▀[48;2;0;4;7m▀[48;2;0;0;0m          [m
[48;2;0;0;0m   [48;2;67;104;125m[38;2;82;130;156m▀[48;2;141;222;255m[38;2;101;156;185m▀[48;2;115;181;215m[38;2;17;28;32m▀[48;2;40;63;78m[38;2;101;156;185m▀[48;2;36;54;64m[38;2;136;213;254m▀[48;2;115;181;215m▀[48;2;141;222;255m▀▀[48;2;136;213;254m        [38;2;141;222;255m▀   ▀ [48;2;141;222;255m[38;2;67;104;125m▀[48;2;126;201;240m[38;2;26;40;50m▀[48;2;82;130;156m[38;2;0;0;0m▀[48;2;0;4;7m▀[48;2;0;0;0m      [m
[48;2;0;0;0m   [48;2;36;54;64m[38;2;53;82;102m▀[48;2;141;222;255m [48;2;136;213;254m  [48;2;141;222;255m[38;2;101;156;185m▀[38;2;17;28;32m▀[48;2;115;181;215m[38;2;23;40;41m▀[48;2;82;130;156m[38;2;53;82;102m▀[48;2;115;181;215m [48;2;141;222;255m[38;2;136;213;254m▀[48;2;136;213;254m               [48;2;141;222;255m[38;2;115;181;215m▀[48;2;136;213;254m[38;2;11;16;20m▀[48;2;53;82;102m[38;2;0;0;0m▀[48;2;0;0;0m    [m
[48;2;0;0;0m   [38;2;11;16;20m▀[38;2;40;63;78m▀▀▀▀▀▀▀▀▀▀▀▀▀▀▀▀▀▀▀▀▀▀▀▀▀▀[38;2;36;54;64m▀[38;2;0;4;7m▀▀  [m
