[48;2;0;0;0m                                   [m
[48;2;0;0;0m                                   [m
[48;2;0;0;0m          [48;2;0;4;7m[38;2;0;0;0m▀[48;2;0;1;0m▀[48;2;0;0;0m       [48;2;0;4;7m▀[48;2;0;1;0m▀[48;2;0;0;0m              [m
[48;2;0;0;0m          [38;2;0;1;0m▀[48;2;0;1;0m [48;2;0;0;0m     [48;2;23;10;18m[38;2;0;0;0m▀[48;2;127;53;103m▀[48;2;151;61;125m[38;2;7;4;9m▀[48;2;98;42;78m[38;2;0;1;0m▀[48;2;255;105;213m[38;2;46;23;47m▀[48;2;255;111;224m[38;2;80;33;67m▀[38;2;46;23;47m▀[48;2;255;105;213m[38;2;23;10;18m▀[48;2;203;84;169m▀[48;2;98;42;78m[38;2;0;0;0m▀[48;2;0;1;0m▀[48;2;0;0;0m       [m
[48;2;0;0;0m               [48;2;44;19;36m[38;2;0;0;0m▀[48;2;254;107;205m[38;2;23;10;18m▀[48;2;151;61;125m[38;2;203;84;169m▀[48;2;15;19;8m[38;2;255;105;213m▀[48;2;21;27;17m[38;2;254;107;205m▀[48;2;44;19;36m[38;2;255;105;213m▀[48;2;235;97;194m▀[48;2;255;105;213m     [38;2;151;61;125m▀[48;2;98;42;78m[38;2;0;1;0m▀[48;2;0;0;0m      [m
[48;2;0;0;0m             [48;2;7;4;9m[38;2;0;0;0m▀[48;2;170;71;131m[38;2;44;19;36m▀[48;2;255;105;213m[38;2;235;97;194m▀[48;2;203;84;169m▀[48;2;55;67;41m[38;2;47;36;28m▀[48;2;124;141;105m[38;2;117;134;98m▀[38;2;129;146;109m▀[48;2;107;123;89m[38;2;69;83;56m▀[48;2;46;23;47m[38;2;127;53;103m▀[48;2;255;111;224m [48;2;255;105;213m     [48;2;255;111;224m[38;2;203;84;169m▀[48;2;30;14;28m[38;2;7;4;9m▀[48;2;0;0;0m     [m
[48;2;0;0;0m            [48;2;23;10;18m[38;2;0;0;0m▀[48;2;255;105;213m[38;2;98;42;78m▀[38;2;255;111;224m▀ [48;2;203;84;169m [48;2;69;83;56m [48;2;124;141;105m  [48;2;95;110;80m[38;2;107;123;89m▀[48;2;71;32;54m[38;2;44;19;36m▀[48;2;255;111;224m [48;2;255;105;213m     [38;2;255;111;224m▀[48;2;235;97;194m[38;2;127;53;103m▀[48;2;0;1;0m[38;2;0;0;0m▀[48;2;0;0;0m    [m
[48;2;0;0;0m           [48;2;0;1;0m[38;2;0;0;0m▀[48;2;151;61;125m[38;2;127;53;103m▀[48;2;255;105;213m   [48;2;235;97;194m[38;2;203;84;169m▀[48;2;49;51;39m[38;2;55;67;41m▀[48;2;117;134;98m[38;2;124;141;105m▀[48;2;124;141;105m [48;2;44;57;31m[38;2;83;96;69m▀[48;2;170;71;131m[38;2;127;53;103m▀[48;2;255;105;213m        [48;2;98;42;78m[38;2;44;19;36m▀[48;2;0;0;0m    [m
[48;2;0;0;0m          [48;2;23;10;18m[38;2;0;0;0m▀[48;2;151;61;125m[38;2;0;1;0m▀[38;2;170;71;131m▀[48;2;255;105;213m   [38;2;254;107;205m▀[48;2;151;61;125m[38;2;71;32;54m▀[48;2;72;79;59m[38;2;117;134;98m▀[48;2;107;123;89m▀[48;2;76;31;59m[38;2;27;40;29m▀[48;2;255;105;213m[38;2;235;97;194m▀        [48;2;98;42;78m [48;2;0;0;0m    [m
[48;2;0;0;0m        [48;2;23;10;18m[38;2;0;0;0m▀[48;2;203;84;169m[38;2;30;14;28m▀[48;2;255;105;213m[38;2;203;84;169m▀[38;2;235;97;194m▀[48;2;98;42;78m[38;2;76;31;59m▀[48;2;127;53;103m[38;2;255;111;224m▀[48;2;255;111;224m[38;2;254;107;205m▀[48;2;255;105;213m   [48;2;254;107;205m[38;2;44;19;36m▀[48;2;71;32;54m[38;2;44;53;39m▀[48;2;235;97;194m[38;2;170;71;131m▀[48;2;255;105;213m        [48;2;235;97;194m[38;2;255;105;213m▀[48;2;0;1;0m[38;2;44;19;36m▀[48;2;0;0;0m    [m
[48;2;0;0;0m     [48;2;23;10;18m[38;2;0;0;0m▀[48;2;203;84;169m[38;2;7;4;9m▀[48;2;255;105;213m[38;2;98;42;78m▀[38;2;254;107;205m▀    [48;2;254;107;205m[38;2;71;32;54m▀[48;2;151;61;125m[38;2;127;53;103m▀[48;2;44;19;36m[38;2;235;97;194m▀[48;2;127;53;103m[38;2;255;105;213m▀[48;2;235;97;194m▀[48;2;255;111;224m▀ [48;2;255;105;213m        [48;2;235;97;194m[38;2;255;111;224m▀[48;2;7;4;9m[38;2;80;33;67m▀[48;2;0;0;0m     [m
[48;2;0;0;0m   [48;2;30;14;28m[38;2;0;0;0m▀[48;2;203;84;169m[38;2;44;19;36m▀[48;2;255;105;213m          [38;2;254;107;205m▀[48;2;255;111;224m[38;2;127;53;103m▀[38;2;23;10;18m▀[48;2;235;97;194m[38;2;30;14;28m▀[48;2;203;84;169m[38;2;71;32;54m▀[38;2;127;53;103m▀[48;2;255;105;213m       [38;2;203;84;169m▀[48;2;7;4;9m [48;2;0;0;0m     [m
[48;2;0;0;0m   [38;2;7;4;9m▀[38;2;76;31;59m▀▀▀▀▀▀▀▀▀▀▀▀▀▀▀[38;2;80;33;67m▀[38;2;76;31;59m▀▀▀▀▀▀▀▀[38;2;80;33;67m▀[38;2;7;4;9m▀     [m
