[48;2;0;0;0m                                   [m
[48;2;0;0;0m                                   [m
[48;2;0;0;0m            [48;2;0;4;7m[38;2;0;0;0m▀[48;2;0;1;0m▀▀▀[48;2;98;56;103m▀[48;2;32;24;40m▀[48;2;0;1;0m▀[48;2;0;0;0m                [m
[48;2;0;0;0m          [48;2;98;56;103m[38;2;0;0;0m▀[48;2;187;108;198m[38;2;22;14;26m▀[48;2;62;58;57m[38;2;23;10;18m▀[48;2;129;146;109m[38;2;95;110;80m▀[48;2;124;141;105m [48;2;117;134;98m[38;2;54;68;47m▀[48;2;22;14;26m[38;2;98;56;103m▀[48;2;243;142;255m[38;2;253;144;254m▀[38;2;195;112;204m▀[48;2;236;140;255m[38;2;32;24;40m▀[48;2;84;52;93m[38;2;0;0;0m▀[48;2;0;0;0m              [m
[48;2;0;0;0m        [48;2;22;14;26m[38;2;0;0;0m▀[48;2;206;121;220m[38;2;84;52;93m▀[48;2;243;142;255m[38;2;236;140;255m▀[48;2;173;98;178m[38;2;187;108;198m▀[48;2;55;67;41m[38;2;54;68;47m▀[48;2;124;141;105m   [48;2;22;14;26m [48;2;236;140;255m  [38;2;243;142;255m▀[48;2;243;142;255m [48;2;150;85;155m[38;2;22;14;26m▀[48;2;0;0;0m             [m
[48;2;0;0;0m       [48;2;62;29;62m[38;2;0;1;0m▀[48;2;253;144;254m[38;2;173;98;178m▀[48;2;236;140;255m[38;2;243;142;255m▀ [48;2;206;121;220m[38;2;187;108;198m▀[48;2;62;58;57m[38;2;54;68;47m▀[48;2;124;141;105m  [48;2;83;96;69m[38;2;107;123;89m▀[48;2;7;4;9m[38;2;22;14;26m▀[48;2;0;1;0m[38;2;195;112;204m▀[48;2;57;33;58m[38;2;243;142;255m▀[48;2;253;144;254m[38;2;236;140;255m▀[48;2;236;140;255m [38;2;243;142;255m▀[48;2;84;52;93m[38;2;7;4;9m▀[48;2;0;0;0m   [48;2;0;1;0m[38;2;0;0;0m▀▀[48;2;0;0;0m       [m
[48;2;0;0;0m      [48;2;46;23;47m[38;2;0;0;0m▀[48;2;225;132;241m[38;2;187;108;198m▀[48;2;236;140;255m   [48;2;243;142;255m[38;2;225;132;241m▀[48;2;113;65;115m[38;2;57;33;58m▀[48;2;69;83;61m[38;2;124;141;105m▀[48;2;124;141;105m[38;2;129;146;109m▀[48;2;28;24;17m[38;2;57;63;47m▀[48;2;225;132;241m[38;2;57;33;58m▀[48;2;84;52;93m[38;2;0;1;0m▀[48;2;173;98;178m[38;2;7;4;9m▀[48;2;243;142;255m[38;2;253;144;254m▀[48;2;236;140;255m  [38;2;173;98;178m▀[48;2;74;40;75m[38;2;0;0;0m▀[48;2;0;0;0m  [48;2;0;4;7m[38;2;0;1;0m▀[48;2;0;0;0m[38;2;0;4;7m▀       [m
[48;2;0;0;0m      [48;2;113;65;115m[38;2;84;52;93m▀[48;2;243;142;255m [48;2;236;140;255m   [38;2;243;142;255m▀[48;2;243;142;255m[38;2;223;125;223m▀[48;2;173;98;178m[38;2;7;4;9m▀[48;2;22;14;26m[38;2;83;96;69m▀[48;2;206;121;220m[38;2;84;52;93m▀[48;2;236;140;255m[38;2;243;142;255m▀▀▀   ▀[48;2;253;144;254m[38;2;223;125;223m▀[48;2;68;41;73m[38;2;0;1;0m▀[48;2;0;0;0m          [m
[48;2;0;0;0m      [48;2;150;85;155m [48;2;243;142;255m [48;2;236;140;255m      [38;2;225;132;241m▀[38;2;243;142;255m▀       [48;2;253;144;254m▀[48;2;74;40;75m[38;2;98;56;103m▀[48;2;0;0;0m          [m
[48;2;0;0;0m     [48;2;7;4;9m[38;2;0;0;0m▀[48;2;30;14;28m[38;2;98;56;103m▀[48;2;225;132;241m[38;2;243;142;255m▀[48;2;236;140;255m              [48;2;243;142;255m[38;2;236;140;255m▀[48;2;195;112;204m[38;2;253;144;254m▀[48;2;0;1;0m[38;2;7;4;9m▀[48;2;0;0;0m          [m
[48;2;0;0;0m    [48;2;0;4;7m[38;2;0;0;0m▀[48;2;223;125;223m[38;2;46;23;47m▀[48;2;243;142;255m[38;2;150;85;155m▀[48;2;128;65;127m[38;2;98;56;103m▀[48;2;46;23;47m[38;2;243;142;255m▀[48;2;206;121;220m▀[48;2;253;144;254m[38;2;236;140;255m▀[48;2;243;142;255m▀[48;2;236;140;255m          [48;2;243;142;255m [48;2;206;121;220m[38;2;173;98;178m▀[48;2;0;1;0m [48;2;0;0;0m          [m
[48;2;0;0;0m    [48;2;187;108;198m[38;2;98;56;103m▀[48;2;243;142;255m [38;2;236;140;255m▀ [38;2;195;112;204m▀[38;2;30;14;28m▀[48;2;150;85;155m[38;2;98;56;103m▀[48;2;98;56;103m[38;2;195;112;204m▀[48;2;84;52;93m[38;2;243;142;255m▀[48;2;150;85;155m▀[48;2;253;144;254m[38;2;236;140;255m▀[48;2;243;142;255m▀▀▀▀▀▀▀▀[38;2;253;144;254m▀[48;2;253;144;254m[38;2;112;73;131m▀[48;2;113;65;115m[38;2;0;1;0m▀[48;2;0;0;0m         [m
[48;2;0;0;0m    [38;2;57;33;58m▀[38;2;68;41;73m▀▀▀▀▀[38;2;74;40;75m▀[38;2;68;41;73m▀▀▀▀▀▀▀▀▀▀▀▀▀▀[38;2;57;33;58m▀[38;2;7;4;9m▀        [m
