[48;2;0;0;0m                                   [m
[48;2;0;0;0m                                   [m
[48;2;0;0;0m               [48;2;0;1;0m[38;2;0;0;0m▀▀[48;2;0;0;0m    [48;2;26;12;13m▀[48;2;133;55;67m▀[48;2;189;78;102m▀[48;2;0;1;0m▀▀[48;2;110;46;59m▀[48;2;44;18;23m▀[48;2;0;1;0m▀[48;2;0;0;0m      [m
[48;2;0;0;0m               [38;2;0;1;0m▀▀ [48;2;95;38;46m[38;2;0;0;0m▀[48;2;210;88;113m[38;2;26;12;13m▀[48;2;252;108;140m[38;2;133;55;67m▀[48;2;255;104;134m[38;2;255;105;140m▀▀[48;2;255;105;140m [48;2;210;88;113m[38;2;12;5;3m▀[48;2;189;78;102m[38;2;0;1;0m▀[48;2;255;105;140m[38;2;234;96;126m▀[48;2;255;104;134m[38;2;255;105;140m▀[48;2;252;108;140m[38;2;133;55;67m▀[48;2;189;78;102m[38;2;12;5;3m▀[48;2;12;5;3m[38;2;0;0;0m▀[48;2;0;0;0m    [m
[48;2;0;0;0m                [48;2;75;31;39m[38;2;0;0;0m▀[48;2;255;105;140m[38;2;110;46;59m▀[48;2;255;104;134m[38;2;252;108;140m▀[38;2;255;105;140m▀  [48;2;210;88;113m▀[48;2;57;26;31m[38;2;252;108;140m▀[48;2;28;24;17m[38;2;255;105;140m▀[48;2;75;31;39m[38;2;252;108;140m▀[48;2;234;96;126m[38;2;255;104;134m▀[48;2;255;104;134m  [38;2;255;105;140m▀[48;2;234;96;126m[38;2;133;55;67m▀[48;2;44;18;23m[38;2;0;0;0m▀[48;2;0;0;0m   [m
[48;2;0;0;0m              [48;2;26;12;13m[38;2;0;0;0m▀[48;2;210;88;113m[38;2;57;26;31m▀[48;2;255;104;134m[38;2;255;105;140m▀▀   [48;2;252;108;140m▀[48;2;27;40;29m[38;2;65;42;41m▀[48;2;124;141;105m[38;2;95;110;80m▀[38;2;117;134;98m▀[48;2;107;123;89m[38;2;69;83;61m▀[48;2;50;28;28m[38;2;110;46;59m▀[48;2;252;108;140m [48;2;255;104;134m  [48;2;255;105;140m [48;2;133;55;67m[38;2;57;26;31m▀[48;2;0;0;0m   [m
[48;2;0;0;0m             [48;2;12;5;3m[38;2;0;0;0m▀[48;2;158;66;86m[38;2;95;38;46m▀[48;2;255;105;140m [48;2;255;104;134m    [48;2;255;105;140m [48;2;189;78;102m [48;2;44;53;39m [48;2;124;141;105m  [48;2;107;123;89m [48;2;40;23;22m [48;2;252;108;140m [48;2;255;104;134m  [38;2;255;105;140m▀[48;2;252;108;140m[38;2;210;88;113m▀[48;2;26;12;13m[38;2;0;1;0m▀[48;2;0;0;0m  [m
[48;2;0;0;0m            [48;2;12;5;3m[38;2;0;0;0m▀[48;2;44;18;23m[38;2;0;1;0m▀[48;2;210;88;113m[38;2;234;96;126m▀[48;2;255;105;140m [48;2;255;104;134m    [38;2;255;105;140m▀[48;2;255;105;140m[38;2;210;88;113m▀[48;2;35;38;29m[38;2;29;42;23m▀[48;2;117;134;98m[38;2;124;141;105m▀[48;2;124;141;105m [48;2;83;96;69m[38;2;95;110;80m▀[48;2;110;46;59m[38;2;75;31;39m▀[48;2;255;105;140m[38;2;252;108;140m▀[48;2;255;104;134m   [48;2;252;108;140m [48;2;95;38;46m[38;2;75;31;39m▀[48;2;0;0;0m  [m
[48;2;0;0;0m           [48;2;57;26;31m[38;2;0;0;0m▀[48;2;234;96;126m[38;2;133;55;67m▀[48;2;210;88;113m▀[48;2;57;26;31m▀[48;2;255;104;134m[38;2;255;105;140m▀     ▀[48;2;158;66;86m[38;2;75;31;39m▀[48;2;64;72;52m[38;2;107;123;89m▀[48;2;124;141;105m [48;2;67;47;37m[38;2;54;68;47m▀[48;2;234;96;126m[38;2;210;88;113m▀[48;2;255;104;134m[38;2;255;105;140m▀   [48;2;252;108;140m [48;2;44;18;23m[38;2;95;38;46m▀[48;2;0;0;0m  [m
[48;2;0;0;0m         [48;2;57;26;31m[38;2;0;0;0m▀[48;2;252;108;140m[38;2;57;26;31m▀[48;2;255;104;134m[38;2;234;96;126m▀[38;2;255;105;140m▀▀[48;2;234;96;126m[38;2;110;46;59m▀[48;2;34;14;16m[38;2;158;66;86m▀[48;2;158;66;86m[38;2;252;108;140m▀[48;2;252;108;140m[38;2;255;104;134m▀[48;2;255;104;134m    [48;2;255;105;140m[38;2;252;108;140m▀[48;2;234;96;126m[38;2;44;18;23m▀[48;2;12;5;3m[38;2;69;83;61m▀[48;2;210;88;113m[38;2;110;46;59m▀[48;2;255;105;140m [48;2;255;104;134m   [48;2;255;105;140m [48;2;133;55;67m[38;2;234;96;126m▀[48;2;0;0;0m[38;2;7;4;9m▀  [m
[48;2;0;0;0m      [48;2;26;12;13m[38;2;0;0;0m▀[48;2;189;78;102m[38;2;12;5;3m▀[48;2;255;105;140m[38;2;95;38;46m▀ [48;2;255;104;134m    [38;2;255;105;140m▀ [48;2;255;105;140m[38;2;75;31;39m▀[48;2;189;78;102m[38;2;95;38;46m▀[48;2;110;46;59m[38;2;189;78;102m▀[48;2;44;18;23m[38;2;234;96;126m▀[48;2;57;26;31m[38;2;255;105;140m▀[48;2;95;38;46m[38;2;252;108;140m▀[48;2;189;78;102m[38;2;255;105;140m▀[48;2;255;105;140m [48;2;255;104;134m▀▀    [48;2;210;88;113m[38;2;252;108;140m▀[48;2;44;18;23m[38;2;57;26;31m▀[48;2;0;0;0m   [m
[48;2;0;0;0m    [48;2;44;18;23m[38;2;0;0;0m▀[48;2;252;108;140m[38;2;26;12;13m▀[38;2;234;96;126m▀[48;2;255;105;140m [38;2;255;104;134m▀▀▀▀▀▀▀▀▀▀  [38;2;210;88;113m▀[48;2;252;108;140m[38;2;189;78;102m▀[48;2;255;105;140m[38;2;210;88;113m▀ [38;2;255;104;134m▀▀▀▀▀▀[48;2;234;96;126m[38;2;189;78;102m▀[48;2;57;26;31m[38;2;0;0;0m▀[48;2;0;0;0m   [m
[48;2;0;0;0m    [38;2;34;14;16m▀[38;2;75;31;39m▀▀▀▀▀▀▀▀▀▀▀▀▀▀▀▀▀▀▀▀▀▀▀▀▀▀[38;2;26;12;13m▀   [m
