[48;2;0;0;0m                                   [m
[48;2;0;0;0m                                   [m
[48;2;0;0;0m                     [48;2;34;14;16m[38;2;0;0;0m▀[48;2;148;61;63m▀[48;2;216;88;93m▀[38;2;57;26;31m▀[48;2;236;97;104m[38;2;61;27;27m▀[48;2;216;88;93m[38;2;44;18;23m▀[48;2;188;80;82m[38;2;0;0;0m▀[48;2;61;27;27m▀[48;2;0;1;0m▀[48;2;0;0;0m     [m
[48;2;0;0;0m                  [48;2;61;27;27m[38;2;0;0;0m▀[48;2;216;88;93m[38;2;26;12;13m▀[48;2;255;109;118m[38;2;133;55;67m▀[48;2;255;106;110m       [38;2;255;109;118m▀[48;2;255;109;118m[38;2;148;61;63m▀[48;2;148;61;63m[38;2;0;1;0m▀[48;2;0;0;0m    [m
[48;2;0;0;0m            [48;2;35;38;29m[38;2;0;0;0m▀[48;2;129;146;109m[38;2;21;27;17m▀[48;2;107;123;89m[38;2;44;53;39m▀[48;2;69;83;61m[38;2;8;10;6m▀[48;2;26;12;13m[38;2;0;0;0m▀[48;2;255;106;110m[38;2;85;37;37m▀[38;2;236;97;104m▀   [48;2;236;97;104m[38;2;255;106;110m▀[48;2;188;80;82m▀[48;2;236;97;104m▀[48;2;255;106;110m      [48;2;165;75;75m[38;2;61;27;27m▀[48;2;0;1;0m[38;2;0;0;0m▀[48;2;0;0;0m  [m
[48;2;0;0;0m            [48;2;83;96;69m[38;2;69;83;61m▀[48;2;69;83;61m[38;2;83;96;69m▀[48;2;0;1;0m [48;2;8;10;6m[38;2;15;19;8m▀[48;2;34;14;16m [48;2;255;106;110m[38;2;255;109;118m▀    [48;2;133;55;67m[38;2;148;61;63m▀[48;2;0;1;0m [48;2;34;14;16m[38;2;61;27;27m▀[48;2;255;106;110m[38;2;255;109;118m▀     [48;2;255;109;118m[38;2;255;106;110m▀[48;2;61;27;27m[38;2;12;5;3m▀[48;2;0;0;0m  [m
[48;2;0;0;0m            [48;2;72;79;59m[38;2;69;83;61m▀[48;2;124;141;105m[38;2;117;134;98m▀[48;2;129;146;109m[38;2;44;53;39m▀[48;2;95;110;80m[38;2;69;83;61m▀[48;2;76;30;34m[38;2;34;14;16m▀[48;2;255;109;118m [48;2;255;106;110m    [38;2;216;88;93m▀[38;2;95;38;46m▀[38;2;188;80;82m▀       [48;2;236;97;104m[38;2;148;61;63m▀[48;2;0;1;0m[38;2;0;0;0m▀[48;2;0;0;0m [m
[48;2;0;0;0m            [48;2;8;10;6m[38;2;44;53;39m▀[48;2;117;134;98m[38;2;124;141;105m▀[48;2;124;141;105m[38;2;129;146;109m▀[48;2;21;27;17m[38;2;54;68;47m▀[48;2;236;97;104m[38;2;148;61;63m▀[48;2;255;106;110m                [48;2;61;27;27m[38;2;44;18;23m▀[48;2;0;0;0m [m
[48;2;0;0;0m           [48;2;12;5;3m[38;2;0;0;0m▀[48;2;188;80;82m[38;2;0;1;0m▀[48;2;44;18;23m[38;2;44;53;39m▀[48;2;29;42;23m[38;2;107;123;89m▀[48;2;133;55;67m[38;2;61;27;27m▀[48;2;255;106;110m[38;2;255;109;118m▀               [48;2;236;97;104m[38;2;255;106;110m▀[48;2;0;1;0m[38;2;34;14;16m▀[48;2;0;0;0m [m
[48;2;0;0;0m         [48;2;0;1;0m[38;2;0;0;0m▀[48;2;148;61;63m[38;2;0;1;0m▀[48;2;255;106;110m[38;2;148;61;63m▀ [38;2;236;97;104m▀[38;2;95;38;46m▀[48;2;236;97;104m[38;2;44;18;23m▀[48;2;26;12;13m[38;2;188;80;82m▀[48;2;148;61;63m[38;2;255;109;118m▀[48;2;255;106;110m             [48;2;255;109;118m[38;2;255;106;110m▀[48;2;34;14;16m[38;2;148;61;63m▀[48;2;0;0;0m  [m
[48;2;0;0;0m       [48;2;76;30;34m[38;2;0;0;0m▀[48;2;216;88;93m[38;2;26;12;13m▀[48;2;255;106;110m[38;2;165;75;75m▀       [38;2;85;37;37m▀[48;2;216;88;93m▀[48;2;148;61;63m[38;2;188;80;82m▀[48;2;76;30;34m[38;2;216;88;93m▀[48;2;44;18;23m[38;2;255;106;110m▀[48;2;61;27;27m▀[48;2;216;88;93m▀[48;2;255;106;110m      [48;2;255;109;118m▀[48;2;95;38;46m[38;2;216;88;93m▀[48;2;0;0;0m[38;2;0;1;0m▀  [m
[48;2;0;0;0m     [48;2;95;38;46m[38;2;0;0;0m▀[48;2;255;109;118m[38;2;95;38;46m▀[48;2;255;106;110m             [38;2;255;109;118m▀ [38;2;236;97;104m▀       [48;2;255;109;118m [48;2;148;61;63m[38;2;76;30;34m▀[48;2;0;0;0m   [m
[48;2;0;0;0m    [38;2;0;1;0m▀[38;2;61;27;27m▀[38;2;76;30;34m▀▀▀▀▀▀▀▀▀▀▀▀▀▀▀▀▀▀▀▀▀▀▀▀▀[38;2;61;27;27m▀[38;2;0;4;7m▀  [m
