[48;2;0;0;0m             [48;2;29;42;23m[38;2;0;0;0m▀[48;2;79;99;57m▀[48;2;118;152;86m[38;2;0;1;0m▀[48;2;136;175;99m▀[48;2;118;152;86m▀[48;2;86;112;64m[38;2;0;0;0m▀[48;2;29;42;23m▀[48;2;0;0;0m               [m
[48;2;0;0;0m           [48;2;79;99;57m[38;2;7;4;9m▀[48;2;193;243;136m[38;2;86;112;64m▀[48;2;186;238;138m[38;2;162;207;119m▀[38;2;193;243;136m▀▀  ▀[38;2;177;228;129m▀[48;2;193;243;136m[38;2;102;133;77m▀[48;2;102;133;77m[38;2;0;1;0m▀[48;2;0;1;0m[38;2;0;0;0m▀[48;2;0;0;0m            [m
[48;2;0;0;0m         [48;2;44;53;39m[38;2;0;0;0m▀[48;2;177;228;129m[38;2;69;83;56m▀[48;2;186;238;138m[38;2;193;251;142m▀         [38;2;193;243;136m▀[48;2;118;152;86m[38;2;55;67;41m▀[48;2;0;0;0m            [m
[48;2;0;0;0m        [48;2;15;19;8m[38;2;0;0;0m▀[48;2;162;207;119m[38;2;118;152;86m▀[48;2;186;238;138m      [48;2;177;228;129m[38;2;186;238;138m▀[48;2;136;175;99m▀[48;2;186;238;138m    [48;2;193;243;136m[38;2;162;207;119m▀[48;2;56;72;39m[38;2;27;40;29m▀[48;2;0;0;0m           [m
[48;2;0;0;0m       [48;2;0;1;0m[38;2;7;4;9m▀ [48;2;86;112;64m[38;2;102;133;77m▀[48;2;186;238;138m     [48;2;193;251;142m [48;2;8;10;6m[38;2;29;42;23m▀[48;2;0;1;0m [48;2;8;10;6m[38;2;136;175;99m▀[48;2;14;15;12m[38;2;186;238;138m▀[48;2;29;42;23m[38;2;193;243;136m▀[48;2;177;228;129m[38;2;186;238;138m▀[48;2;186;238;138m [48;2;193;243;136m[38;2;177;228;129m▀[48;2;136;175;99m[38;2;0;1;0m▀[48;2;0;4;7m[38;2;0;0;0m▀[48;2;0;0;0m         [m
[48;2;0;0;0m       [48;2;29;42;23m[38;2;8;10;6m▀[48;2;193;251;142m[38;2;79;99;57m▀[48;2;186;238;138m[38;2;162;207;119m▀     [38;2;193;251;142m▀[48;2;162;207;119m[38;2;118;152;86m▀[48;2;57;63;47m[38;2;22;22;20m▀[48;2;124;141;105m[38;2;117;134;98m▀[38;2;132;150;110m▀[48;2;95;110;80m[38;2;64;72;52m▀[48;2;44;57;31m[38;2;86;112;64m▀[48;2;193;251;142m [48;2;186;238;138m  [48;2;118;152;86m[38;2;79;99;57m▀[48;2;0;0;0m         [m
[48;2;0;0;0m       [48;2;8;10;6m[38;2;29;42;23m▀[48;2;193;251;142m [48;2;186;238;138m      [48;2;193;243;136m [48;2;136;175;99m[38;2;118;152;86m▀[48;2;64;72;52m [48;2;124;141;105m  [48;2;95;110;80m[38;2;107;123;89m▀[48;2;56;72;39m[38;2;44;53;39m▀[48;2;193;251;142m [48;2;186;238;138m  [48;2;118;152;86m[38;2;136;175;99m▀[48;2;0;0;0m         [m
[48;2;0;0;0m       [38;2;0;1;0m▀[48;2;29;42;23m[38;2;136;175;99m▀[48;2;186;238;138m       [48;2;162;207;119m▀[48;2;44;53;39m[38;2;57;63;47m▀[48;2;117;134;98m[38;2;124;141;105m▀[48;2;124;141;105m [48;2;49;51;39m[38;2;72;79;59m▀[48;2;136;175;99m[38;2;86;112;64m▀[48;2;193;243;136m[38;2;193;251;142m▀[48;2;186;238;138m  [48;2;98;122;70m[38;2;102;133;77m▀[48;2;0;0;0m         [m
[48;2;0;0;0m       [48;2;0;1;0m[38;2;0;0;0m▀[48;2;136;175;99m[38;2;14;15;12m▀[48;2;56;72;39m[38;2;86;112;64m▀[48;2;102;133;77m[38;2;186;238;138m▀[48;2;177;228;129m▀[48;2;186;238;138m    [38;2;177;228;129m▀[48;2;102;133;77m[38;2;55;67;41m▀[48;2;72;79;59m[38;2;117;134;98m▀[48;2;107;123;89m▀[48;2;69;83;56m[38;2;21;27;17m▀[48;2;186;238;138m[38;2;177;228;129m▀   [38;2;118;152;86m▀[48;2;56;72;39m[38;2;0;0;0m▀[48;2;0;0;0m        [m
[48;2;0;0;0m      [48;2;27;40;29m[38;2;0;0;0m▀[48;2;162;207;119m[38;2;69;83;56m▀[48;2;186;238;138m[38;2;193;251;142m▀[38;2;177;228;129m▀[38;2;86;112;64m▀[48;2;162;207;119m[38;2;44;57;31m▀[48;2;55;67;41m[38;2;136;175;99m▀[48;2;14;15;12m[38;2;193;251;142m▀[48;2;86;112;64m▀[48;2;177;228;129m[38;2;186;238;138m▀[48;2;186;238;138m [38;2;177;228;129m▀[48;2;177;228;129m[38;2;27;40;29m▀[48;2;56;72;39m[38;2;49;51;39m▀[48;2;177;228;129m[38;2;118;152;86m▀[48;2;186;238;138m      ▀[48;2;162;207;119m[38;2;15;19;8m▀[48;2;14;15;12m[38;2;0;0;0m▀[48;2;0;0;0m     [m
[48;2;0;0;0m     [48;2;86;112;64m[38;2;8;10;6m▀[48;2;193;243;136m[38;2;136;175;99m▀[48;2;186;238;138m[38;2;193;243;136m▀    [38;2;193;251;142m▀[38;2;162;207;119m▀[48;2;193;243;136m[38;2;136;175;99m▀[48;2;186;238;138m    [38;2;193;251;142m▀        [38;2;193;243;136m▀[38;2;177;228;129m▀[48;2;136;175;99m[38;2;29;42;23m▀[48;2;21;27;17m[38;2;0;0;0m▀[48;2;0;0;0m   [m
[48;2;0;0;0m    [48;2;79;99;57m[38;2;14;15;12m▀[48;2;193;251;142m[38;2;186;238;138m▀[48;2;193;243;136m▀▀▀▀▀▀▀▀▀▀▀▀▀▀▀▀▀▀▀▀▀▀▀▀[48;2;186;238;138m[38;2;193;243;136m▀[48;2;193;251;142m[38;2;86;112;64m▀[48;2;15;19;8m[38;2;0;0;0m▀[48;2;0;0;0m  [m
[48;2;0;0;0m    [38;2;29;42;23m▀[38;2;56;72;39m▀▀▀▀▀▀▀▀▀▀▀▀▀▀▀▀▀▀▀▀▀▀▀▀▀▀▀[38;2;15;19;8m▀  [m
