[48;2;0;0;0m               [48;2;49;39;25m[38;2;0;0;0m▀[48;2;150;123;81m[38;2;0;1;0m▀[48;2;255;216;139m[38;2;12;5;3m▀[38;2;49;39;25m▀[38;2;60;48;33m▀[38;2;15;19;8m▀[48;2;228;186;122m[38;2;0;1;0m▀[48;2;99;73;53m[38;2;0;0;0m▀[48;2;12;5;3m▀[48;2;0;0;0m           [m
[48;2;0;0;0m             [48;2;72;61;41m[38;2;0;0;0m▀[48;2;255;216;139m[38;2;99;73;53m▀[48;2;255;208;133m[38;2;249;204;136m▀[38;2;255;216;139m▀      [48;2;255;216;139m[38;2;174;143;94m▀[48;2;150;123;81m[38;2;0;1;0m▀[48;2;0;0;0m          [m
[48;2;0;0;0m           [48;2;28;24;17m[38;2;0;0;0m▀[48;2;193;159;104m[38;2;60;48;33m▀[48;2;255;208;133m[38;2;255;216;139m▀          [38;2;249;204;136m▀[48;2;127;100;68m[38;2;47;36;28m▀[48;2;0;0;0m         [m
[48;2;0;0;0m          [48;2;0;1;0m[38;2;0;0;0m▀[48;2;193;159;104m[38;2;72;61;41m▀[48;2;255;216;139m [48;2;210;172;112m[38;2;255;208;133m▀[48;2;193;159;104m▀[48;2;249;204;136m▀[48;2;255;208;133m    [48;2;255;216;139m▀▀[48;2;255;208;133m   [38;2;193;159;104m▀[48;2;60;48;33m[38;2;14;15;12m▀[48;2;0;0;0m        [m
[48;2;0;0;0m          [48;2;127;100;68m[38;2;28;24;17m▀[48;2;228;186;122m[38;2;255;216;139m▀[48;2;49;51;39m[38;2;127;100;68m▀[48;2;129;146;109m[38;2;28;24;17m▀[38;2;57;63;47m▀[48;2;83;96;69m[38;2;14;15;12m▀[48;2;72;61;41m[38;2;228;186;122m▀[48;2;255;216;139m[38;2;255;208;133m▀[48;2;255;208;133m [48;2;228;186;122m▀[48;2;28;24;17m[38;2;115;85;62m▀[48;2;0;1;0m[38;2;28;24;17m▀[48;2;127;100;68m[38;2;228;186;122m▀[48;2;255;208;133m   ▀[48;2;174;143;94m[38;2;0;1;0m▀[48;2;7;4;9m[38;2;0;0;0m▀[48;2;0;1;0m[38;2;0;4;7m▀ [48;2;0;0;0m    [m
[48;2;0;0;0m          [48;2;210;172;112m[38;2;174;143;94m▀[48;2;174;143;94m[38;2;193;159;104m▀[48;2;69;83;61m[38;2;64;72;52m▀[48;2;124;141;105m  [48;2;117;134;98m [48;2;28;24;17m [48;2;255;216;139m [48;2;255;208;133m [38;2;249;204;136m▀[48;2;249;204;136m[38;2;60;48;33m▀[38;2;0;1;0m▀[48;2;255;208;133m[38;2;193;159;104m▀    [48;2;249;204;136m [48;2;91;78;51m[38;2;60;48;33m▀[48;2;0;0;0m[38;2;0;4;7m▀[38;2;0;1;0m▀    [m
[48;2;0;0;0m          [48;2;150;123;81m[38;2;193;159;104m▀[48;2;193;159;104m[38;2;174;143;94m▀[48;2;64;72;52m[38;2;69;83;61m▀[48;2;124;141;105m  [48;2;95;110;80m[38;2;107;123;89m▀[48;2;60;48;33m[38;2;28;24;17m▀[48;2;255;216;139m [48;2;255;208;133m         [48;2;249;204;136m[38;2;255;208;133m▀[48;2;72;61;41m[38;2;91;78;51m▀[48;2;0;0;0m      [m
[48;2;0;0;0m          [48;2;0;1;0m[38;2;28;24;17m▀[48;2;115;98;63m[38;2;210;172;112m▀[48;2;72;61;41m[38;2;57;63;47m▀[48;2;117;134;98m[38;2;124;141;105m▀[48;2;124;141;105m[38;2;129;146;109m▀[48;2;15;19;8m[38;2;57;63;47m▀[48;2;228;186;122m[38;2;150;123;81m▀[48;2;255;208;133m[38;2;255;216;139m▀         [48;2;210;172;112m[38;2;228;186;122m▀[48;2;28;24;17m[38;2;47;36;28m▀[48;2;0;0;0m      [m
[48;2;0;0;0m         [48;2;150;123;81m[38;2;0;1;0m▀[48;2;255;208;133m[38;2;193;159;104m▀[48;2;210;172;112m[38;2;60;48;33m▀[48;2;60;48;33m[38;2;99;73;53m▀[48;2;12;5;3m[38;2;49;51;39m▀[48;2;44;53;39m[38;2;107;123;89m▀[48;2;174;143;94m[38;2;72;61;41m▀[48;2;255;208;133m[38;2;255;216;139m▀          [38;2;228;186;122m▀[48;2;91;78;51m[38;2;47;36;28m▀[48;2;0;0;0m      [m
[48;2;0;0;0m      [48;2;8;10;6m[38;2;0;0;0m▀[48;2;193;159;104m[38;2;0;1;0m▀[48;2;255;208;133m[38;2;150;123;81m▀   [38;2;210;172;112m▀[48;2;249;204;136m[38;2;60;48;33m▀[48;2;174;143;94m[38;2;12;5;3m▀[48;2;28;24;17m[38;2;210;172;112m▀[38;2;255;208;133m▀[48;2;249;204;136m▀[48;2;255;208;133m          [48;2;255;216;139m[38;2;228;186;122m▀[48;2;115;98;63m[38;2;12;5;3m▀[48;2;0;0;0m     [m
[48;2;0;0;0m    [48;2;0;1;0m[38;2;0;0;0m▀[48;2;174;143;94m[38;2;12;5;3m▀[48;2;255;216;139m[38;2;174;143;94m▀[48;2;255;208;133m       [38;2;255;216;139m▀▀[38;2;249;204;136m▀             [48;2;91;78;51m[38;2;8;10;6m▀[48;2;0;0;0m    [m
[48;2;0;0;0m    [48;2;127;100;68m[38;2;49;39;25m▀[48;2;255;216;139m[38;2;255;208;133m▀▀▀▀▀▀▀▀▀▀▀▀▀▀▀▀▀▀▀▀▀▀▀▀▀[48;2;193;159;104m[38;2;150;123;81m▀[48;2;0;0;0m    [m
[48;2;0;0;0m    [38;2;49;39;25m▀[38;2;72;61;41m▀▀▀▀▀▀▀▀▀▀▀▀▀▀▀▀▀▀▀▀▀▀▀▀▀[38;2;60;48;33m▀    [m
