[48;2;0;0;0m            [48;2;21;27;17m[38;2;0;0;0m▀[48;2;40;66;38m▀[48;2;51;87;46m▀▀[48;2;40;66;38m▀[48;2;29;42;23m▀[48;2;0;0;0m                 [m
[48;2;0;0;0m          [48;2;59;103;56m[38;2;0;0;0m▀[48;2;152;254;140m[38;2;40;66;38m▀[48;2;143;252;135m[38;2;112;192;103m▀ [38;2;152;254;140m▀▀ [38;2;130;223;120m▀[38;2;96;166;90m▀[48;2;130;223;120m[38;2;8;10;6m▀[48;2;21;27;17m[38;2;0;0;0m▀[48;2;0;0;0m              [m
[48;2;0;0;0m        [48;2;15;19;8m[38;2;0;0;0m▀[48;2;67;116;63m[38;2;59;103;56m▀[48;2;86;145;77m[38;2;152;254;140m▀[48;2;152;254;140m[38;2;143;252;135m▀[48;2;143;252;135m     [48;2;137;240;130m▀[48;2;59;103;56m[38;2;152;254;140m▀[48;2;86;145;77m▀[48;2;152;254;140m[38;2;86;145;77m▀[48;2;29;42;23m[38;2;7;4;9m▀[48;2;0;0;0m  [48;2;0;1;0m[38;2;0;0;0m▀▀[48;2;0;0;0m         [m
[48;2;0;0;0m       [48;2;40;66;38m[38;2;0;1;0m▀[48;2;137;240;130m[38;2;96;166;90m▀[48;2;0;1;0m  [48;2;130;223;120m [48;2;143;252;135m     [48;2;96;166;90m [48;2;0;1;0m [48;2;21;27;17m[38;2;15;19;8m▀[48;2;130;223;120m [48;2;137;240;130m[38;2;86;145;77m▀[48;2;0;1;0m [48;2;83;96;69m[38;2;14;15;12m▀[48;2;124;141;105m[38;2;95;110;80m▀[48;2;129;146;109m▀[48;2;72;79;59m[38;2;14;15;12m▀[48;2;0;0;0m        [m
[48;2;0;0;0m      [48;2;29;42;23m[38;2;0;0;0m▀[48;2;130;223;120m[38;2;112;192;103m▀[48;2;143;252;135m ▀[38;2;130;223;120m▀      [38;2;152;254;140m▀[38;2;112;192;103m▀[38;2;130;223;120m▀  [48;2;67;116;63m[38;2;59;103;56m▀[48;2;95;110;80m [48;2;124;141;105m  [48;2;83;96;69m [48;2;0;0;0m[38;2;0;1;0m▀       [m
[48;2;0;0;0m      [48;2;59;103;56m[38;2;43;73;38m▀[48;2;143;252;135m[38;2;137;240;130m▀              [48;2;86;145;77m[38;2;67;116;63m▀[48;2;83;96;69m[38;2;95;110;80m▀[48;2;124;141;105m [48;2;129;146;109m [48;2;44;53;39m[38;2;72;79;59m▀[48;2;0;0;0m        [m
[48;2;0;0;0m      [48;2;51;87;46m[38;2;59;103;56m▀[48;2;143;252;135m               [48;2;137;240;130m[38;2;112;192;103m▀[48;2;29;42;23m[38;2;64;72;52m▀[48;2;124;141;105m [48;2;95;110;80m[38;2;124;141;105m▀[48;2;8;10;6m[38;2;14;15;12m▀[48;2;0;0;0m        [m
[48;2;0;0;0m      [48;2;8;10;6m[38;2;40;66;38m▀[48;2;112;192;103m[38;2;137;240;130m▀[48;2;143;252;135m              [38;2;152;254;140m▀[48;2;152;254;140m[38;2;76;132;71m▀[48;2;15;19;8m[38;2;49;51;39m▀[48;2;8;10;6m[38;2;64;72;52m▀[48;2;0;0;0m         [m
[48;2;0;0;0m       [48;2;76;132;71m[38;2;8;10;6m▀[48;2;21;27;17m[38;2;137;240;130m▀[48;2;112;192;103m[38;2;143;252;135m▀[48;2;143;252;135m             [38;2;152;254;140m▀[48;2;130;223;120m[38;2;43;73;38m▀[48;2;15;19;8m[38;2;0;0;0m▀[48;2;0;0;0m         [m
[48;2;0;0;0m      [48;2;59;103;56m[38;2;27;40;29m▀[48;2;143;252;135m[38;2;130;223;120m▀[38;2;112;192;103m▀[38;2;43;73;38m▀[48;2;96;166;90m[38;2;59;103;56m▀[48;2;14;15;12m[38;2;130;223;120m▀[48;2;40;66;38m[38;2;152;254;140m▀[48;2;96;166;90m[38;2;143;252;135m▀[48;2;143;252;135m           [38;2;130;223;120m▀[38;2;67;116;63m▀[48;2;130;223;120m[38;2;8;10;6m▀[48;2;43;73;38m[38;2;0;0;0m▀[48;2;0;4;7m▀[48;2;0;0;0m     [m
[48;2;0;0;0m    [48;2;0;1;0m[38;2;0;0;0m▀[48;2;96;166;90m[38;2;15;19;8m▀[48;2;152;254;140m[38;2;130;223;120m▀[48;2;143;252;135m   [38;2;152;254;140m▀▀[38;2;96;166;90m▀[38;2;76;132;71m▀              [38;2;152;254;140m▀[38;2;96;166;90m▀[48;2;112;192;103m[38;2;15;19;8m▀[48;2;15;19;8m[38;2;0;0;0m▀[48;2;0;0;0m   [m
[48;2;0;0;0m    [48;2;67;116;63m[38;2;29;42;23m▀[48;2;152;254;140m[38;2;143;252;135m▀[48;2;143;252;135m                         [48;2;152;254;140m[38;2;112;192;103m▀[48;2;96;166;90m[38;2;0;1;0m▀[48;2;7;4;9m[38;2;0;0;0m▀[48;2;0;0;0m [m
[48;2;0;0;0m    [38;2;29;42;23m▀[38;2;43;73;38m▀▀▀▀▀▀▀▀▀▀▀[38;2;40;66;38m▀▀[38;2;43;73;38m▀[38;2;40;66;38m▀▀▀▀▀▀▀▀▀▀▀▀▀▀[38;2;8;10;6m▀ [m
