[48;2;0;0;0m                                   [m
[48;2;0;0;0m         [48;2;14;27;23m[38;2;0;0;0m▀[48;2;90;172;138m▀[48;2;132;255;210m[38;2;14;27;23m▀[48;2;136;255;203m[38;2;56;106;87m▀▀[38;2;37;75;60m▀[48;2;132;255;210m[38;2;0;1;0m▀[48;2;72;139;112m[38;2;0;0;0m▀[48;2;8;10;6m▀[48;2;0;0;0m                 [m
[48;2;0;0;0m       [48;2;36;55;38m[38;2;0;0;0m▀[48;2;136;255;203m[38;2;37;75;60m▀[38;2;117;230;187m▀[38;2;132;255;210m▀     ▀[48;2;132;255;210m[38;2;107;206;167m▀[48;2;90;172;138m[38;2;14;15;12m▀[48;2;0;1;0m[38;2;0;0;0m▀[48;2;0;0;0m               [m
[48;2;0;0;0m      [48;2;72;139;112m[38;2;14;27;23m▀[48;2;136;255;203m[38;2;117;230;187m▀          [38;2;132;255;210m▀[48;2;90;172;138m[38;2;36;55;38m▀[48;2;0;0;0m               [m
[48;2;0;0;0m     [48;2;72;139;112m[38;2;8;10;6m▀[48;2;132;255;210m[38;2;136;255;203m▀[48;2;136;255;203m           [48;2;132;255;210m▀[48;2;37;75;60m[38;2;117;230;187m▀[48;2;0;1;0m[38;2;14;27;23m▀[48;2;0;0;0m  [48;2;14;15;12m[38;2;0;0;0m▀[48;2;22;22;20m▀[48;2;14;15;12m▀[48;2;0;0;0m  [48;2;0;4;7m▀[48;2;0;1;0m▀[48;2;0;0;0m     [m
[48;2;0;0;0m    [48;2;36;55;38m[38;2;0;1;0m▀[48;2;132;255;210m[38;2;117;230;187m▀[48;2;136;255;203m            [38;2;132;255;210m▀[48;2;107;206;167m[38;2;36;55;38m▀[48;2;56;106;87m[38;2;0;1;0m▀[48;2;107;206;167m▀[48;2;28;24;17m[38;2;22;22;20m▀[48;2;124;141;105m[38;2;95;110;80m▀[38;2;117;134;98m▀[48;2;107;123;89m[38;2;72;79;59m▀[48;2;14;15;12m[38;2;0;0;0m▀[48;2;0;0;0m [38;2;0;1;0m▀▀     [m
[48;2;0;0;0m    [48;2;56;106;87m [48;2;136;255;203m               [48;2;132;255;210m [48;2;90;172;138m[38;2;107;206;167m▀[48;2;49;51;39m [48;2;124;141;105m  [48;2;107;123;89m [48;2;14;15;12m [48;2;0;0;0m        [m
[48;2;0;0;0m    [48;2;36;55;38m[38;2;56;106;87m▀[48;2;132;255;210m[38;2;136;255;203m▀[48;2;136;255;203m               [48;2;132;255;210m[38;2;107;206;167m▀[48;2;35;38;29m [48;2;117;134;98m[38;2;124;141;105m▀[48;2;124;141;105m [48;2;83;96;69m[38;2;95;110;80m▀[48;2;0;0;0m[38;2;8;10;6m▀        [m
[48;2;0;0;0m    [48;2;0;1;0m [48;2;14;27;23m[38;2;107;206;167m▀[48;2;117;230;187m[38;2;132;255;210m▀[48;2;136;255;203m               [48;2;72;139;112m[38;2;37;75;60m▀[48;2;64;72;52m[38;2;107;123;89m▀[48;2;124;141;105m [48;2;35;38;29m[38;2;64;72;52m▀[48;2;0;0;0m         [m
[48;2;0;0;0m    [48;2;8;10;6m[38;2;0;1;0m▀[48;2;136;255;203m[38;2;90;172;138m▀[48;2;90;172;138m[38;2;37;75;60m▀[48;2;27;40;29m[38;2;132;255;210m▀[48;2;117;230;187m[38;2;136;255;203m▀[48;2;132;255;210m▀[48;2;136;255;203m             [48;2;107;206;167m[38;2;27;40;29m▀[48;2;8;10;6m[38;2;72;79;59m▀[48;2;72;139;112m[38;2;0;1;0m▀[48;2;14;27;23m[38;2;0;0;0m▀[48;2;0;1;0m▀[48;2;0;0;0m       [m
[48;2;0;0;0m    [48;2;56;106;87m[38;2;36;55;38m▀[48;2;136;255;203m[38;2;132;255;210m▀▀[48;2;132;255;210m[38;2;107;206;167m▀[48;2;136;255;203m[38;2;27;40;29m▀[48;2;90;172;138m[38;2;72;139;112m▀[48;2;37;75;60m[38;2;107;206;167m▀[48;2;36;55;38m[38;2;136;255;203m▀[48;2;107;206;167m▀[48;2;136;255;203m          [38;2;132;255;210m▀▀▀▀[48;2;132;255;210m[38;2;90;172;138m▀[48;2;136;255;203m[38;2;37;75;60m▀[48;2;90;172;138m[38;2;0;0;0m▀[48;2;0;4;7m▀[48;2;0;0;0m    [m
[48;2;0;0;0m    [48;2;72;139;112m[38;2;56;106;87m▀[48;2;132;255;210m[38;2;136;255;203m▀▀▀▀▀ ▀▀▀▀▀▀▀▀▀▀▀▀▀▀▀▀▀▀▀[38;2;107;206;167m▀[48;2;117;230;187m[38;2;14;27;23m▀[48;2;37;75;60m[38;2;0;0;0m▀[48;2;0;0;0m  [m
[48;2;0;0;0m    [38;2;27;40;29m▀[38;2;37;75;60m▀▀▀▀▀▀▀▀▀▀▀▀▀▀▀▀▀▀▀▀▀▀▀▀▀▀▀▀[38;2;8;10;6m▀ [m
