[48;2;0;0;0m                                   [m
[48;2;0;0;0m                                   [m
[48;2;0;0;0m       [48;2;12;5;3m[38;2;0;0;0m▀[48;2;119;101;165m▀[48;2;187;159;254m[38;2;37;37;58m▀[38;2;74;59;98m▀[38;2;92;79;127m▀▀[38;2;74;59;98m▀[48;2;183;157;255m[38;2;52;46;75m▀[48;2;138;118;192m[38;2;7;4;9m▀[48;2;32;24;40m[38;2;0;0;0m▀[48;2;0;0;0m [48;2;14;15;12m[38;2;0;1;0m▀[48;2;129;146;109m[38;2;44;53;39m▀[48;2;124;141;105m[38;2;69;83;61m▀[38;2;44;53;39m▀[48;2;8;10;6m[38;2;0;0;0m▀[48;2;0;0;0m            [m
[48;2;0;0;0m     [48;2;0;1;0m[38;2;0;0;0m▀[48;2;119;101;165m[38;2;11;16;20m▀[48;2;187;159;254m[38;2;160;138;223m▀[48;2;183;157;255m[38;2;187;159;254m▀       ▀[48;2;119;101;165m[38;2;22;14;26m▀[48;2;57;63;47m[38;2;44;53;39m▀[48;2;129;146;109m [48;2;124;141;105m  [48;2;21;27;17m[38;2;35;38;29m▀[48;2;0;0;0m            [m
[48;2;0;0;0m    [48;2;22;14;26m[38;2;0;0;0m▀[48;2;187;159;254m[38;2;92;79;127m▀[48;2;183;157;255m[38;2;187;159;254m▀    [48;2;160;138;223m[38;2;183;157;255m▀[48;2;58;53;84m[38;2;187;159;254m▀[48;2;92;79;127m▀[48;2;187;159;254m[38;2;183;157;255m▀[48;2;183;157;255m  [48;2;160;138;223m[38;2;138;118;192m▀[48;2;35;38;29m[38;2;57;63;47m▀[48;2;132;150;110m[38;2;129;146;109m▀[48;2;107;123;89m[38;2;124;141;105m▀[48;2;35;38;29m[38;2;129;146;109m▀[48;2;0;1;0m[38;2;8;10;6m▀[48;2;0;0;0m            [m
[48;2;0;0;0m   [48;2;32;24;40m[38;2;0;0;0m▀[48;2;160;138;223m[38;2;119;101;165m▀[48;2;183;157;255m      [48;2;160;138;223m[38;2;138;118;192m▀[48;2;7;4;9m[38;2;0;1;0m▀▀[48;2;187;159;254m[38;2;160;138;223m▀[48;2;183;157;255m  [48;2;193;165;254m[38;2;187;159;254m▀[48;2;74;59;98m[38;2;11;16;20m▀[48;2;69;83;56m[38;2;124;141;105m▀[48;2;83;96;69m[38;2;57;63;47m▀[48;2;0;1;0m [48;2;0;4;7m[38;2;0;1;0m▀[48;2;0;0;0m            [m
[48;2;0;0;0m   [48;2;52;46;75m[38;2;37;37;58m▀[48;2;187;159;254m [48;2;183;157;255m      [38;2;187;159;254m▀[48;2;187;159;254m[38;2;138;118;192m▀[48;2;183;157;255m[38;2;187;159;254m▀    [48;2;187;159;254m [48;2;119;101;165m[38;2;22;22;20m▀[48;2;8;10;6m[38;2;95;110;80m▀[48;2;0;1;0m [48;2;0;0;0m             [m
[48;2;0;0;0m   [48;2;74;59;98m [48;2;187;159;254m [48;2;183;157;255m               [48;2;193;165;254m[38;2;138;118;192m▀[48;2;52;46;75m[38;2;22;14;26m▀[48;2;0;0;0m             [m
[48;2;0;0;0m   [48;2;32;24;40m[38;2;52;46;75m▀[48;2;160;138;223m[38;2;187;159;254m▀[48;2;183;157;255m               [48;2;193;165;254m [48;2;22;14;26m[38;2;52;46;75m▀[48;2;0;0;0m             [m
[48;2;0;0;0m   [48;2;32;24;40m[38;2;0;1;0m▀[38;2;92;79;127m▀[48;2;160;138;223m[38;2;187;159;254m▀[48;2;187;159;254m[38;2;183;157;255m▀[48;2;183;157;255m             [38;2;187;159;254m▀[38;2;74;59;98m▀[48;2;74;59;98m[38;2;0;0;0m▀[48;2;0;1;0m▀[48;2;0;0;0m           [m
[48;2;0;0;0m   [48;2;92;79;127m[38;2;58;53;84m▀[48;2;193;165;254m[38;2;160;138;223m▀[48;2;160;138;223m[38;2;32;24;40m▀[48;2;58;53;84m[38;2;119;101;165m▀[48;2;52;46;75m[38;2;187;159;254m▀[48;2;160;138;223m[38;2;183;157;255m▀[48;2;193;165;254m▀[48;2;187;159;254m▀▀[48;2;183;157;255m          [38;2;187;159;254m▀[48;2;187;159;254m[38;2;138;118;192m▀[38;2;52;46;75m▀[48;2;119;101;165m[38;2;7;4;9m▀[48;2;0;4;7m[38;2;0;0;0m▀[48;2;0;0;0m        [m
[48;2;0;0;0m   [48;2;92;79;127m [48;2;193;165;254m[38;2;187;159;254m▀[48;2;187;159;254m[38;2;183;157;255m▀ [48;2;193;165;254m[38;2;119;101;165m▀[48;2;187;159;254m[38;2;7;4;9m▀[48;2;138;118;192m[38;2;58;53;84m▀[48;2;92;79;127m[38;2;119;101;165m▀[38;2;160;138;223m▀[48;2;187;159;254m[38;2;183;157;255m▀▀▀▀▀▀▀▀▀▀▀▀▀ [48;2;193;165;254m[38;2;160;138;223m▀[48;2;138;118;192m[38;2;0;4;7m▀[48;2;22;14;26m[38;2;0;0;0m▀[48;2;0;0;0m      [m
[48;2;0;0;0m   [38;2;22;14;26m▀[38;2;52;46;75m▀▀▀▀▀▀[38;2;58;40;72m▀[38;2;52;46;75m▀▀▀▀▀▀▀▀▀▀▀▀▀▀▀▀▀[38;2;7;4;9m▀      [m
