[48;2;0;0;0m        [48;2;33;57;8m[38;2;0;0;0m▀▀[48;2;57;90;8m[38;2;33;57;8m▀[48;2;140;255;140m▀[38;2;57;90;8m▀[38;2;33;57;8m▀[48;2;33;57;8m [38;2;0;0;0m▀[48;2;57;90;8m▀[48;2;0;0;0m       [48;2;140;147;135m[38;2;157;171;169m▀[48;2;41;43;17m[38;2;16;34;29m▀[48;2;42;52;27m[38;2;18;43;39m▀▀▀▀[m
[48;2;0;0;0m     [48;2;33;57;8m[38;2;0;0;0m▀ [48;2;57;90;8m[38;2;33;57;8m▀▀[48;2;140;255;140m  [48;2;57;90;8m[38;2;140;255;140m▀[48;2;33;57;8m▀[48;2;57;90;8m▀▀[48;2;140;255;140m [48;2;33;57;8m [38;2;57;90;8m▀[48;2;0;0;0m    [48;2;180;183;175m[38;2;0;0;0m▀[48;2;69;62;28m[38;2;1;24;22m▀[48;2;161;107;34m[38;2;130;93;33m▀[48;2;219;135;40m[38;2;221;136;40m▀[48;2;212;132;39m[38;2;210;131;39m▀▀▀▀[m
[48;2;0;0;0m    [48;2;33;57;8m [48;2;140;255;140m[38;2;33;57;8m▀ [48;2;33;57;8m[38;2;57;90;8m▀ [48;2;140;255;140m [48;2;33;57;8m▀[48;2;57;90;8m[38;2;33;57;8m▀[48;2;123;140;107m[38;2;57;90;8m▀▀[38;2;33;57;8m▀[48;2;33;57;8m    [48;2;0;0;0m   [38;2;100;108;76m▀[48;2;219;135;40m[38;2;232;141;41m▀[48;2;210;131;39m[38;2;212;132;39m▀     [m
[48;2;0;0;0m   [48;2;33;57;8m [48;2;57;90;8m[38;2;33;57;8m▀[48;2;140;255;140m   [38;2;57;90;8m▀ [48;2;57;90;8m[38;2;33;57;8m▀ [48;2;123;140;107m   [48;2;33;57;8m[38;2;57;90;8m▀[48;2;57;90;8m [48;2;140;255;140m [48;2;57;90;8m[38;2;33;57;8m▀[48;2;33;57;8m [48;2;57;90;8m[38;2;0;0;0m▀[48;2;0;0;0m  [48;2;141;138;118m[38;2;226;154;75m▀[48;2;69;62;28m[38;2;219;135;40m▀▀▀▀▀▀[m
[48;2;0;0;0m  [48;2;57;90;8m[38;2;0;0;0m▀[48;2;33;57;8m [48;2;140;255;140m[38;2;57;90;8m▀     [48;2;57;90;8m[38;2;33;57;8m▀ [48;2;123;140;107m   [48;2;33;57;8m[38;2;57;90;8m▀[48;2;57;90;8m [48;2;140;255;140m  ▀[48;2;33;57;8m [48;2;57;90;8m[38;2;0;0;0m▀[48;2;0;0;0m  [48;2;6;141;19m[38;2;1;24;22m▀▀▀▀▀▀[m
[48;2;0;0;0m  [48;2;33;57;8m [48;2;57;90;8m[38;2;33;57;8m▀[48;2;140;255;140m      [38;2;57;90;8m▀[48;2;33;57;8m [48;2;57;90;8m[38;2;123;140;107m▀[48;2;123;140;107m [48;2;33;57;8m▀ [48;2;140;255;140m    [48;2;57;90;8m [48;2;33;57;8m [48;2;0;0;0m  [48;2;233;218;4m[38;2;34;176;16m▀▀▀▀▀▀[m
[48;2;0;0;0m  [48;2;33;57;8m  [48;2;140;255;140m       [48;2;57;90;8m[38;2;33;57;8m▀[48;2;33;57;8m   [48;2;140;255;140m▀    [48;2;57;90;8m[38;2;140;255;140m▀[48;2;33;57;8m [48;2;0;0;0m  [48;2;212;176;10m[38;2;241;211;4m▀[48;2;255;240;1m[38;2;251;222;3m▀[48;2;255;231;2m▀▀[48;2;246;221;3m▀▀[m
[48;2;0;0;0m   [48;2;33;57;8m [48;2;57;90;8m[38;2;140;255;140m▀[48;2;140;255;140m       [38;2;57;90;8m▀[38;2;33;57;8m▀[38;2;57;90;8m▀     [48;2;57;90;8m [48;2;33;57;8m [48;2;0;0;0m [48;2;151;160;160m[38;2;0;0;0m▀[48;2;1;24;22m[38;2;127;118;16m▀[38;2;163;157;10m▀▀[48;2;15;48;23m▀[48;2;246;221;3m [48;2;253;229;1m[38;2;246;221;3m▀[m
[48;2;0;0;0m   [48;2;33;57;8m [48;2;66;123;0m[38;2;33;57;8m▀[48;2;57;90;8m [38;2;140;255;140m▀▀▀[48;2;140;255;140m            [38;2;57;90;8m▀[48;2;74;83;16m[38;2;33;57;8m▀[48;2;194;125;35m[38;2;0;0;0m▀[48;2;232;141;41m[38;2;111;84;32m▀▀▀[38;2;130;98;32m▀[48;2;217;130;42m[38;2;227;173;22m▀▀[m
[48;2;0;0;0m  [48;2;33;57;8m[38;2;0;0;0m▀ [48;2;140;255;140m[38;2;57;90;8m▀ ▀[48;2;57;90;8m   [38;2;140;255;140m▀[48;2;140;255;140m          [48;2;124;228;126m▀[48;2;56;83;43m[38;2;108;174;93m▀[48;2;15;48;23m[38;2;63;62;28m▀[48;2;18;43;39m▀[48;2;1;24;22m▀▀[48;2;18;43;39m▀▀▀[m
[48;2;0;0;0m [48;2;33;57;8m[38;2;0;0;0m▀ [48;2;140;255;140m[38;2;57;90;8m▀                      [48;2;57;90;8m[38;2;33;57;8m▀[48;2;33;57;8m [38;2;0;0;0m▀[48;2;0;0;0m [m
[48;2;0;0;0m [48;2;33;57;8m [38;2;57;90;8m▀[38;2;140;255;140m▀▀▀▀▀▀▀▀▀▀▀▀▀▀▀▀▀▀▀▀▀▀▀▀▀  [m
