[48;2;0;0;0m                                                                                                                                [m
[48;2;0;0;0m                  [48;2;21;21;21m[38;2;0;0;0m▀[48;2;65;65;65m▀▀▀▀▀▀▀▀▀▀▀▀▀▀▀▀▀▀▀▀▀▀▀▀▀▀▀▀▀▀▀▀▀▀▀▀▀▀▀▀▀▀▀▀▀▀▀▀▀▀▀▀▀▀▀▀▀▀▀▀▀▀▀▀▀▀▀▀▀▀▀▀▀▀▀▀▀▀▀▀▀▀▀▀▀▀▀▀▀▀▀▀▀▀▀▀[48;2;61;61;61m▀[48;2;0;0;0m            [m
[48;2;0;0;0m                  [38;2;8;8;8m▀[48;2;141;141;141m[38;2;197;197;197m▀[48;2;197;197;197m                                                                                               [48;2;117;117;117m[38;2;141;141;141m▀[48;2;0;0;0m            [m
[48;2;0;0;0m                   [48;2;8;8;8m[38;2;81;81;81m▀[48;2;189;189;189m[38;2;197;197;197m▀[48;2;197;197;197m                                                                                             [48;2;189;189;189m▀[48;2;8;8;8m[38;2;81;81;81m▀[48;2;0;0;0m            [m
[48;2;0;0;0m                    [48;2;61;61;61m[38;2;141;141;141m▀[48;2;197;197;197m                                                                                            [48;2;189;189;189m[38;2;197;197;197m▀[48;2;32;32;31m[38;2;117;117;117m▀[48;2;0;0;0m             [m
[48;2;0;0;0m                    [38;2;8;8;8m▀[48;2;117;117;117m[38;2;189;189;189m▀[48;2;197;197;197m                                                                                          [48;2;117;117;117m[38;2;197;197;197m▀[48;2;0;0;0m[38;2;81;81;81m▀              [m
[48;2;0;0;0m                     [48;2;8;8;8m[38;2;49;49;49m▀[48;2;178;178;178m[38;2;197;197;197m▀[48;2;197;197;197m                                                                                       [48;2;117;117;117m▀[48;2;8;8;8m[38;2;141;141;141m▀[48;2;0;0;0m[38;2;8;8;8m▀               [m
[48;2;0;0;0m                      [48;2;49;49;49m[38;2;117;117;117m▀[48;2;197;197;197m                                                                                    [48;2;141;141;141m[38;2;197;197;197m▀[48;2;32;32;31m[38;2;189;189;189m▀[48;2;0;0;0m[38;2;97;97;97m▀[38;2;8;8;8m▀                 [m
[48;2;0;0;0m                      [38;2;8;8;8m▀[48;2;117;117;117m[38;2;178;178;178m▀[48;2;197;197;197m                                  [48;2;178;178;178m[38;2;197;197;197m▀[48;2;8;8;8m[38;2;163;163;163m▀[48;2;0;0;0m[38;2;117;117;117m▀[38;2;141;141;141m▀[38;2;163;163;163m▀[48;2;8;8;8m[38;2;197;197;197m▀[48;2;32;32;31m▀[48;2;81;81;81m▀[48;2;141;141;141m▀[48;2;197;197;197m                                     [48;2;117;117;117m▀[48;2;8;8;8m[38;2;178;178;178m▀[48;2;0;0;0m[38;2;81;81;81m▀                     [m
[48;2;0;0;0m                       [48;2;61;61;61m[38;2;97;97;97m▀[48;2;197;197;197m                                  [48;2;189;189;189m[38;2;141;141;141m▀[48;2;32;32;31m[38;2;0;0;0m▀[48;2;0;0;0m       [38;2;21;21;21m▀[38;2;97;97;97m▀[38;2;163;163;163m▀[48;2;49;49;49m[38;2;197;197;197m▀[48;2;163;163;163m▀[48;2;197;197;197m                            [48;2;163;163;163m▀[48;2;61;61;61m▀[48;2;0;0;0m[38;2;141;141;141m▀[38;2;32;32;31m▀                        [m
[48;2;0;0;0m                       [48;2;21;21;21m[38;2;32;32;31m▀[48;2;197;197;197m                                   [38;2;189;189;189m▀[38;2;163;163;163m▀[38;2;117;117;117m▀[38;2;81;81;81m▀[38;2;49;49;49m▀[48;2;189;189;189m[38;2;8;8;8m▀[48;2;141;141;141m[38;2;0;0;0m▀[48;2;65;65;65m▀[48;2;8;8;8m▀[48;2;0;0;0m    [38;2;65;65;65m▀[48;2;8;8;8m[38;2;178;178;178m▀[48;2;117;117;117m[38;2;197;197;197m▀[48;2;189;189;189m▀[48;2;197;197;197m                     [48;2;163;163;163m▀[48;2;21;21;21m[38;2;189;189;189m▀[48;2;0;0;0m[38;2;81;81;81m▀[38;2;8;8;8m▀                           [m
[48;2;0;0;0m                       [48;2;61;61;61m[38;2;32;32;31m▀[48;2;197;197;197m                                           [38;2;189;189;189m▀[38;2;117;117;117m▀[48;2;189;189;189m[38;2;32;32;31m▀[48;2;117;117;117m[38;2;0;0;0m▀[48;2;8;8;8m▀[48;2;0;0;0m   [38;2;32;32;31m▀[48;2;8;8;8m[38;2;163;163;163m▀[48;2;163;163;163m[38;2;197;197;197m▀[48;2;197;197;197m                 [48;2;97;97;97m▀[48;2;8;8;8m[38;2;141;141;141m▀[48;2;0;0;0m[38;2;8;8;8m▀                              [m
[48;2;0;0;0m                       [48;2;97;97;97m[38;2;65;65;65m▀[48;2;197;197;197m                                               [38;2;189;189;189m▀[38;2;81;81;81m▀[48;2;163;163;163m[38;2;8;8;8m▀[48;2;8;8;8m[38;2;0;0;0m▀[48;2;0;0;0m  [38;2;8;8;8m▀[48;2;8;8;8m[38;2;141;141;141m▀[48;2;117;117;117m[38;2;197;197;197m▀[48;2;197;197;197m            [48;2;189;189;189m▀[48;2;49;49;49m[38;2;189;189;189m▀[48;2;0;0;0m[38;2;65;65;65m▀                                 [m
[48;2;0;0;0m                       [48;2;163;163;163m[38;2;141;141;141m▀[48;2;197;197;197m                                                  [38;2;163;163;163m▀[48;2;189;189;189m[38;2;32;32;31m▀[48;2;49;49;49m[38;2;0;0;0m▀[48;2;0;0;0m   [48;2;8;8;8m[38;2;117;117;117m▀[48;2;163;163;163m[38;2;197;197;197m▀[48;2;197;197;197m         [48;2;117;117;117m▀[48;2;0;0;0m[38;2;81;81;81m▀                                   [m
[48;2;0;0;0m                      [48;2;61;61;61m[38;2;8;8;8m▀[48;2;197;197;197m                                                     [38;2;189;189;189m▀[48;2;189;189;189m[38;2;61;61;61m▀[48;2;32;32;31m[38;2;0;0;0m▀[48;2;0;0;0m  [38;2;21;21;21m▀[48;2;61;61;61m[38;2;189;189;189m▀[48;2;197;197;197m      [48;2;189;189;189m[38;2;197;197;197m▀[48;2;8;8;8m[38;2;163;163;163m▀[48;2;0;0;0m[38;2;8;8;8m▀                                    [m
[48;2;0;0;0m                      [48;2;163;163;163m[38;2;117;117;117m▀[48;2;197;197;197m                [48;2;117;117;117m[38;2;189;189;189m▀[48;2;32;32;31m[38;2;163;163;163m▀[48;2;189;189;189m[38;2;197;197;197m▀[48;2;197;197;197m                                    [38;2;163;163;163m▀[48;2;117;117;117m[38;2;8;8;8m▀[48;2;0;0;0m   [48;2;8;8;8m[38;2;117;117;117m▀[48;2;189;189;189m[38;2;197;197;197m▀[48;2;197;197;197m   [48;2;178;178;178m▀[48;2;8;8;8m[38;2;81;81;81m▀[48;2;0;0;0m                                      [m
[48;2;0;0;0m                     [48;2;81;81;81m[38;2;8;8;8m▀[48;2;197;197;197m                [48;2;141;141;141m[38;2;197;197;197m▀[48;2;0;0;0m[38;2;32;32;31m▀ [38;2;81;81;81m▀[48;2;141;141;141m[38;2;197;197;197m▀[48;2;197;197;197m                                     [48;2;163;163;163m[38;2;65;65;65m▀[48;2;0;0;0m   [48;2;32;32;31m[38;2;117;117;117m▀[48;2;197;197;197m  [48;2;163;163;163m[38;2;197;197;197m▀[48;2;8;8;8m[38;2;81;81;81m▀[48;2;0;0;0m                                       [m
[48;2;0;0;0m                     [48;2;178;178;178m[38;2;117;117;117m▀[48;2;197;197;197m               [48;2;163;163;163m[38;2;197;197;197m▀[48;2;8;8;8m[38;2;61;61;61m▀[48;2;0;0;0m   [38;2;8;8;8m▀[48;2;61;61;61m[38;2;178;178;178m▀[48;2;197;197;197m                                     [48;2;117;117;117m[38;2;49;49;49m▀[48;2;0;0;0m   [48;2;81;81;81m[38;2;163;163;163m▀[48;2;189;189;189m[38;2;197;197;197m▀[48;2;8;8;8m[38;2;81;81;81m▀[48;2;0;0;0m                                        [m
[48;2;0;0;0m                    [48;2;81;81;81m[38;2;32;32;31m▀[48;2;197;197;197m               [48;2;189;189;189m[38;2;197;197;197m▀[48;2;8;8;8m[38;2;81;81;81m▀[48;2;0;0;0m  [48;2;8;8;8m[38;2;0;0;0m▀[48;2;0;0;0m   [48;2;8;8;8m[38;2;117;117;117m▀[48;2;163;163;163m[38;2;197;197;197m▀[48;2;197;197;197m                                   [38;2;189;189;189m▀[48;2;81;81;81m[38;2;8;8;8m▀[48;2;0;0;0m  ▀[48;2;61;61;61m[38;2;141;141;141m▀[48;2;0;0;0m                                         [m
[48;2;0;0;0m                    [48;2;141;141;141m[38;2;117;117;117m▀[48;2;197;197;197m              [48;2;189;189;189m[38;2;197;197;197m▀[48;2;21;21;21m[38;2;117;117;117m▀[48;2;0;0;0m  [48;2;8;8;8m[38;2;0;0;0m▀[48;2;112;112;112m[38;2;57;57;57m▀[48;2;117;117;117m[38;2;44;43;44m▀[48;2;8;8;8m[38;2;0;0;0m▀[48;2;0;0;0m  [38;2;32;32;31m▀[48;2;97;97;97m[38;2;189;189;189m▀[48;2;197;197;197m                                   [48;2;141;141;141m[38;2;117;117;117m▀[48;2;0;0;0m   [38;2;8;8;8m▀                                         [m
[48;2;0;0;0m                    [48;2;189;189;189m[38;2;163;163;163m▀[48;2;197;197;197m              [48;2;49;49;49m[38;2;141;141;141m▀[48;2;0;0;0m   [48;2;90;90;90m[38;2;44;43;44m▀[48;2;122;122;122m  [38;2;90;90;90m▀[48;2;57;57;57m[38;2;8;8;8m▀[48;2;0;0;0m  ▀[48;2;61;61;61m[38;2;163;163;163m▀[48;2;197;197;197m                                  [48;2;189;189;189m▀[48;2;0;0;0m                                             [m
[48;2;0;0;0m                   [48;2;8;8;8m [48;2;197;197;197m              [48;2;81;81;81m[38;2;163;163;163m▀[48;2;0;0;0m   [48;2;77;77;77m[38;2;21;21;21m▀[48;2;122;122;122m     [48;2;77;77;77m[38;2;8;8;8m▀[48;2;0;0;0m   [48;2;65;65;65m[38;2;163;163;163m▀[48;2;197;197;197m                                 [48;2;189;189;189m[38;2;197;197;197m▀[48;2;8;8;8m [48;2;0;0;0m                                            [m
[48;2;0;0;0m                   [48;2;8;8;8m [48;2;189;189;189m[38;2;197;197;197m▀[48;2;197;197;197m            [48;2;163;163;163m▀[48;2;0;0;0m[38;2;8;8;8m▀  [48;2;44;43;44m▀[48;2;122;122;122m       [48;2;65;65;65m▀[48;2;0;0;0m  ▀[48;2;97;97;97m[38;2;163;163;163m▀[48;2;197;197;197m                                [48;2;117;117;117m▀[48;2;0;0;0m                                             [m
[48;2;0;0;0m                    [48;2;141;141;141m[38;2;163;163;163m▀[48;2;197;197;197m            [48;2;65;65;65m[38;2;117;117;117m▀[48;2;0;0;0m   [48;2;112;112;112m[38;2;77;77;77m▀[48;2;122;122;122m       [38;2;117;117;117m▀[48;2;32;32;31m[38;2;8;8;8m▀[48;2;0;0;0m  [38;2;32;32;31m▀[48;2;163;163;163m[38;2;197;197;197m▀[48;2;197;197;197m                               [48;2;32;32;31m[38;2;81;81;81m▀[48;2;0;0;0m                                             [m
[48;2;0;0;0m                    [48;2;65;65;65m[38;2;97;97;97m▀[48;2;197;197;197m           [48;2;163;163;163m[38;2;197;197;197m▀[48;2;0;0;0m[38;2;8;8;8m▀  [48;2;44;43;44m▀[48;2;122;122;122m         [48;2;105;105;105m[38;2;65;65;65m▀[48;2;0;0;0m   [48;2;81;81;81m[38;2;117;117;117m▀[48;2;197;197;197m                              [48;2;117;117;117m[38;2;197;197;197m▀[48;2;0;0;0m[38;2;8;8;8m▀                                             [m
[48;2;0;0;0m                    [48;2;8;8;8m[38;2;32;32;31m▀[48;2;189;189;189m[38;2;197;197;197m▀[48;2;197;197;197m          [48;2;81;81;81m[38;2;117;117;117m▀[48;2;0;0;0m   [48;2;112;112;112m[38;2;77;77;77m▀[48;2;122;122;122m          [48;2;21;21;21m[38;2;8;8;8m▀[48;2;0;0;0m  [48;2;21;21;21m[38;2;49;49;49m▀[48;2;197;197;197m                             [48;2;117;117;117m[38;2;189;189;189m▀[48;2;0;0;0m[38;2;32;32;31m▀                                              [m
[48;2;0;0;0m                     [48;2;81;81;81m[38;2;141;141;141m▀[48;2;197;197;197m         [48;2;189;189;189m[38;2;197;197;197m▀[48;2;0;0;0m[38;2;21;21;21m▀  [48;2;44;43;44m[38;2;8;8;8m▀[48;2;122;122;122m           [48;2;57;57;57m[38;2;44;43;44m▀[48;2;0;0;0m  [38;2;8;8;8m▀[48;2;163;163;163m[38;2;189;189;189m▀[48;2;197;197;197m                           [48;2;117;117;117m▀[48;2;0;0;0m[38;2;21;21;21m▀                                               [m
[48;2;0;0;0m                     [38;2;21;21;21m▀[48;2;163;163;163m[38;2;197;197;197m▀[48;2;197;197;197m        [48;2;163;163;163m[38;2;178;178;178m▀[48;2;0;0;0m   [48;2;57;57;57m [48;2;122;122;122m           [48;2;90;90;90m[38;2;77;77;77m▀[48;2;0;0;0m   [48;2;117;117;117m[38;2;141;141;141m▀[48;2;197;197;197m                          [48;2;117;117;117m[38;2;189;189;189m▀[48;2;0;0;0m[38;2;8;8;8m▀                                                [m
[48;2;0;0;0m                      [48;2;32;32;31m[38;2;97;97;97m▀[48;2;197;197;197m        [48;2;141;141;141m[38;2;163;163;163m▀[48;2;0;0;0m   [48;2;77;77;77m[38;2;65;65;65m▀[48;2;122;122;122m           [38;2;105;105;105m▀[48;2;0;0;0m   [48;2;65;65;65m[38;2;81;81;81m▀[48;2;197;197;197m                         [48;2;81;81;81m[38;2;189;189;189m▀[48;2;0;0;0m[38;2;8;8;8m▀                                                 [m
[48;2;0;0;0m                      [38;2;8;8;8m▀[48;2;117;117;117m[38;2;178;178;178m▀[48;2;197;197;197m       [48;2;117;117;117m[38;2;141;141;141m▀[48;2;0;0;0m   [48;2;90;90;90m[38;2;77;77;77m▀[48;2;122;122;122m           [48;2;112;112;112m[38;2;117;117;117m▀[48;2;0;0;0m   [48;2;81;81;81m [48;2;197;197;197m                       [48;2;189;189;189m[38;2;197;197;197m▀[48;2;8;8;8m[38;2;141;141;141m▀[48;2;0;0;0m                                                   [m
[48;2;0;0;0m                        [38;2;141;141;141m▀[48;2;141;141;141m[38;2;197;197;197m▀[48;2;197;197;197m   [48;2;117;117;117m▀[48;2;0;0;0m[38;2;141;141;141m▀    [48;2;105;105;105m [48;2;122;122;122m           [48;2;105;105;105m [48;2;0;0;0m   [48;2;97;97;97m[38;2;81;81;81m▀[48;2;8;8;8m[38;2;178;178;178m▀[48;2;0;0;0m[38;2;8;8;8m▀ [38;2;141;141;141m▀[48;2;141;141;141m[38;2;197;197;197m▀[48;2;197;197;197m   [48;2;117;117;117m▀[48;2;0;0;0m[38;2;141;141;141m▀ [38;2;8;8;8m▀[48;2;97;97;97m[38;2;141;141;141m▀[48;2;197;197;197m         [48;2;141;141;141m[38;2;197;197;197m▀[48;2;0;0;0m[38;2;81;81;81m▀                                                    [m
[48;2;0;0;0m                          [38;2;117;117;117m▀[48;2;32;32;31m[38;2;197;197;197m▀[48;2;8;8;8m[38;2;141;141;141m▀[48;2;0;0;0m[38;2;8;8;8m▀     [48;2;57;57;57m[38;2;77;77;77m▀[48;2;122;122;122m           [48;2;90;90;90m [48;2;0;0;0m   [48;2;117;117;117m [38;2;8;8;8m▀[48;2;0;0;0m    [38;2;117;117;117m▀[48;2;32;32;31m[38;2;197;197;197m▀[48;2;8;8;8m[38;2;141;141;141m▀[48;2;0;0;0m[38;2;8;8;8m▀  [48;2;49;49;49m[38;2;0;0;0m▀[48;2;197;197;197m[38;2;141;141;141m▀        [48;2;81;81;81m[38;2;189;189;189m▀[48;2;0;0;0m[38;2;21;21;21m▀                                                     [m
[48;2;0;0;0m                              [48;2;8;8;8m[38;2;0;0;0m▀[48;2;97;97;97m[38;2;8;8;8m▀[48;2;8;8;8m[38;2;0;0;0m▀[48;2;0;0;0m  [48;2;21;21;21m[38;2;44;43;44m▀[48;2;122;122;122m           [48;2;77;77;77m[38;2;90;90;90m▀[48;2;0;0;0m   [48;2;141;141;141m[38;2;117;117;117m▀[48;2;197;197;197m [38;2;81;81;81m▀[48;2;117;117;117m[38;2;0;0;0m▀[48;2;0;0;0m      [48;2;8;8;8m▀[48;2;189;189;189m[38;2;21;21;21m▀[48;2;197;197;197m        [48;2;163;163;163m[38;2;197;197;197m▀[48;2;8;8;8m[38;2;141;141;141m▀[48;2;0;0;0m                                                       [m
[48;2;0;0;0m                              [48;2;8;8;8m[38;2;97;97;97m▀[48;2;163;163;163m[38;2;141;141;141m▀[48;2;81;81;81m[38;2;49;49;49m▀[48;2;0;0;0m  [38;2;8;8;8m▀[48;2;105;105;105m[38;2;122;122;122m▀[48;2;122;122;122m          [48;2;21;21;21m[38;2;65;65;65m▀[48;2;0;0;0m  [48;2;8;8;8m[38;2;0;0;0m▀[48;2;178;178;178m[38;2;141;141;141m▀[48;2;197;197;197m   [48;2;61;61;61m[38;2;163;163;163m▀[48;2;0;0;0m     [48;2;8;8;8m[38;2;97;97;97m▀[48;2;163;163;163m[38;2;197;197;197m▀[48;2;197;197;197m       [48;2;61;61;61m[38;2;189;189;189m▀[48;2;0;0;0m[38;2;32;32;31m▀                                                        [m
[48;2;0;0;0m                           [48;2;8;8;8m[38;2;0;0;0m▀▀[48;2;0;0;0m   [38;2;97;97;97m▀[48;2;32;32;31m[38;2;0;0;0m▀[48;2;0;0;0m  [38;2;21;21;21m▀[48;2;8;8;8m[38;2;105;105;105m▀[48;2;44;43;44m[38;2;122;122;122m▀[48;2;77;77;77m▀[48;2;105;105;105m▀[48;2;112;112;112m▀▀[48;2;90;90;90m▀[48;2;57;57;57m▀[48;2;8;8;8m▀[48;2;0;0;0m[38;2;44;43;44m▀   [48;2;117;117;117m[38;2;61;61;61m▀[48;2;197;197;197m  [48;2;189;189;189m[38;2;197;197;197m▀[48;2;8;8;8m[38;2;163;163;163m▀[48;2;0;0;0m   [48;2;8;8;8m[38;2;0;0;0m▀▀[48;2;0;0;0m   [38;2;163;163;163m▀[48;2;189;189;189m[38;2;197;197;197m▀[48;2;197;197;197m   [48;2;141;141;141m▀[48;2;8;8;8m[38;2;97;97;97m▀[48;2;0;0;0m                                                          [m
[48;2;0;0;0m                      [48;2;163;163;163m[38;2;238;238;238m▀[48;2;0;0;0m    [48;2;81;81;81m[38;2;178;178;178m▀[48;2;197;197;197m[38;2;141;141;141m▀[48;2;178;178;178m[38;2;0;0;0m▀[48;2;8;8;8m▀[48;2;0;0;0m  [48;2;49;49;49m[38;2;61;61;61m▀[48;2;141;141;141m[38;2;0;0;0m▀[48;2;8;8;8m▀[48;2;0;0;0m            [48;2;81;81;81m▀[48;2;197;197;197m[38;2;81;81;81m▀   [48;2;141;141;141m[38;2;163;163;163m▀[48;2;0;0;0m [48;2;8;8;8m[38;2;0;0;0m▀▀[48;2;189;189;189m[38;2;8;8;8m▀[48;2;197;197;197m[38;2;189;189;189m▀[38;2;141;141;141m▀[48;2;178;178;178m[38;2;0;0;0m▀[48;2;8;8;8m▀[48;2;0;0;0m  [48;2;49;49;49m[38;2;81;81;81m▀[48;2;197;197;197m [48;2;178;178;178m[38;2;197;197;197m▀[48;2;32;32;31m[38;2;163;163;163m▀[48;2;0;0;0m[38;2;8;8;8m▀                                                           [m
[48;2;0;0;0m                      [38;2;238;238;238m▀[38;2;21;21;21m▀   [38;2;8;8;8m▀[48;2;8;8;8m[38;2;141;141;141m▀[48;2;163;163;163m[38;2;197;197;197m▀[48;2;197;197;197m[38;2;189;189;189m▀[38;2;81;81;81m▀[38;2;32;32;31m▀[38;2;178;178;178m▀ ▀[38;2;81;81;81m▀[38;2;8;8;8m▀[48;2;163;163;163m[38;2;0;0;0m▀[48;2;117;117;117m▀[48;2;97;97;97m▀[48;2;81;81;81m▀▀[48;2;117;117;117m▀[48;2;141;141;141m▀[48;2;178;178;178m[38;2;8;8;8m▀[48;2;197;197;197m[38;2;65;65;65m▀[38;2;163;163;163m▀     [38;2;189;189;189m▀[38;2;8;8;8m▀▀[38;2;189;189;189m▀    ▀[38;2;81;81;81m▀[38;2;32;32;31m▀[48;2;178;178;178m [48;2;32;32;31m[38;2;178;178;178m▀[48;2;0;0;0m[38;2;32;32;31m▀                                                             [m
[48;2;0;0;0m                             [38;2;21;21;21m▀[48;2;32;32;31m[38;2;178;178;178m▀[48;2;163;163;163m[38;2;197;197;197m▀[48;2;197;197;197m                              [48;2;141;141;141m▀[48;2;8;8;8m[38;2;163;163;163m▀[48;2;0;0;0m[38;2;21;21;21m▀                                                               [m
[48;2;0;0;0m                               [38;2;8;8;8m▀[48;2;8;8;8m[38;2;141;141;141m▀[48;2;97;97;97m[38;2;197;197;197m▀[48;2;189;189;189m▀[48;2;197;197;197m                        [48;2;163;163;163m▀[48;2;49;49;49m▀[48;2;0;0;0m[38;2;81;81;81m▀                                                                  [m
[48;2;0;0;0m                                  [38;2;8;8;8m▀[38;2;97;97;97m▀[48;2;8;8;8m[38;2;189;189;189m▀[48;2;81;81;81m[38;2;197;197;197m▀[48;2;178;178;178m▀[48;2;197;197;197m                [48;2;178;178;178m▀[48;2;117;117;117m▀[48;2;8;8;8m[38;2;189;189;189m▀[48;2;0;0;0m[38;2;81;81;81m▀[38;2;8;8;8m▀                                                                    [m
[48;2;0;0;0m                                      [38;2;8;8;8m▀[38;2;61;61;61m▀[38;2;117;117;117m▀[38;2;163;163;163m▀[48;2;8;8;8m[38;2;197;197;197m▀[48;2;81;81;81m▀[48;2;97;97;97m▀[48;2;117;117;117m▀▀▀▀[48;2;97;97;97m▀[48;2;65;65;65m▀[48;2;32;32;31m▀[48;2;8;8;8m[38;2;189;189;189m▀[48;2;0;0;0m[38;2;141;141;141m▀[38;2;61;61;61m▀[38;2;8;8;8m▀                                                                        [m
[48;2;0;0;0m                                                                                                                                [m
[48;2;0;0;0m                                                                                                                                [m
[48;2;0;0;0m                                                                                                                                [m
[48;2;0;0;0m           [48;2;90;90;90m[38;2;0;0;0m▀[48;2;0;0;0m[38;2;238;238;238m▀[38;2;190;190;190m▀▀▀▀▀▀▀▀▀▀▀▀▀▀▀▀▀▀▀▀▀▀▀[38;2;251;251;251m▀ [48;2;61;61;61m[38;2;0;0;0m▀[48;2;122;122;122m▀[48;2;203;203;203m▀[48;2;0;0;0m                    [48;2;57;57;57m▀[48;2;0;0;0m[38;2;208;208;208m▀[38;2;190;190;190m▀▀▀▀▀▀▀▀▀[38;2;238;238;238m▀[48;2;90;90;90m[38;2;0;0;0m▀[48;2;0;0;0m              [48;2;57;57;57m▀[48;2;0;0;0m[38;2;208;208;208m▀[38;2;190;190;190m▀▀▀▀▀▀▀▀▀▀▀▀▀▀▀▀▀▀▀▀▀▀[38;2;238;238;238m▀ [48;2;61;61;61m[38;2;0;0;0m▀[48;2;122;122;122m▀[48;2;203;203;203m▀[48;2;0;0;0m           [m
[48;2;0;0;0m          [48;2;208;208;208m[38;2;238;238;238m▀[48;2;0;0;0m [48;2;37;59;77m[38;2;22;19;36m▀[48;2;139;181;254m[38;2;52;71;102m▀▀▀▀▀▀▀▀▀▀▀▀▀▀▀▀▀▀▀▀▀▀▀[38;2;0;0;0m▀▀[48;2;115;150;212m▀[48;2;77;103;146m▀[48;2;20;38;45m▀[48;2;0;0;0m[38;2;61;61;61m▀[38;2;171;171;171m▀[48;2;90;90;90m[38;2;0;0;0m▀[48;2;0;0;0m                [48;2;77;77;77m[38;2;141;141;141m▀[48;2;0;0;0m [48;2;115;150;212m[38;2;37;59;77m▀[48;2;139;181;254m[38;2;52;71;102m▀▀▀▀▀▀▀▀▀[48;2;37;59;77m[38;2;22;19;36m▀[48;2;0;0;0m [48;2;208;208;208m[38;2;238;238;238m▀[48;2;0;0;0m            [48;2;77;77;77m[38;2;141;141;141m▀[48;2;0;0;0m [48;2;115;150;212m[38;2;37;59;77m▀[48;2;139;181;254m[38;2;52;71;102m▀▀▀▀▀▀▀▀▀▀▀▀▀▀▀▀▀▀▀▀▀▀[38;2;22;19;36m▀[38;2;0;0;0m▀[48;2;115;150;212m▀[48;2;77;103;146m▀[48;2;20;38;45m▀[48;2;0;0;0m[38;2;61;61;61m▀[38;2;187;187;187m▀[48;2;122;122;122m[38;2;0;0;0m▀[48;2;0;0;0m        [m
[48;2;0;0;0m           [48;2;208;208;208m[38;2;57;57;57m▀[48;2;44;43;44m[38;2;0;0;0m▀[48;2;0;0;0m[38;2;37;59;77m▀[48;2;115;150;212m[38;2;139;181;254m▀[48;2;139;181;254m                          [38;2;89;117;166m▀[48;2;115;150;212m[38;2;22;19;36m▀[48;2;22;19;36m[38;2;0;0;0m▀[48;2;0;0;0m[38;2;90;90;90m▀[48;2;141;141;141m[38;2;0;0;0m▀[48;2;0;0;0m              [38;2;141;141;141m▀[48;2;141;141;141m[38;2;0;0;0m▀[48;2;0;0;0m [48;2;52;71;102m[38;2;101;133;188m▀[48;2;139;181;254m      [48;2;115;150;212m[38;2;139;181;254m▀[48;2;0;0;0m[38;2;20;38;45m▀[48;2;61;61;61m[38;2;0;0;0m▀[48;2;208;208;208m[38;2;57;57;57m▀[48;2;0;0;0m             [38;2;141;141;141m▀[48;2;141;141;141m[38;2;0;0;0m▀[48;2;0;0;0m [48;2;52;71;102m[38;2;101;133;188m▀[48;2;139;181;254m                          [38;2;89;117;166m▀[48;2;115;150;212m[38;2;0;0;0m▀[48;2;0;0;0m [38;2;122;122;122m▀[48;2;171;171;171m[38;2;0;0;0m▀[48;2;0;0;0m      [m
[48;2;0;0;0m            [48;2;61;61;61m [48;2;0;0;0m [48;2;115;150;212m [48;2;139;181;254m                            [38;2;115;150;212m▀[48;2;52;71;102m[38;2;0;0;0m▀[48;2;0;0;0m[38;2;44;43;44m▀[48;2;141;141;141m[38;2;251;251;251m▀[48;2;0;0;0m              [48;2;190;190;190m [48;2;0;0;0m [48;2;52;71;102m [48;2;139;181;254m      [48;2;115;150;212m [48;2;0;0;0m [48;2;61;61;61m [48;2;0;0;0m               [48;2;190;190;190m [48;2;0;0;0m [48;2;52;71;102m [48;2;139;181;254m                            [38;2;89;117;166m▀[48;2;52;71;102m[38;2;0;0;0m▀[48;2;0;0;0m[38;2;44;43;44m▀[48;2;155;155;155m[38;2;251;251;251m▀[48;2;0;0;0m     [m
[48;2;0;0;0m            [48;2;61;61;61m [48;2;0;0;0m [48;2;115;150;212m [48;2;139;181;254m      [48;2;52;71;102m[38;2;77;103;146m▀[48;2;0;0;0m[38;2;52;71;102m▀▀▀▀▀▀▀▀▀▀▀▀▀[38;2;89;117;166m▀[38;2;127;166;234m▀[48;2;101;133;188m[38;2;139;181;254m▀[48;2;139;181;254m      [38;2;115;150;212m▀[48;2;0;0;0m [38;2;61;61;61m▀[48;2;251;251;251m[38;2;0;0;0m▀[48;2;0;0;0m             [48;2;190;190;190m [48;2;0;0;0m [48;2;52;71;102m [48;2;139;181;254m      [48;2;115;150;212m [48;2;0;0;0m [48;2;61;61;61m [48;2;0;0;0m               [48;2;190;190;190m [48;2;0;0;0m [48;2;52;71;102m [48;2;139;181;254m      [48;2;115;150;212m [48;2;0;0;0m[38;2;52;71;102m▀▀▀▀▀▀▀▀▀▀▀▀▀[38;2;89;117;166m▀[48;2;37;59;77m[38;2;133;174;244m▀[48;2;133;174;244m[38;2;139;181;254m▀[48;2;139;181;254m      [38;2;101;133;188m▀[48;2;0;0;0m [38;2;61;61;61m▀     [m
[48;2;0;0;0m            [48;2;61;61;61m [48;2;0;0;0m [48;2;115;150;212m [48;2;139;181;254m      [48;2;52;71;102m [48;2;0;0;0m [48;2;190;190;190m [48;2;0;0;0m[38;2;190;190;190m▀▀▀▀▀▀▀▀▀▀[38;2;171;171;171m▀[38;2;90;90;90m▀[48;2;61;61;61m[38;2;0;0;0m▀[48;2;0;0;0m[38;2;22;19;36m▀[48;2;115;150;212m[38;2;139;181;254m▀[48;2;139;181;254m      [48;2;52;71;102m [48;2;0;0;0m [48;2;190;190;190m [48;2;0;0;0m             [48;2;190;190;190m [48;2;0;0;0m [48;2;52;71;102m [48;2;139;181;254m      [48;2;115;150;212m [48;2;0;0;0m [48;2;61;61;61m [48;2;0;0;0m               [48;2;190;190;190m [48;2;0;0;0m [48;2;52;71;102m [48;2;139;181;254m      [48;2;115;150;212m [48;2;0;0;0m [48;2;61;61;61m [48;2;0;0;0m[38;2;190;190;190m▀▀▀▀▀▀▀▀▀▀[38;2;171;171;171m▀[48;2;225;225;225m[38;2;57;57;57m▀[48;2;0;0;0m [48;2;22;19;36m[38;2;52;71;102m▀[48;2;139;181;254m       [48;2;52;71;102m[38;2;37;59;77m▀[48;2;0;0;0m [48;2;190;190;190m[38;2;208;208;208m▀[48;2;0;0;0m    [m
[48;2;0;0;0m            [48;2;61;61;61m [48;2;0;0;0m [48;2;115;150;212m [48;2;139;181;254m      [48;2;52;71;102m [48;2;0;0;0m [48;2;190;190;190m [48;2;0;0;0m           [48;2;155;155;155m[38;2;0;0;0m▀[48;2;0;0;0m[38;2;61;61;61m▀ [48;2;133;174;244m[38;2;115;150;212m▀[48;2;139;181;254m      [48;2;52;71;102m [48;2;0;0;0m [48;2;190;190;190m [48;2;0;0;0m             [48;2;190;190;190m [48;2;0;0;0m [48;2;52;71;102m [48;2;139;181;254m      [48;2;115;150;212m [48;2;0;0;0m [48;2;61;61;61m [48;2;0;0;0m               [48;2;190;190;190m [48;2;0;0;0m [48;2;52;71;102m [48;2;139;181;254m      [48;2;115;150;212m [48;2;0;0;0m [48;2;61;61;61m [48;2;0;0;0m           [48;2;141;141;141m[38;2;251;251;251m▀[48;2;0;0;0m [48;2;52;71;102m[38;2;0;0;0m▀[48;2;139;181;254m       [48;2;52;71;102m [48;2;0;0;0m [48;2;190;190;190m [48;2;0;0;0m    [m
[48;2;0;0;0m            [48;2;61;61;61m [48;2;0;0;0m [48;2;115;150;212m [48;2;139;181;254m      [48;2;52;71;102m [48;2;0;0;0m [38;2;61;61;61m▀▀▀▀▀▀▀▀▀[38;2;32;32;31m▀  [48;2;37;59;77m[38;2;0;0;0m▀[48;2;101;133;188m▀[48;2;139;181;254m[38;2;77;103;146m▀      [48;2;127;166;234m[38;2;139;181;254m▀[48;2;0;0;0m[38;2;20;38;45m▀[48;2;32;32;31m[38;2;0;0;0m▀[48;2;0;0;0m[38;2;219;219;219m▀             [48;2;190;190;190m [48;2;0;0;0m [48;2;52;71;102m [48;2;139;181;254m      [48;2;115;150;212m [48;2;0;0;0m [48;2;61;61;61m [48;2;0;0;0m               [48;2;190;190;190m [48;2;0;0;0m [48;2;52;71;102m [48;2;139;181;254m      [48;2;115;150;212m [48;2;0;0;0m [38;2;61;61;61m▀▀▀▀▀▀▀▀▀▀[38;2;44;43;44m▀ [48;2;20;38;45m[38;2;0;0;0m▀[48;2;101;133;188m▀[48;2;139;181;254m[38;2;115;150;212m▀      [48;2;115;150;212m[38;2;139;181;254m▀[48;2;0;0;0m[38;2;22;19;36m▀[48;2;44;43;44m[38;2;0;0;0m▀[48;2;0;0;0m[38;2;238;238;238m▀    [m
[48;2;0;0;0m            [48;2;61;61;61m [48;2;0;0;0m [48;2;115;150;212m [48;2;139;181;254m      [38;2;115;150;212m▀▀▀▀▀▀▀▀▀▀▀[38;2;127;166;234m▀          [48;2;127;166;234m[38;2;139;181;254m▀[48;2;22;19;36m[38;2;89;117;166m▀[48;2;0;0;0m [48;2;187;187;187m[38;2;90;90;90m▀[48;2;0;0;0m              [48;2;190;190;190m [48;2;0;0;0m [48;2;52;71;102m [48;2;139;181;254m      [48;2;115;150;212m [48;2;0;0;0m [48;2;61;61;61m [48;2;0;0;0m               [48;2;190;190;190m [48;2;0;0;0m [48;2;52;71;102m [48;2;139;181;254m      [38;2;133;174;244m▀[38;2;115;150;212m▀▀▀▀▀▀▀▀▀▀▀▀         [48;2;115;150;212m[38;2;139;181;254m▀[48;2;0;0;0m[38;2;77;103;146m▀[48;2;8;8;8m[38;2;0;0;0m▀[48;2;219;219;219m[38;2;105;105;105m▀[48;2;0;0;0m     [m
[48;2;0;0;0m            [48;2;61;61;61m [48;2;0;0;0m [48;2;115;150;212m [48;2;139;181;254m                          [48;2;115;150;212m[38;2;139;181;254m▀[48;2;20;38;45m[38;2;133;174;244m▀[48;2;0;0;0m[38;2;37;59;77m▀[48;2;57;57;57m[38;2;0;0;0m▀[48;2;242;242;242m[38;2;90;90;90m▀[48;2;0;0;0m               [48;2;190;190;190m [48;2;0;0;0m [48;2;52;71;102m [48;2;139;181;254m      [48;2;115;150;212m [48;2;0;0;0m [48;2;61;61;61m [48;2;0;0;0m               [48;2;190;190;190m [48;2;0;0;0m [48;2;52;71;102m [48;2;139;181;254m                          [48;2;115;150;212m[38;2;139;181;254m▀[48;2;37;59;77m[38;2;133;174;244m▀[48;2;0;0;0m[38;2;37;59;77m▀[48;2;57;57;57m[38;2;0;0;0m▀[48;2;0;0;0m[38;2;105;105;105m▀      [m
[48;2;0;0;0m            [48;2;61;61;61m [48;2;0;0;0m [48;2;115;150;212m [48;2;139;181;254m      [48;2;101;133;188m[38;2;139;181;254m▀[48;2;89;117;166m▀▀▀▀▀▀▀[48;2;115;150;212m▀[48;2;139;181;254m       [48;2;77;103;146m▀[48;2;0;0;0m[38;2;133;174;244m▀[38;2;101;133;188m▀[38;2;52;71;102m▀[48;2;44;43;44m[38;2;0;0;0m▀[48;2;122;122;122m▀[48;2;0;0;0m[38;2;77;77;77m▀[38;2;225;225;225m▀                [48;2;190;190;190m [48;2;0;0;0m [48;2;52;71;102m [48;2;139;181;254m      [48;2;115;150;212m [48;2;0;0;0m [48;2;61;61;61m [48;2;0;0;0m               [48;2;190;190;190m [48;2;0;0;0m [48;2;52;71;102m [48;2;139;181;254m      [48;2;127;166;234m[38;2;139;181;254m▀[48;2;89;117;166m▀▀▀▀▀▀▀▀▀▀▀▀▀▀▀[48;2;52;71;102m▀[48;2;20;38;45m▀[48;2;0;0;0m[38;2;127;166;234m▀[38;2;77;103;146m▀ [48;2;105;105;105m[38;2;0;0;0m▀[48;2;0;0;0m[38;2;57;57;57m▀[38;2;225;225;225m▀       [m
[48;2;0;0;0m            [48;2;61;61;61m [48;2;0;0;0m [48;2;115;150;212m [48;2;139;181;254m      [48;2;52;71;102m [48;2;0;0;0m [48;2;126;126;126m[38;2;0;0;0m▀▀▀▀▀[48;2;77;77;77m▀[48;2;0;0;0m[38;2;20;38;45m▀[48;2;77;103;146m[38;2;133;174;244m▀[48;2;139;181;254m      [38;2;115;150;212m▀[48;2;89;117;166m[38;2;0;0;0m▀[48;2;0;0;0m [48;2;44;43;44m[38;2;155;155;155m▀[48;2;242;242;242m[38;2;251;251;251m▀[48;2;0;0;0m                   [48;2;190;190;190m [48;2;0;0;0m [48;2;52;71;102m [48;2;139;181;254m      [48;2;115;150;212m [48;2;0;0;0m [48;2;61;61;61m [48;2;0;0;0m               [48;2;190;190;190m [48;2;0;0;0m [48;2;52;71;102m [48;2;139;181;254m      [48;2;115;150;212m [48;2;0;0;0m [48;2;61;61;61m[38;2;0;0;0m▀[48;2;126;126;126m▀▀▀▀▀▀▀▀▀▀▀▀▀[48;2;187;187;187m▀[48;2;219;219;219m▀[48;2;0;0;0m[38;2;32;32;31m▀[38;2;90;90;90m▀[38;2;203;203;203m▀          [m
[48;2;0;0;0m            [48;2;61;61;61m [48;2;0;0;0m [48;2;115;150;212m [48;2;139;181;254m      [48;2;52;71;102m [48;2;0;0;0m [48;2;190;190;190m [48;2;0;0;0m    [38;2;203;203;203m▀[48;2;141;141;141m[38;2;0;0;0m▀[48;2;0;0;0m [48;2;22;19;36m[38;2;115;150;212m▀[48;2;133;174;244m[38;2;139;181;254m▀[48;2;139;181;254m      [48;2;127;166;234m[38;2;52;71;102m▀[48;2;22;19;36m[38;2;0;0;0m▀[48;2;0;0;0m[38;2;90;90;90m▀[48;2;155;155;155m[38;2;0;0;0m▀[48;2;0;0;0m                  [48;2;190;190;190m [48;2;0;0;0m [48;2;52;71;102m [48;2;139;181;254m      [48;2;115;150;212m [48;2;0;0;0m [48;2;61;61;61m [48;2;0;0;0m               [48;2;190;190;190m [48;2;0;0;0m [48;2;52;71;102m [48;2;139;181;254m      [48;2;115;150;212m [48;2;0;0;0m [48;2;61;61;61m [48;2;0;0;0m                            [m
[48;2;0;0;0m            [48;2;61;61;61m [48;2;0;0;0m [48;2;115;150;212m [48;2;139;181;254m      [48;2;52;71;102m [48;2;0;0;0m [48;2;190;190;190m [48;2;0;0;0m      [48;2;225;225;225m[38;2;77;77;77m▀[48;2;21;21;21m[38;2;0;0;0m▀[48;2;0;0;0m[38;2;52;71;102m▀[48;2;115;150;212m[38;2;139;181;254m▀[48;2;139;181;254m      [38;2;101;133;188m▀[48;2;52;71;102m[38;2;0;0;0m▀[48;2;0;0;0m[38;2;21;21;21m▀[48;2;77;77;77m[38;2;225;225;225m▀[48;2;0;0;0m                 [48;2;190;190;190m [48;2;0;0;0m [48;2;52;71;102m [48;2;139;181;254m      [48;2;115;150;212m [48;2;0;0;0m [48;2;61;61;61m [48;2;0;0;0m               [48;2;190;190;190m [48;2;0;0;0m [48;2;52;71;102m [48;2;139;181;254m      [48;2;115;150;212m [48;2;0;0;0m [48;2;61;61;61m [48;2;0;0;0m                            [m
[48;2;0;0;0m            [48;2;61;61;61m [48;2;0;0;0m [48;2;115;150;212m [48;2;139;181;254m      [48;2;52;71;102m [48;2;0;0;0m [48;2;190;190;190m [48;2;0;0;0m       [38;2;141;141;141m▀[48;2;77;77;77m[38;2;0;0;0m▀[48;2;0;0;0m[38;2;22;19;36m▀[48;2;52;71;102m[38;2;133;174;244m▀[48;2;139;181;254m      ▀[48;2;115;150;212m[38;2;22;19;36m▀[48;2;0;0;0m [38;2;122;122;122m▀[48;2;203;203;203m[38;2;0;0;0m▀[48;2;0;0;0m               [48;2;190;190;190m [48;2;0;0;0m [48;2;52;71;102m [48;2;139;181;254m      [48;2;115;150;212m [48;2;0;0;0m [48;2;61;61;61m [48;2;0;0;0m               [48;2;190;190;190m [48;2;0;0;0m [48;2;52;71;102m [48;2;139;181;254m      [48;2;115;150;212m [48;2;0;0;0m [48;2;61;61;61m [48;2;0;0;0m                            [m
[48;2;0;0;0m           [48;2;225;225;225m[38;2;0;0;0m▀[48;2;44;43;44m[38;2;61;61;61m▀[48;2;0;0;0m [48;2;115;150;212m [48;2;139;181;254m      [48;2;52;71;102m [48;2;0;0;0m [48;2;155;155;155m[38;2;190;190;190m▀[48;2;0;0;0m        [38;2;225;225;225m▀[48;2;171;171;171m[38;2;44;43;44m▀[48;2;0;0;0m [48;2;22;19;36m[38;2;89;117;166m▀[48;2;127;166;234m[38;2;139;181;254m▀[48;2;139;181;254m      [38;2;77;103;146m▀[48;2;37;59;77m[38;2;0;0;0m▀[48;2;0;0;0m[38;2;57;57;57m▀[48;2;32;32;31m[38;2;225;225;225m▀[48;2;90;90;90m[38;2;0;0;0m▀[48;2;242;242;242m▀[48;2;0;0;0m            [48;2;155;155;155m[38;2;190;190;190m▀[48;2;0;0;0m [48;2;52;71;102m [48;2;139;181;254m      [48;2;115;150;212m [48;2;0;0;0m [48;2;61;61;61m [48;2;225;225;225m[38;2;0;0;0m▀[48;2;0;0;0m              [48;2;155;155;155m[38;2;190;190;190m▀[48;2;0;0;0m [48;2;52;71;102m [48;2;139;181;254m      [48;2;115;150;212m [48;2;0;0;0m [48;2;61;61;61m [48;2;225;225;225m[38;2;0;0;0m▀[48;2;0;0;0m                           [m
[48;2;0;0;0m          [48;2;208;208;208m[38;2;0;0;0m▀[48;2;0;0;0m[38;2;57;57;57m▀[48;2;37;59;77m[38;2;0;0;0m▀[48;2;133;174;244m[38;2;20;38;45m▀[48;2;139;181;254m       [38;2;89;117;166m▀[48;2;101;133;188m[38;2;0;0;0m▀[48;2;0;0;0m [48;2;97;97;97m[38;2;155;155;155m▀[48;2;0;0;0m        [48;2;141;141;141m[38;2;203;203;203m▀[48;2;0;0;0m [48;2;77;103;146m[38;2;0;0;0m▀[48;2;139;181;254m[38;2;89;117;166m▀       [38;2;133;174;244m▀[38;2;52;71;102m▀[48;2;127;166;234m[38;2;0;0;0m▀[48;2;0;0;0m [48;2;32;32;31m[38;2;90;90;90m▀[48;2;0;0;0m           [48;2;97;97;97m[38;2;155;155;155m▀[48;2;0;0;0m [48;2;101;133;188m[38;2;0;0;0m▀[48;2;139;181;254m[38;2;89;117;166m▀       [48;2;133;174;244m[38;2;22;19;36m▀[48;2;37;59;77m[38;2;0;0;0m▀[48;2;0;0;0m[38;2;57;57;57m▀[48;2;208;208;208m[38;2;0;0;0m▀[48;2;0;0;0m            [48;2;97;97;97m[38;2;155;155;155m▀[48;2;0;0;0m [48;2;101;133;188m[38;2;0;0;0m▀[48;2;139;181;254m[38;2;89;117;166m▀       [48;2;133;174;244m[38;2;22;19;36m▀[48;2;37;59;77m[38;2;0;0;0m▀[48;2;0;0;0m[38;2;57;57;57m▀[48;2;208;208;208m[38;2;0;0;0m▀[48;2;0;0;0m                          [m
[48;2;0;0;0m          [38;2;238;238;238m▀[48;2;90;90;90m[38;2;0;0;0m▀[48;2;0;0;0m[38;2;22;19;36m▀[38;2;52;71;102m▀▀▀▀▀▀▀▀▀[38;2;37;59;77m▀[48;2;57;57;57m[38;2;0;0;0m▀[48;2;0;0;0m[38;2;155;155;155m▀        [38;2;203;203;203m▀[48;2;77;77;77m[38;2;0;0;0m▀[48;2;0;0;0m[38;2;20;38;45m▀[38;2;52;71;102m▀▀▀▀▀▀▀▀▀▀▀[48;2;44;43;44m[38;2;0;0;0m▀[48;2;242;242;242m[38;2;90;90;90m▀[48;2;0;0;0m           [38;2;155;155;155m▀[48;2;57;57;57m[38;2;0;0;0m▀[48;2;0;0;0m[38;2;37;59;77m▀[38;2;52;71;102m▀▀▀▀▀▀▀▀▀[38;2;22;19;36m▀[48;2;90;90;90m[38;2;0;0;0m▀[48;2;0;0;0m[38;2;238;238;238m▀            [38;2;155;155;155m▀[48;2;57;57;57m[38;2;0;0;0m▀[48;2;0;0;0m[38;2;37;59;77m▀[38;2;52;71;102m▀▀▀▀▀▀▀▀▀[38;2;22;19;36m▀[48;2;90;90;90m[38;2;0;0;0m▀[48;2;0;0;0m[38;2;238;238;238m▀                          [m
[48;2;0;0;0m            [38;2;238;238;238m▀[38;2;190;190;190m▀▀▀▀▀▀▀▀▀[38;2;208;208;208m▀            [38;2;219;219;219m▀[38;2;190;190;190m▀▀▀▀▀▀▀▀▀▀▀[38;2;251;251;251m▀              [38;2;208;208;208m▀[38;2;190;190;190m▀▀▀▀▀▀▀▀▀[38;2;238;238;238m▀                [38;2;208;208;208m▀[38;2;190;190;190m▀▀▀▀▀▀▀▀▀[38;2;238;238;238m▀                            [m
[48;2;0;0;0m                                                                                                                                [m
