[48;2;0;0;0m                  [48;2;231;231;231m[38;2;0;0;0m▀▀▀[48;2;123;140;107m▀[48;2;231;231;231m▀▀[48;2;123;140;107m▀[48;2;231;231;231m▀▀[48;2;0;0;0m        [m
[48;2;0;0;0m                [48;2;231;231;231m[38;2;0;0;0m▀[48;2;123;140;107m[38;2;231;231;231m▀[48;2;33;57;8m▀[38;2;123;140;107m▀   ▀[38;2;57;90;8m▀[38;2;123;140;107m▀[48;2;229;206;155m[38;2;231;231;231m▀[48;2;225;202;152m[38;2;0;0;0m▀[48;2;0;0;0m       [m
[48;2;0;0;0m              [48;2;231;231;231m[38;2;0;0;0m▀[48;2;33;57;8m[38;2;231;231;231m▀ [48;2;57;90;8m[38;2;33;57;8m▀[48;2;33;57;8m[38;2;57;90;8m▀[48;2;57;90;8m[38;2;255;140;140m▀[48;2;255;140;140m [48;2;57;90;8m▀[48;2;33;57;8m▀▀▀[38;2;57;90;8m▀[48;2;229;206;155m  [48;2;123;140;107m[38;2;231;231;231m▀[48;2;0;0;0m      [m
[48;2;0;0;0m             [48;2;123;140;107m[38;2;231;231;231m▀[48;2;33;57;8m [48;2;57;90;8m[38;2;33;57;8m▀[48;2;255;140;140m[38;2;57;90;8m▀▀[48;2;33;57;8m ▀[48;2;255;140;140m [48;2;33;57;8m [48;2;123;140;107m▀  [38;2;33;57;8m▀[48;2;229;206;155m  [48;2;33;57;8m [48;2;123;140;107m[38;2;231;231;231m▀[48;2;0;0;0m     [m
[48;2;0;0;0m            [48;2;57;90;8m[38;2;231;231;231m▀[48;2;33;57;8m [48;2;57;90;8m[38;2;33;57;8m▀[48;2;255;140;140m      [48;2;33;57;8m [48;2;229;206;155m     [48;2;216;191;146m      [48;2;0;0;0m  [m
[48;2;0;0;0m           [48;2;231;231;231m [48;2;33;57;8m  [48;2;255;140;140m       [48;2;33;57;8m [48;2;81;45;25m [38;2;229;206;155m▀ [48;2;229;206;155m [48;2;81;45;25m [48;2;222;198;150m[38;2;216;191;146m▀[48;2;216;191;146m [48;2;81;45;25m   [48;2;216;191;146m [48;2;0;0;0m  [m
[48;2;0;0;0m          [48;2;231;231;231m [48;2;33;57;8m  [48;2;255;140;140m        [48;2;57;90;8m [48;2;229;206;155m [38;2;81;45;25m▀[48;2;81;45;25m [48;2;229;206;155m [48;2;164;135;99m▀[48;2;229;206;155m [48;2;216;191;146m   ▀ [48;2;0;0;0m  [m
[48;2;0;0;0m         [48;2;231;231;231m[38;2;0;0;0m▀[48;2;33;57;8m  [48;2;57;90;8m [38;2;255;140;140m▀[48;2;255;140;140m       [38;2;57;90;8m▀[48;2;229;206;155m      [48;2;216;191;146m     [48;2;0;0;0m  [m
[48;2;0;0;0m       [48;2;231;231;231m[38;2;0;0;0m▀[48;2;33;57;8m[38;2;231;231;231m▀ [48;2;57;90;8m[38;2;33;57;8m▀[48;2;255;140;140m  [48;2;57;90;8m [48;2;255;140;140m        [48;2;229;206;155m [48;2;81;45;25m   [48;2;229;206;155m  [48;2;216;191;146m [38;2;182;154;115m▀   [48;2;0;0;0m  [m
[48;2;0;0;0m    [48;2;231;231;231m[38;2;0;0;0m▀[48;2;123;140;107m[38;2;231;231;231m▀[48;2;33;57;8m▀ [48;2;57;90;8m[38;2;33;57;8m▀[48;2;255;140;140m    [38;2;57;90;8m▀▀[48;2;57;90;8m  [38;2;255;140;140m▀▀[48;2;255;140;140m   [48;2;207;180;130m[38;2;229;206;155m▀[48;2;229;206;155m [38;2;81;45;25m▀  [48;2;207;180;130m[38;2;229;206;155m▀[48;2;216;191;146m     [48;2;0;0;0m  [m
[48;2;0;0;0m   [48;2;231;231;231m[38;2;0;0;0m▀[48;2;33;57;8m[38;2;123;140;107m▀ [48;2;57;90;8m [48;2;255;140;140m                [38;2;207;180;130m▀[48;2;207;180;130m[38;2;229;206;155m▀▀    [38;2;216;191;146m▀ [48;2;0;0;0m   [m
[48;2;0;0;0m [48;2;231;231;231m[38;2;0;0;0m▀[48;2;123;140;107m[38;2;231;231;231m▀[48;2;33;57;8m [48;2;57;90;8m[38;2;33;57;8m▀[48;2;255;140;140m                    [38;2;207;180;130m▀[48;2;207;180;130m   [48;2;33;57;8m▀[38;2;207;180;129m▀[48;2;0;0;0m    [m
[48;2;0;0;0m [38;2;231;231;231m▀[38;2;123;140;107m▀[38;2;33;57;8m▀▀▀▀▀▀▀▀▀▀▀▀▀▀▀▀▀▀▀▀            [m
