[48;2;0;0;0m                                   [m
[48;2;0;0;0m                                   [m
[48;2;0;0;0m                  [48;2;231;231;231m[38;2;0;0;0m▀▀[48;2;123;140;107m▀[48;2;57;90;8m[38;2;231;231;231m▀[48;2;33;57;8m▀▀[48;2;123;140;107m▀[38;2;0;0;0m▀[48;2;231;231;231m▀[48;2;0;0;0m        [m
[48;2;0;0;0m               [48;2;231;231;231m[38;2;0;0;0m▀[48;2;123;140;107m[38;2;231;231;231m▀[48;2;33;57;8m▀ [48;2;57;90;8m[38;2;33;57;8m▀▀[48;2;255;107;181m▀▀▀▀[48;2;57;90;8m▀[48;2;33;57;8m [38;2;123;140;107m▀[48;2;231;231;231m[38;2;0;0;0m▀[48;2;0;0;0m      [m
[48;2;0;0;0m             [48;2;231;231;231m[38;2;0;0;0m▀[48;2;33;57;8m[38;2;231;231;231m▀ [48;2;57;90;8m[38;2;33;57;8m▀[48;2;255;107;181m[38;2;57;90;8m▀ [48;2;33;57;8m  [48;2;255;107;181m [48;2;33;57;8m[38;2;255;107;181m▀[38;2;57;90;8m▀▀[48;2;57;90;8m [48;2;33;57;8m▀ [38;2;123;140;107m▀[48;2;231;231;231m[38;2;0;0;0m▀[48;2;0;0;0m     [m
[48;2;0;0;0m           [48;2;250;248;248m[38;2;0;0;0m▀[48;2;228;222;220m▀[48;2;172;168;146m[38;2;123;140;107m▀[48;2;188;181;160m[38;2;33;57;8m▀[48;2;234;190;196m[38;2;57;90;8m▀[38;2;255;107;181m▀[48;2;233;174;192m▀[48;2;241;146;188m▀[48;2;247;119;179m[38;2;33;57;8m▀[48;2;255;107;181m▀ [48;2;33;57;8m [48;2;123;140;107m    [48;2;33;57;8m  [38;2;231;231;231m▀[48;2;231;231;231m[38;2;0;0;0m▀[48;2;0;0;0m    [m
[48;2;0;0;0m           [48;2;231;220;211m[38;2;237;229;222m▀[48;2;230;221;202m[38;2;222;205;189m▀[48;2;246;238;217m[38;2;231;214;197m▀[48;2;243;232;210m[38;2;232;215;197m▀[48;2;243;224;203m[38;2;233;212;195m▀[48;2;241;222;199m[38;2;232;210;191m▀[48;2;237;216;190m[38;2;226;201;184m▀[48;2;224;198;174m[38;2;218;188;179m▀[48;2;214;176;160m[38;2;222;170;169m▀[48;2;255;107;181m  [48;2;33;57;8m [48;2;123;140;107m[38;2;74;132;0m▀   [48;2;33;57;8m [48;2;255;107;181m[38;2;57;90;8m▀[48;2;33;57;8m [38;2;231;231;231m▀[48;2;231;231;231m[38;2;0;0;0m▀[48;2;0;0;0m   [m
[48;2;0;0;0m         [48;2;231;231;231m[38;2;0;0;0m▀[48;2;33;57;8m[38;2;231;231;231m▀[48;2;124;83;59m[38;2;148;136;112m▀[48;2;182;119;102m[38;2;201;161;146m▀[48;2;188;113;94m[38;2;208;162;141m▀[48;2;149;58;47m[38;2;191;138;117m▀[48;2;117;14;18m[38;2;175;113;99m▀[48;2;112;7;13m[38;2;170;105;94m▀[38;2;169;99;90m▀[48;2;117;14;18m[38;2;163;96;88m▀[48;2;133;38;58m[38;2;164;100;104m▀[48;2;255;107;181m  [48;2;33;57;8m [48;2;57;90;8m[38;2;123;140;107m▀[48;2;123;140;107m  [48;2;66;123;0m▀[48;2;33;57;8m [48;2;255;107;181m [38;2;33;57;8m▀[48;2;33;57;8m [48;2;123;140;107m[38;2;231;231;231m▀[48;2;0;0;0m   [m
[48;2;0;0;0m        [48;2;231;231;231m[38;2;0;0;0m▀[48;2;33;57;8m[38;2;123;140;107m▀ [48;2;109;81;52m[38;2;98;59;38m▀[48;2;179;130;111m[38;2;176;122;103m▀[48;2;197;128;111m[38;2;197;123;107m▀[48;2;146;55;48m[38;2;145;49;44m▀[48;2;111;3;13m[38;2;109;0;8m▀[48;2;108;0;18m[38;2;106;0;10m▀[48;2;107;0;13m[38;2;105;0;7m▀[48;2;113;13;26m[38;2;110;4;15m▀[48;2;143;52;61m[38;2;136;37;45m▀[48;2;255;107;181m   [48;2;33;57;8m [38;2;123;140;107m▀▀ [48;2;57;90;8m [48;2;255;107;181m [38;2;57;90;8m▀[48;2;33;57;8m [48;2;123;140;107m [48;2;0;0;0m   [m
[48;2;0;0;0m      [48;2;231;231;231m[38;2;0;0;0m▀[48;2;33;57;8m[38;2;231;231;231m▀ [48;2;57;90;8m[38;2;33;57;8m▀[48;2;255;107;181m [48;2;206;116;152m[38;2;129;109;75m▀[48;2;163;115;93m[38;2;179;130;111m▀[48;2;178;92;76m[38;2;188;113;94m▀[48;2;151;53;46m[38;2;147;55;47m▀[48;2;111;3;13m [48;2;116;0;20m[38;2;108;0;18m▀[48;2;106;0;10m[38;2;107;0;13m▀[48;2;136;37;45m[38;2;119;25;35m▀[48;2;198;96;127m[38;2;165;75;88m▀[48;2;255;107;181m   [38;2;33;57;8m▀[48;2;33;57;8m  [48;2;57;90;8m [48;2;255;107;181m  [38;2;57;90;8m▀[48;2;33;57;8m [48;2;231;231;231m [48;2;0;0;0m   [m
[48;2;0;0;0m   [48;2;231;231;231m[38;2;0;0;0m▀[48;2;123;140;107m[38;2;231;231;231m▀[48;2;33;57;8m▀ [48;2;255;107;181m[38;2;33;57;8m▀   [48;2;247;119;179m[38;2;234;120;166m▀[48;2;188;107;119m [48;2;163;74;54m[38;2;163;73;58m▀[48;2;162;53;44m[38;2;154;49;44m▀[48;2;132;3;16m[38;2;125;2;18m▀[48;2;125;2;18m[38;2;116;0;20m▀[48;2;137;0;11m[38;2;114;0;3m▀[48;2;147;65;54m[38;2;165;56;64m▀[48;2;247;119;179m[38;2;234;120;166m▀[48;2;255;107;181m        [48;2;57;90;8m[38;2;255;107;181m▀[48;2;33;57;8m [48;2;231;231;231m[38;2;33;57;8m▀[48;2;0;0;0m[38;2;231;231;231m▀   [m
[48;2;231;231;231m[38;2;0;0;0m▀▀[48;2;33;57;8m[38;2;231;231;231m▀  [48;2;255;107;181m[38;2;33;57;8m▀      [48;2;206;116;152m [48;2;183;104;83m[38;2;169;85;65m▀[48;2;172;60;45m [48;2;144;6;15m[38;2;132;3;16m▀[48;2;147;0;10m[38;2;137;0;11m▀[48;2;179;11;23m[38;2;165;3;18m▀[48;2;234;101;136m[38;2;152;87;57m▀[48;2;255;107;181m[38;2;69;96;19m▀[38;2;57;90;8m▀       [48;2;33;57;8m  [48;2;231;231;231m [48;2;0;0;0m    [m
[48;2;0;0;0m[38;2;231;231;231m▀[38;2;123;140;107m▀[38;2;33;57;8m▀▀▀▀▀▀▀▀▀▀[38;2;114;97;68m▀[38;2;179;102;79m▀[38;2;175;66;49m▀[38;2;144;6;15m▀[38;2;147;0;10m▀[38;2;167;20;25m▀[38;2;124;83;59m▀[38;2;33;57;8m▀▀▀▀▀▀▀▀▀▀[38;2;123;140;107m▀     [m
