[48;2;0;0;0m                                   [m
[48;2;0;0;0m      [48;2;231;231;231m[38;2;0;0;0m▀[48;2;57;90;8m[38;2;231;231;231m▀[48;2;33;57;8m▀▀[38;2;123;140;107m▀[38;2;231;231;231m▀▀[48;2;123;140;107m▀[48;2;231;231;231m[38;2;0;0;0m▀[48;2;0;0;0m                    [m
[48;2;0;0;0m   [48;2;231;231;231m[38;2;0;0;0m▀[48;2;57;90;8m[38;2;231;231;231m▀[48;2;33;57;8m[38;2;123;140;107m▀ [48;2;140;181;255m[38;2;33;57;8m▀[38;2;57;90;8m▀▀▀▀[38;2;33;57;8m▀▀[48;2;33;57;8m [38;2;123;140;107m▀[48;2;231;231;231m[38;2;0;0;0m▀[48;2;0;0;0m                  [m
[48;2;0;0;0m  [48;2;123;140;107m[38;2;231;231;231m▀[48;2;33;57;8m[38;2;123;140;107m▀ [48;2;140;181;255m [48;2;33;57;8m[38;2;140;181;255m▀[48;2;57;90;8m▀[48;2;140;181;255m [48;2;33;57;8m▀▀▀▀▀[48;2;57;90;8m▀[48;2;33;57;8m  [38;2;231;231;231m▀[48;2;231;231;231m[38;2;0;0;0m▀[48;2;0;0;0m                [m
[48;2;231;231;231m[38;2;0;0;0m▀[48;2;123;140;107m[38;2;231;231;231m▀[48;2;33;57;8m [48;2;57;90;8m[38;2;33;57;8m▀[48;2;140;181;255m [38;2;57;90;8m▀[48;2;33;57;8m [48;2;57;90;8m [48;2;140;181;255m [48;2;33;57;8m [48;2;123;140;107m   ▀[48;2;33;57;8m  [48;2;57;90;8m[38;2;33;57;8m▀[48;2;33;57;8m [38;2;123;140;107m▀[48;2;231;231;231m[38;2;0;0;0m▀[48;2;0;0;0m               [m
[48;2;209;197;182m[38;2;231;231;231m▀[48;2;185;180;159m[38;2;33;57;8m▀[48;2;183;178;156m▀[48;2;194;199;218m[38;2;140;181;255m▀[48;2;171;191;234m▀[48;2;152;185;247m▀[48;2;140;181;255m  [38;2;57;90;8m▀[48;2;33;57;8m [48;2;123;140;107m   ▀[48;2;33;57;8m [48;2;140;181;255m  ▀[48;2;57;90;8m[38;2;33;57;8m▀[48;2;33;57;8m[38;2;123;140;107m▀[48;2;231;231;231m[38;2;0;0;0m▀[48;2;0;0;0m              [m
[48;2;243;232;210m[38;2;232;215;197m▀[48;2;243;224;203m[38;2;233;212;195m▀[48;2;241;222;199m[38;2;232;210;191m▀[48;2;237;216;190m[38;2;226;201;184m▀[48;2;224;198;174m[38;2;209;197;182m▀[48;2;209;184;178m[38;2;199;186;186m▀[48;2;140;181;255m   [48;2;33;57;8m [48;2;123;140;107m   [48;2;57;90;8m[38;2;66;123;0m▀[38;2;33;57;8m▀[48;2;140;181;255m    [48;2;33;57;8m [48;2;57;90;8m[38;2;123;140;107m▀[48;2;231;231;231m[38;2;0;0;0m▀[48;2;0;0;0m             [m
[48;2;149;58;47m[38;2;191;138;117m▀[48;2;117;14;18m[38;2;175;113;99m▀[48;2;112;7;13m[38;2;170;105;94m▀[38;2;169;99;90m▀[48;2;117;14;18m[38;2;163;96;88m▀[48;2;119;45;62m[38;2;152;107;99m▀[48;2;140;181;255m   [48;2;57;90;8m[38;2;33;57;8m▀[48;2;33;57;8m[38;2;57;90;8m▀[48;2;57;90;8m[38;2;123;140;107m▀[48;2;33;57;8m▀ [48;2;140;181;255m     [48;2;33;57;8m [48;2;123;140;107m [48;2;0;0;0m[38;2;231;231;231m▀             [m
[48;2;146;55;48m[38;2;145;49;44m▀[48;2;111;3;13m[38;2;109;0;8m▀[48;2;108;0;18m[38;2;106;0;10m▀[48;2;107;0;13m[38;2;105;0;7m▀[48;2;113;13;26m[38;2;110;4;15m▀[48;2;127;64;80m[38;2;119;45;62m▀[48;2;140;181;255m   [38;2;57;90;8m▀[48;2;57;90;8m[38;2;33;57;8m▀[48;2;33;57;8m  [48;2;140;181;255m[38;2;57;90;8m▀     [48;2;57;90;8m[38;2;33;57;8m▀[48;2;33;57;8m[38;2;123;140;107m▀[48;2;123;140;107m[38;2;231;231;231m▀[48;2;0;0;0m             [m
[48;2;151;53;46m[38;2;147;55;47m▀[48;2;111;3;13m [48;2;116;0;20m[38;2;108;0;18m▀[48;2;106;0;10m [48;2;133;38;58m[38;2;119;25;35m▀[48;2;166;118;157m[38;2;145;84;112m▀[48;2;140;181;255m     [38;2;57;90;8m▀        [38;2;33;57;8m▀[48;2;57;90;8m▀[48;2;33;57;8m[38;2;123;140;107m▀[38;2;231;231;231m▀[38;2;0;0;0m▀[48;2;231;231;231m▀[48;2;0;0;0m         [m
[48;2;162;53;44m[38;2;154;49;44m▀[48;2;132;3;16m[38;2;125;2;18m▀[48;2;125;2;18m[38;2;116;0;20m▀[48;2;137;0;11m[38;2;114;0;3m▀[48;2;147;65;54m[38;2;119;55;47m▀[48;2;92;105;42m[38;2;164;163;206m▀[48;2;57;90;8m[38;2;140;181;255m▀▀▀[48;2;140;181;255m             [38;2;57;90;8m▀▀[48;2;57;90;8m[38;2;33;57;8m▀[48;2;33;57;8m [38;2;123;140;107m▀[48;2;57;90;8m[38;2;231;231;231m▀[48;2;231;231;231m[38;2;0;0;0m▀[48;2;0;0;0m      [m
[48;2;172;60;45m [48;2;144;6;15m[38;2;132;3;16m▀[48;2;147;0;10m[38;2;137;0;11m▀[48;2;179;11;23m[38;2;165;3;18m▀[48;2;183;135;169m[38;2;152;87;57m▀[48;2;140;181;255m[38;2;69;96;19m▀[38;2;57;90;8m▀▀▀[48;2;57;90;8m [38;2;140;181;255m▀[48;2;140;181;255m               [38;2;33;57;8m▀[48;2;57;90;8m▀[48;2;33;57;8m [38;2;231;231;231m▀[48;2;231;231;231m[38;2;0;0;0m▀[48;2;0;0;0m    [m
[48;2;0;0;0m[38;2;175;66;49m▀[38;2;144;6;15m▀[38;2;147;0;10m▀[38;2;167;20;25m▀[38;2;124;83;59m▀[38;2;33;57;8m▀▀▀▀▀▀▀▀▀▀▀▀▀▀▀▀▀▀▀▀▀▀▀▀▀[38;2;123;140;107m▀    [m
