[48;2;0;0;0m        [48;2;231;231;231m[38;2;0;0;0m▀▀▀▀▀▀[48;2;0;0;0m                     [m
[48;2;0;0;0m     [48;2;231;231;231m[38;2;0;0;0m▀▀[48;2;33;57;8m[38;2;231;231;231m▀[38;2;123;140;107m▀▀▀[38;2;57;90;8m▀▀[38;2;231;231;231m▀▀[48;2;231;231;231m[38;2;0;0;0m▀▀[48;2;0;0;0m                  [m
[48;2;0;0;0m   [48;2;231;231;231m[38;2;0;0;0m▀[48;2;123;140;107m[38;2;231;231;231m▀[48;2;33;57;8m[38;2;123;140;107m▀ [48;2;140;255;255m[38;2;33;57;8m▀[38;2;57;90;8m▀    [38;2;33;57;8m▀▀[48;2;57;90;8m▀[48;2;33;57;8m[38;2;123;140;107m▀[48;2;123;140;107m[38;2;231;231;231m▀[48;2;231;231;231m[38;2;0;0;0m▀[48;2;0;0;0m                [m
[48;2;0;0;0m  [48;2;231;231;231m [48;2;33;57;8m[38;2;123;140;107m▀ [48;2;140;255;255m[38;2;57;90;8m▀[48;2;33;57;8m  [48;2;57;90;8m[38;2;140;255;255m▀▀[48;2;33;57;8m [48;2;123;140;107m[38;2;33;57;8m▀[48;2;57;90;8m▀▀[48;2;33;57;8m[38;2;57;90;8m▀   [38;2;231;231;231m▀[48;2;231;231;231m[38;2;0;0;0m▀[48;2;0;0;0m               [m
[48;2;0;0;0m [48;2;231;231;231m[38;2;0;0;0m▀[48;2;33;57;8m[38;2;123;140;107m▀ [48;2;140;255;255m  [38;2;57;90;8m▀▀ [48;2;33;57;8m [48;2;57;90;8m [48;2;123;140;107m   [48;2;57;90;8m[38;2;33;57;8m▀▀[48;2;140;255;255m▀[38;2;57;90;8m▀[48;2;33;57;8m [38;2;231;231;231m▀[48;2;231;231;231m[38;2;0;0;0m▀[48;2;0;0;0m              [m
[48;2;235;218;202m[38;2;238;227;220m▀[38;2;231;220;211m▀[48;2;233;212;195m[38;2;185;180;159m▀[48;2;228;208;187m[38;2;189;186;158m▀[48;2;222;205;189m[38;2;194;225;218m▀[48;2;209;197;182m[38;2;171;237;234m▀[48;2;178;207;201m[38;2;152;248;247m▀[48;2;140;255;255m  [48;2;33;57;8m[38;2;57;90;8m▀[48;2;57;90;8m [48;2;123;140;107m   [48;2;33;57;8m [48;2;57;90;8m [48;2;140;255;255m  ▀[48;2;33;57;8m [48;2;123;140;107m[38;2;231;231;231m▀[48;2;231;231;231m[38;2;0;0;0m▀[48;2;0;0;0m             [m
[48;2;208;162;141m[38;2;246;238;217m▀[48;2;191;138;117m[38;2;243;232;210m▀[48;2;175;113;99m[38;2;243;224;203m▀[48;2;170;105;94m[38;2;241;222;199m▀[48;2;169;99;90m[38;2;237;216;190m▀[48;2;163;96;88m[38;2;224;198;174m▀[48;2;153;114;94m[38;2;202;188;168m▀[48;2;140;255;255m  [38;2;57;90;8m▀[48;2;33;57;8m▀[48;2;123;140;107m   [48;2;33;57;8m [48;2;140;255;255m▀   [38;2;33;57;8m▀[48;2;33;57;8m [48;2;231;231;231m [48;2;0;0;0m             [m
[48;2;197;123;107m[38;2;188;113;94m▀[48;2;145;49;44m[38;2;149;58;47m▀[48;2;109;0;8m[38;2;117;14;18m▀[48;2;106;0;10m[38;2;112;7;13m▀[48;2;105;0;7m▀[48;2;110;4;15m[38;2;113;13;26m▀[48;2;119;55;62m [48;2;140;255;255m   [48;2;33;57;8m [38;2;57;90;8m▀[38;2;123;140;107m▀  [48;2;140;255;255m    [48;2;57;90;8m [48;2;33;57;8m [48;2;231;231;231m [48;2;0;0;0m             [m
[48;2;188;113;94m[38;2;197;128;111m▀[48;2;147;55;47m[38;2;146;55;48m▀[48;2;111;3;13m [48;2;108;0;18m [48;2;106;0;10m[38;2;107;0;13m▀[48;2;119;25;35m[38;2;113;13;26m▀[48;2;136;108;112m[38;2;127;64;80m▀[48;2;140;255;255m    [48;2;57;90;8m[38;2;33;57;8m▀[48;2;33;57;8m [48;2;140;255;255m▀     [38;2;57;90;8m▀[48;2;33;57;8m [38;2;231;231;231m▀[48;2;57;90;8m[38;2;0;0;0m▀[48;2;231;231;231m▀[48;2;0;0;0m           [m
[48;2;163;73;58m[38;2;178;92;76m▀[48;2;154;49;44m[38;2;151;53;46m▀[48;2;125;2;18m[38;2;111;3;13m▀[48;2;116;0;20m [48;2;114;0;3m[38;2;109;0;8m▀[48;2;147;78;82m[38;2;119;55;62m▀[48;2;178;207;201m[38;2;155;157;140m▀[48;2;140;255;255m              [38;2;33;57;8m▀▀[48;2;33;57;8m [38;2;123;140;107m▀[38;2;231;231;231m▀[48;2;123;140;107m[38;2;0;0;0m▀[48;2;231;231;231m▀[48;2;0;0;0m       [m
[48;2;169;85;65m[38;2;163;74;54m▀[48;2;172;60;45m[38;2;162;53;44m▀[48;2;132;3;16m [48;2;137;0;11m[38;2;125;2;18m▀[48;2;165;3;18m[38;2;137;0;11m▀[48;2;152;87;57m[38;2;147;65;54m▀[48;2;69;96;19m[38;2;92;105;42m▀[48;2;57;90;8m  [38;2;140;255;255m▀▀[48;2;140;255;255m             [38;2;57;90;8m▀[38;2;33;57;8m▀[48;2;33;57;8m [38;2;123;140;107m▀[38;2;231;231;231m▀[48;2;231;231;231m[38;2;0;0;0m▀[48;2;0;0;0m     [m
[48;2;188;113;94m[38;2;183;104;83m▀[48;2;175;66;49m[38;2;172;60;45m▀[48;2;144;6;15m [48;2;147;0;10m [48;2;177;20;26m[38;2;179;11;23m▀[48;2;181;173;173m [48;2;140;255;255m  [38;2;57;90;8m▀▀▀                [38;2;33;57;8m▀▀[48;2;33;57;8m [38;2;231;231;231m▀[48;2;123;140;107m[38;2;0;0;0m▀[48;2;0;0;0m   [m
[48;2;0;0;0m[38;2;183;104;83m▀[38;2;178;73;54m▀[38;2;144;6;15m▀[38;2;147;0;10m▀[38;2;167;20;25m▀[38;2;120;78;54m▀[38;2;33;57;8m▀▀▀▀▀▀▀▀▀▀▀▀▀▀▀▀▀▀▀▀▀▀▀▀▀[38;2;123;140;107m▀   [m
