[48;2;0;0;0m                  [48;2;231;231;231m[38;2;0;0;0m▀▀▀[48;2;123;140;107m▀[48;2;231;231;231m▀▀[48;2;123;140;107m▀[48;2;231;231;231m▀▀[48;2;0;0;0m        [m
[48;2;0;0;0m                [48;2;231;231;231m[38;2;0;0;0m▀[48;2;123;140;107m[38;2;231;231;231m▀[48;2;33;57;8m▀[38;2;123;140;107m▀   ▀[38;2;57;90;8m▀[38;2;123;140;107m▀[38;2;231;231;231m▀[48;2;123;140;107m[38;2;0;0;0m▀[48;2;0;0;0m       [m
[48;2;0;0;0m              [48;2;231;231;231m[38;2;0;0;0m▀[48;2;33;57;8m[38;2;231;231;231m▀ [48;2;57;90;8m[38;2;33;57;8m▀[48;2;33;57;8m[38;2;57;90;8m▀[48;2;57;90;8m[38;2;255;140;140m▀[48;2;255;140;140m [48;2;57;90;8m▀[48;2;33;57;8m▀▀▀[38;2;57;90;8m▀[48;2;57;90;8m[38;2;33;57;8m▀[48;2;33;57;8m [48;2;123;140;107m[38;2;231;231;231m▀[48;2;0;0;0m      [m
[48;2;0;0;0m         [48;2;250;248;248m[38;2;0;0;0m▀[48;2;243;237;235m▀[48;2;238;227;220m▀[48;2;236;225;214m▀[48;2;209;197;182m[38;2;231;231;231m▀[48;2;183;178;156m[38;2;33;57;8m▀[48;2;165;168;132m▀[48;2;241;166;163m[38;2;57;90;8m▀[48;2;249;147;147m▀[48;2;33;57;8m ▀[48;2;255;140;140m [48;2;33;57;8m [48;2;123;140;107m▀  [38;2;33;57;8m▀[48;2;33;57;8m   [48;2;123;140;107m[38;2;231;231;231m▀[48;2;0;0;0m     [m
[48;2;0;0;0m         [48;2;239;230;218m[38;2;237;229;222m▀[48;2;242;231;214m[38;2;236;220;208m▀[48;2;246;238;217m[38;2;235;218;202m▀[48;2;243;232;210m▀[48;2;243;224;203m[38;2;233;212;195m▀[48;2;241;222;199m[38;2;228;208;187m▀[48;2;237;216;190m[38;2;226;201;184m▀[48;2;224;198;174m[38;2;221;187;171m▀[48;2;214;176;160m[38;2;222;170;169m▀[48;2;254;141;141m[38;2;255;140;140m▀[48;2;255;140;140m  [48;2;33;57;8m [48;2;123;140;107m   [38;2;66;123;0m▀[48;2;33;57;8m [48;2;255;140;140m [38;2;33;57;8m▀[48;2;33;57;8m [48;2;123;140;107m[38;2;231;231;231m▀[48;2;0;0;0m    [m
[48;2;0;0;0m         [48;2;178;132;123m[38;2;218;188;179m▀[48;2;189;126;110m[38;2;214;170;155m▀[48;2;188;113;94m[38;2;208;162;141m▀[48;2;149;58;47m[38;2;191;138;117m▀[48;2;117;14;18m[38;2;175;113;99m▀[48;2;112;7;13m[38;2;170;105;94m▀[38;2;169;99;90m▀[48;2;117;14;18m[38;2;163;96;88m▀[48;2;136;37;45m[38;2;170;105;94m▀[48;2;251;142;142m[38;2;255;140;140m▀[48;2;255;140;140m  [48;2;33;57;8m [48;2;123;140;107m   [48;2;57;90;8m[38;2;123;140;107m▀[48;2;33;57;8m [48;2;255;140;140m  [48;2;57;90;8m[38;2;33;57;8m▀[48;2;33;57;8m [48;2;231;231;231m [48;2;0;0;0m   [m
[48;2;0;0;0m         [48;2;163;126;119m[38;2;152;107;99m▀[48;2;188;138;123m[38;2;184;127;110m▀[48;2;197;128;111m[38;2;197;123;107m▀[48;2;146;55;48m[38;2;145;49;44m▀[48;2;111;3;13m[38;2;109;0;8m▀[48;2;108;0;18m[38;2;106;0;10m▀[48;2;107;0;13m[38;2;105;0;7m▀[48;2;113;13;26m[38;2;110;4;15m▀[48;2;143;52;61m[38;2;136;37;45m▀[48;2;254;141;141m[38;2;255;140;140m▀[48;2;255;140;140m  [48;2;57;90;8m [48;2;33;57;8m[38;2;57;90;8m▀[48;2;123;140;107m [48;2;57;90;8m[38;2;123;140;107m▀[48;2;33;57;8m [48;2;57;90;8m[38;2;255;140;140m▀[48;2;255;140;140m  [38;2;57;90;8m▀[48;2;33;57;8m [48;2;123;140;107m [48;2;0;0;0m   [m
[48;2;0;0;0m         [48;2;199;186;186m[38;2;198;170;164m▀[48;2;162;110;93m[38;2;176;127;110m▀[48;2;178;92;76m[38;2;188;113;94m▀[48;2;151;53;46m[38;2;147;55;47m▀[48;2;111;3;13m [48;2;116;0;20m[38;2;108;0;18m▀[48;2;106;0;10m [48;2;136;37;45m[38;2;119;25;30m▀[48;2;196;116;108m[38;2;165;75;88m▀[48;2;255;140;140m   [38;2;57;90;8m▀[48;2;57;90;8m[38;2;33;57;8m▀[48;2;33;57;8m  [48;2;57;90;8m▀[48;2;255;140;140m   [48;2;57;90;8m [48;2;33;57;8m [48;2;231;231;231m[38;2;123;140;107m▀[48;2;0;0;0m   [m
[48;2;0;0;0m       [48;2;231;231;231m[38;2;0;0;0m▀[48;2;33;57;8m[38;2;231;231;231m▀[48;2;57;73;31m[38;2;71;81;42m▀[48;2;139;102;75m [48;2;163;74;54m[38;2;163;73;58m▀[48;2;162;53;44m[38;2;154;49;44m▀[48;2;132;3;16m[38;2;125;2;18m▀[48;2;125;2;18m[38;2;116;0;20m▀[48;2;137;0;11m[38;2;114;0;3m▀[48;2;196;86;84m[38;2;165;56;64m▀[48;2;251;142;142m[38;2;232;139;138m▀[48;2;255;140;140m     [38;2;57;90;8m▀▀    [48;2;33;57;8m [48;2;123;140;107m[38;2;33;57;8m▀[48;2;0;0;0m[38;2;231;231;231m▀   [m
[48;2;0;0;0m    [48;2;231;231;231m[38;2;0;0;0m▀[48;2;123;140;107m[38;2;231;231;231m▀[48;2;33;57;8m▀ [48;2;57;90;8m[38;2;33;57;8m▀[48;2;255;140;140m[38;2;251;142;142m▀[48;2;218;137;132m[38;2;201;126;119m▀[48;2;183;104;83m[38;2;169;85;65m▀[48;2;172;60;45m [48;2;144;6;15m[38;2;132;3;16m▀[48;2;147;0;10m[38;2;137;0;11m▀[48;2;179;11;23m[38;2;165;3;18m▀[48;2;152;87;57m [48;2;57;90;8m[38;2;254;143;142m▀[38;2;255;140;140m▀[48;2;255;140;140m         [38;2;57;90;8m▀[48;2;33;57;8m [48;2;231;231;231m [48;2;0;0;0m    [m
[48;2;0;0;0m   [48;2;231;231;231m[38;2;0;0;0m▀[48;2;33;57;8m[38;2;123;140;107m▀ [48;2;57;90;8m [48;2;255;140;140m  [38;2;254;141;141m▀[48;2;218;137;132m [48;2;179;102;79m[38;2;183;104;83m▀[48;2;178;73;54m[38;2;175;66;49m▀[48;2;144;6;15m [48;2;147;0;10m [48;2;167;20;25m[38;2;177;20;26m▀[48;2;232;120;118m [48;2;255;140;140m           [38;2;57;90;8m▀[48;2;33;57;8m [48;2;231;231;231m [48;2;0;0;0m    [m
[48;2;0;0;0m [48;2;231;231;231m[38;2;0;0;0m▀[48;2;123;140;107m[38;2;231;231;231m▀[48;2;33;57;8m [48;2;57;90;8m[38;2;33;57;8m▀[48;2;255;140;140m    [48;2;251;142;142m[38;2;254;141;141m▀[48;2;201;126;119m[38;2;208;131;123m▀[48;2;169;85;65m[38;2;175;98;76m▀[48;2;178;73;54m [48;2;135;11;9m[38;2;144;17;19m▀[48;2;137;0;3m[38;2;147;0;10m▀[48;2;155;12;11m[38;2;167;20;25m▀[48;2;221;115;108m [48;2;254;141;141m[38;2;255;140;140m▀[48;2;255;140;140m          [38;2;57;90;8m▀[48;2;33;57;8m [38;2;123;140;107m▀[48;2;0;0;0m    [m
[48;2;0;0;0m [38;2;231;231;231m▀[38;2;123;140;107m▀[38;2;33;57;8m▀▀▀▀▀▀[38;2;71;81;42m▀[38;2;139;102;75m▀[38;2;169;85;65m▀[38;2;163;74;54m▀[38;2;134;22;15m▀▀[38;2;162;50;32m▀[38;2;139;102;75m▀[38;2;41;63;16m▀[38;2;33;57;8m▀▀▀▀▀▀▀▀▀▀▀▀▀    [m
