[48;2;0;0;0m                                   [m
[48;2;0;0;0m                                   [m
[48;2;0;0;0m           [48;2;231;231;231m[38;2;0;0;0m▀▀▀ [48;2;123;140;107m[38;2;231;231;231m▀▀▀▀[48;2;231;231;231m[38;2;0;0;0m▀▀[48;2;0;0;0m              [m
[48;2;0;0;0m         [48;2;231;231;231m[38;2;0;0;0m▀[48;2;33;57;8m[38;2;231;231;231m▀[38;2;123;140;107m▀ [48;2;57;90;8m[38;2;33;57;8m▀▀[48;2;255;140;255m▀▀▀[48;2;57;90;8m▀▀[48;2;33;57;8m [38;2;231;231;231m▀[48;2;231;231;231m[38;2;0;0;0m▀[48;2;0;0;0m            [m
[48;2;0;0;0m       [48;2;231;231;231m [48;2;33;57;8m[38;2;123;140;107m▀ [48;2;255;140;255m[38;2;33;57;8m▀ [48;2;57;90;8m[38;2;255;140;255m▀[48;2;33;57;8m▀[48;2;255;140;255m       [48;2;57;90;8m[38;2;33;57;8m▀[48;2;33;57;8m [48;2;123;140;107m[38;2;231;231;231m▀[48;2;0;0;0m           [m
[48;2;0;0;0m     [48;2;231;231;231m[38;2;0;0;0m▀[48;2;123;140;107m[38;2;231;231;231m▀[48;2;33;57;8m [48;2;255;140;255m[38;2;33;57;8m▀   [48;2;57;90;8m▀[48;2;33;57;8m [48;2;255;140;255m [48;2;33;57;8m[38;2;255;140;255m▀ [48;2;123;140;107m[38;2;33;57;8m▀▀▀[48;2;33;57;8m   [38;2;123;140;107m▀[48;2;231;231;231m[38;2;0;0;0m▀[48;2;0;0;0m          [m
[48;2;0;0;0m   [48;2;237;229;222m[38;2;250;248;248m▀[48;2;235;218;202m[38;2;243;237;235m▀[38;2;231;220;211m▀[48;2;231;214;197m[38;2;188;181;160m▀[48;2;233;212;195m[38;2;189;186;158m▀[48;2;232;210;191m[38;2;229;196;212m▀[48;2;226;201;184m[38;2;233;188;213m▀[48;2;218;188;179m[38;2;241;166;234m▀[48;2;218;171;194m[38;2;250;150;247m▀[48;2;255;140;255m   [48;2;33;57;8m[38;2;57;90;8m▀[48;2;57;90;8m [48;2;123;140;107m   [48;2;57;90;8m[38;2;33;57;8m▀ [48;2;255;140;255m[38;2;57;90;8m▀[48;2;33;57;8m [38;2;123;140;107m▀[48;2;231;231;231m[38;2;0;0;0m▀[48;2;0;0;0m         [m
[48;2;0;0;0m   [48;2;218;188;179m[38;2;239;230;218m▀[48;2;214;170;155m[38;2;242;231;214m▀[48;2;208;162;141m[38;2;246;238;217m▀[48;2;191;138;117m[38;2;243;232;210m▀[48;2;175;113;99m[38;2;243;224;203m▀[48;2;170;105;94m[38;2;241;222;199m▀[48;2;169;99;90m[38;2;237;216;190m▀[48;2;163;96;88m[38;2;224;198;174m▀[48;2;164;100;104m[38;2;212;177;171m▀[48;2;255;140;255m   [48;2;33;57;8m[38;2;57;90;8m▀[48;2;57;90;8m [48;2;123;140;107m   [48;2;57;90;8m[38;2;33;57;8m▀ [48;2;255;140;255m [38;2;57;90;8m▀[48;2;33;57;8m [48;2;123;140;107m[38;2;231;231;231m▀[48;2;231;231;231m[38;2;0;0;0m▀[48;2;0;0;0m        [m
[48;2;0;0;0m   [48;2;152;107;99m[38;2;178;132;123m▀[48;2;184;127;110m[38;2;189;126;110m▀[48;2;197;123;107m[38;2;188;113;94m▀[48;2;145;49;44m[38;2;149;58;47m▀[48;2;109;0;8m[38;2;117;14;18m▀[48;2;106;0;10m[38;2;112;7;13m▀[48;2;105;0;7m▀[48;2;110;4;15m[38;2;117;14;18m▀[48;2;133;38;58m [48;2;255;140;255m   [38;2;57;90;8m▀[48;2;33;57;8m▀[48;2;123;140;107m  [48;2;57;90;8m[38;2;123;140;107m▀[48;2;33;57;8m [48;2;255;140;255m[38;2;57;90;8m▀  [48;2;57;90;8m[38;2;33;57;8m▀[48;2;33;57;8m [48;2;231;231;231m [48;2;0;0;0m        [m
[48;2;0;0;0m   [48;2;198;170;164m[38;2;163;126;119m▀[48;2;186;133;117m[38;2;188;138;123m▀[48;2;188;113;94m[38;2;197;128;111m▀[48;2;147;55;47m[38;2;146;55;48m▀[48;2;111;3;13m [48;2;108;0;18m [48;2;106;0;10m[38;2;107;0;13m▀[48;2;119;25;35m[38;2;113;13;26m▀[48;2;165;75;111m[38;2;153;55;81m▀[48;2;255;140;255m    [48;2;57;90;8m[38;2;33;57;8m▀[48;2;33;57;8m [38;2;57;90;8m▀ [48;2;57;90;8m[38;2;33;57;8m▀[48;2;255;140;255m   [48;2;57;90;8m▀[48;2;33;57;8m [48;2;231;231;231m [48;2;0;0;0m        [m
[48;2;0;0;0m   [48;2;148;136;112m[38;2;199;186;186m▀[48;2;139;102;75m[38;2;162;110;93m▀[48;2;163;73;58m[38;2;178;92;76m▀[48;2;154;49;44m[38;2;151;53;46m▀[48;2;125;2;18m[38;2;111;3;13m▀[48;2;116;0;20m [48;2;114;0;3m[38;2;109;0;8m▀[48;2;132;50;47m[38;2;133;38;58m▀[48;2;232;139;206m[38;2;206;116;152m▀[48;2;255;140;255m     [38;2;33;57;8m▀▀[38;2;57;90;8m▀   [48;2;57;90;8m[38;2;255;140;255m▀[48;2;33;57;8m [48;2;231;231;231m[38;2;123;140;107m▀[48;2;0;0;0m[38;2;231;231;231m▀        [m
[48;2;0;0;0m [48;2;231;231;231m[38;2;0;0;0m▀[48;2;33;57;8m[38;2;231;231;231m▀[48;2;41;63;16m[38;2;57;73;31m▀[48;2;209;124;178m[38;2;139;102;75m▀[48;2;169;85;65m[38;2;163;74;54m▀[48;2;172;60;45m[38;2;162;53;44m▀[48;2;132;3;16m [48;2;137;0;11m[38;2;125;2;18m▀[48;2;165;3;18m[38;2;137;0;3m▀[48;2;152;87;57m[38;2;147;65;54m▀[48;2;69;96;19m[38;2;92;105;42m▀[48;2;57;90;8m [38;2;255;140;255m▀▀[48;2;255;140;255m        [38;2;33;57;8m▀[48;2;33;57;8m [48;2;123;140;107m[38;2;231;231;231m▀[48;2;0;0;0m         [m
[48;2;0;0;0m [38;2;231;231;231m▀[38;2;33;57;8m▀▀[38;2;114;97;68m▀[38;2;175;98;76m▀[38;2;172;60;45m▀[38;2;144;6;15m▀[38;2;147;0;10m▀[38;2;179;11;23m▀[38;2;141;79;61m▀[38;2;33;57;8m▀▀▀▀▀▀▀▀▀▀▀▀▀▀[38;2;231;231;231m▀         [m
