[48;2;0;0;0m                                   [m
[48;2;0;0;0m        [48;2;231;231;231m[38;2;0;0;0m▀▀▀▀▀▀▀[48;2;0;0;0m                    [m
[48;2;0;0;0m     [48;2;231;231;231m[38;2;0;0;0m▀▀[48;2;33;57;8m[38;2;231;231;231m▀▀[38;2;123;140;107m▀ [38;2;57;90;8m▀ [38;2;123;140;107m▀▀[38;2;231;231;231m▀▀[48;2;231;231;231m[38;2;0;0;0m▀[48;2;0;0;0m                 [m
[48;2;0;0;0m    [48;2;123;140;107m[38;2;231;231;231m▀[48;2;33;57;8m[38;2;123;140;107m▀ [48;2;214;140;255m[38;2;33;57;8m▀[38;2;57;90;8m▀[48;2;57;90;8m[38;2;214;140;255m▀[48;2;214;140;255m    [38;2;57;90;8m▀▀[38;2;33;57;8m▀[48;2;33;57;8m [38;2;231;231;231m▀[48;2;231;231;231m[38;2;0;0;0m▀[48;2;0;0;0m               [m
[48;2;0;0;0m   [48;2;123;140;107m[38;2;231;231;231m▀[48;2;33;57;8m [48;2;57;90;8m[38;2;33;57;8m▀[48;2;214;140;255m  [38;2;57;90;8m▀[48;2;33;57;8m ▀[38;2;214;140;255m▀ [48;2;123;140;107m[38;2;33;57;8m▀▀[48;2;57;90;8m▀[48;2;33;57;8m[38;2;57;90;8m▀  [48;2;57;90;8m[38;2;231;231;231m▀[48;2;0;0;0m               [m
[48;2;250;248;248m[38;2;0;0;0m▀[48;2;243;237;235m▀[48;2;231;220;211m[38;2;231;231;231m▀[48;2;188;181;160m[38;2;33;57;8m▀[48;2;189;186;158m▀[48;2;229;196;212m[38;2;214;140;255m▀[48;2;219;185;218m▀[48;2;216;166;234m▀[48;2;215;150;247m▀[48;2;214;140;255m[38;2;57;90;8m▀ [48;2;33;57;8m [48;2;66;123;0m[38;2;123;140;107m▀[48;2;123;140;107m   [48;2;33;57;8m [48;2;214;140;255m[38;2;57;90;8m▀[38;2;33;57;8m▀[48;2;57;90;8m▀[48;2;33;57;8m[38;2;231;231;231m▀[48;2;123;140;107m[38;2;0;0;0m▀[48;2;0;0;0m             [m
[48;2;239;230;218m[38;2;237;229;222m▀[48;2;242;231;214m[38;2;236;220;208m▀[48;2;246;238;217m[38;2;235;218;202m▀[48;2;243;232;210m[38;2;231;214;197m▀[48;2;243;224;203m[38;2;233;212;195m▀[48;2;241;222;199m[38;2;232;210;191m▀[48;2;237;216;190m[38;2;226;201;184m▀[48;2;224;198;174m[38;2;218;188;179m▀[48;2;212;177;171m[38;2;218;171;194m▀[48;2;214;140;255m  [48;2;33;57;8m [48;2;123;140;107m    [48;2;33;57;8m [48;2;214;140;255m   [38;2;33;57;8m▀[48;2;33;57;8m [48;2;123;140;107m[38;2;231;231;231m▀[48;2;0;0;0m            [m
[48;2;178;132;123m[38;2;218;188;179m▀[48;2;189;126;110m[38;2;214;170;155m▀[48;2;188;113;94m[38;2;208;162;141m▀[48;2;149;58;47m[38;2;191;138;117m▀[48;2;117;14;18m[38;2;175;113;99m▀[48;2;112;7;13m[38;2;170;105;94m▀[38;2;169;99;90m▀[48;2;117;14;18m[38;2;163;96;88m▀[48;2;133;38;58m[38;2;164;100;104m▀[48;2;214;140;255m  [38;2;33;57;8m▀[48;2;33;57;8m[38;2;57;90;8m▀[48;2;123;140;107m  [48;2;57;90;8m[38;2;123;140;107m▀[38;2;33;57;8m▀[48;2;214;140;255m    [48;2;57;90;8m▀[48;2;33;57;8m [48;2;231;231;231m [48;2;0;0;0m           [m
[48;2;163;126;119m[38;2;152;107;99m▀[48;2;188;138;123m[38;2;184;127;110m▀[48;2;197;128;111m[38;2;197;123;107m▀[48;2;146;55;48m[38;2;145;49;44m▀[48;2;111;3;13m[38;2;109;0;8m▀[48;2;108;0;18m[38;2;106;0;10m▀[48;2;107;0;13m[38;2;105;0;7m▀[48;2;113;13;26m[38;2;110;4;15m▀[48;2;127;64;80m[38;2;133;38;58m▀[48;2;214;140;255m  [38;2;57;90;8m▀[48;2;33;57;8m ▀[38;2;123;140;107m▀ [48;2;57;90;8m [48;2;214;140;255m    [38;2;57;90;8m▀[48;2;33;57;8m [48;2;123;140;107m [48;2;0;0;0m           [m
[48;2;217;198;193m[38;2;198;170;164m▀[48;2;188;132;125m[38;2;194;143;130m▀[48;2;178;92;76m[38;2;188;113;94m▀[48;2;151;53;46m[38;2;147;55;47m▀[48;2;111;3;13m [48;2;116;0;20m[38;2;108;0;18m▀[48;2;106;0;10m [48;2;133;38;58m[38;2;119;25;35m▀[48;2;166;118;157m[38;2;165;75;111m▀[48;2;214;140;255m   [38;2;57;90;8m▀[48;2;57;90;8m[38;2;33;57;8m▀▀[48;2;214;140;255m[38;2;57;90;8m▀      [48;2;33;57;8m [38;2;123;140;107m▀[48;2;231;231;231m[38;2;0;0;0m▀[48;2;0;0;0m          [m
[48;2;228;222;220m[38;2;235;224;222m▀[48;2;186;138;130m[38;2;178;132;123m▀[48;2;163;74;54m[38;2;163;73;58m▀[48;2;162;53;44m[38;2;154;49;44m▀[48;2;132;3;16m[38;2;125;2;18m▀[48;2;125;2;18m[38;2;116;0;20m▀[48;2;137;0;11m[38;2;114;0;3m▀[48;2;147;65;54m[38;2;153;55;81m▀[48;2;92;105;42m[38;2;207;139;206m▀[48;2;57;90;8m[38;2;214;140;255m▀[48;2;214;140;255m            [38;2;57;90;8m▀[38;2;33;57;8m▀[48;2;33;57;8m [38;2;231;231;231m▀[48;2;231;231;231m[38;2;0;0;0m▀[48;2;0;0;0m        [m
[48;2;231;231;231m[38;2;229;227;227m▀[48;2;148;136;112m[38;2;153;121;108m▀[48;2;175;98;76m[38;2;169;85;65m▀[48;2;172;60;45m [48;2;144;6;15m[38;2;132;3;16m▀[48;2;147;0;10m[38;2;137;0;11m▀[48;2;179;11;23m[38;2;165;3;18m▀[48;2;152;87;57m [48;2;214;140;255m[38;2;69;96;19m▀[48;2;57;90;8m   [38;2;214;140;255m▀▀[48;2;214;140;255m          [38;2;57;90;8m▀[48;2;57;90;8m[38;2;33;57;8m▀[48;2;33;57;8m [48;2;123;140;107m[38;2;231;231;231m▀[48;2;231;231;231m[38;2;0;0;0m▀[48;2;0;0;0m      [m
[48;2;0;0;0m [38;2;209;184;178m▀[38;2;179;102;79m▀[38;2;175;66;49m▀[38;2;144;6;15m▀[38;2;147;0;10m▀[38;2;167;20;25m▀[38;2;124;83;59m▀[38;2;33;57;8m▀▀▀▀▀▀▀▀▀▀▀▀▀▀▀▀▀▀▀▀[38;2;231;231;231m▀      [m
