[48;2;0;0;0m         [48;2;57;90;8m[38;2;0;0;0m▀▀[48;2;0;0;0m               [48;2;218;218;218m[38;2;172;172;172m▀[48;2;172;172;172m [48;2;0;0;0m  [m
[48;2;0;0;0m    [48;2;33;57;8m[38;2;0;0;0m▀ [48;2;57;90;8m[38;2;33;57;8m▀[48;2;140;255;255m▀▀▀▀[48;2;33;57;8m  [38;2;0;0;0m▀[48;2;0;0;0m            [48;2;172;172;172m[38;2;218;218;218m▀[48;2;218;218;218m [48;2;0;0;0m  [m
[48;2;0;0;0m  [48;2;33;57;8m[38;2;0;0;0m▀[48;2;57;90;8m[38;2;33;57;8m▀[48;2;33;57;8m [38;2;140;255;255m▀[48;2;140;255;255m  [48;2;33;57;8m▀▀▀▀[48;2;57;90;8m▀[48;2;33;57;8m[38;2;57;90;8m▀ [38;2;0;0;0m▀[48;2;0;0;0m       [48;2;175;82;14m▀[38;2;233;122;40m▀▀▀▀▀ [m
[48;2;0;0;0m [48;2;33;57;8m [48;2;140;255;255m[38;2;33;57;8m▀ [48;2;57;90;8m▀▀[48;2;140;255;255m[38;2;57;90;8m▀[48;2;33;57;8m▀[48;2;57;90;8m[38;2;33;57;8m▀[48;2;123;140;107m [38;2;57;90;8m▀▀[48;2;33;57;8m   [48;2;57;90;8m[38;2;33;57;8m▀[48;2;33;57;8m [48;2;0;0;0m     [48;2;175;82;14m    [38;2;222;98;7m▀▀▀[48;2;222;98;7m [m
[48;2;33;57;8m [48;2;57;90;8m[38;2;33;57;8m▀[48;2;140;255;255m     [48;2;57;90;8m▀ [48;2;123;140;107m   [48;2;33;57;8m[38;2;57;90;8m▀[48;2;57;90;8m [48;2;140;255;255m  [48;2;57;90;8m[38;2;33;57;8m▀[48;2;33;57;8m [48;2;0;0;0m    [48;2;175;82;14m   [48;2;254;114;100m [38;2;175;82;14m▀ [48;2;175;82;14m  [m
[48;2;33;57;8m [48;2;140;255;255m[38;2;57;90;8m▀     [48;2;57;90;8m[38;2;33;57;8m▀ [48;2;123;140;107m   [48;2;33;57;8m [48;2;57;90;8m [48;2;140;255;255m   [48;2;33;57;8m [38;2;0;0;0m▀[48;2;0;0;0m   [48;2;255;255;255m[38;2;175;82;14m▀[48;2;175;82;14m  [48;2;255;255;255m[38;2;254;114;100m▀[48;2;254;114;100m [38;2;255;255;255m▀[48;2;175;82;14m  [m
[48;2;33;57;8m [48;2;140;255;255m[38;2;57;90;8m▀      [48;2;33;57;8m [48;2;57;90;8m[38;2;123;140;107m▀[48;2;123;140;107m [48;2;33;57;8m▀ [48;2;140;255;255m    [48;2;57;90;8m[38;2;140;255;255m▀[48;2;33;57;8m [48;2;0;0;0m   [48;2;255;255;255m  [48;2;222;98;7m[38;2;175;82;14m▀[48;2;255;255;255m [48;2;175;82;14m[38;2;254;114;100m▀   [m
[48;2;33;57;8m [48;2;57;90;8m [48;2;140;255;255m      [38;2;33;57;8m▀[48;2;33;57;8m   [48;2;140;255;255m▀    [48;2;57;90;8m [48;2;33;57;8m [48;2;0;0;0m  [48;2;255;255;255m    [48;2;175;82;14m[38;2;255;255;255m▀ ▀[48;2;233;122;40m[38;2;175;82;14m▀▀[m
[48;2;33;57;8m  [48;2;140;255;255m       [38;2;57;90;8m▀[38;2;33;57;8m▀[48;2;114;113;113m[38;2;140;255;255m▀▀[48;2;140;255;255m     [38;2;33;57;8m▀[48;2;255;255;255m▀ [48;2;33;57;8m[38;2;0;0;0m▀[48;2;0;0;0m [38;2;222;98;7m▀[38;2;255;255;255m▀[48;2;175;82;14m[38;2;222;98;7m▀   [38;2;233;122;40m▀[m
[48;2;0;0;0m [48;2;33;57;8m [48;2;57;90;8m [48;2;114;113;113m[38;2;140;255;255m▀▀▀▀▀ [48;2;255;255;255m[38;2;114;113;113m▀▀[48;2;114;113;113m[38;2;255;255;255m▀[48;2;255;255;255m [48;2;114;113;113m [48;2;255;255;255m[38;2;114;113;113m▀[48;2;114;113;113m[38;2;140;255;255m▀▀[48;2;140;255;255m [38;2;255;255;255m▀▀▀[38;2;33;57;8m▀[48;2;57;90;8m▀[48;2;33;57;8m [38;2;0;0;0m▀[48;2;0;0;0m[38;2;175;82;14m▀[48;2;175;82;14m   [48;2;0;0;0m▀[m
[48;2;255;255;255m[38;2;114;113;113m▀▀▀▀       [48;2;114;113;113m [48;2;255;255;255m [48;2;114;113;113m [38;2;255;255;255m▀[48;2;140;255;255m[38;2;114;113;113m▀        [38;2;33;57;8m▀[48;2;33;57;8m [48;2;172;172;172m  [48;2;0;0;0m  [m
[48;2;255;255;255m        [48;2;114;113;113m[38;2;255;255;255m▀▀▀ ▀[48;2;33;57;8m[38;2;114;113;113m▀[38;2;140;255;255m▀▀▀▀▀▀▀▀▀▀▀▀[48;2;218;218;218m [38;2;172;172;172m▀[48;2;33;57;8m [48;2;0;0;0m [m
