[48;2;255;255;255m                                   [m
[48;2;255;255;255m                                   [m
[48;2;255;255;255m                              [48;2;241;246;237m[38;2;255;255;255m▀[48;2;181;180;170m▀[48;2;142;134;144m▀[48;2;100;109;103m▀[48;2;241;246;237m▀[m
[48;2;255;255;255m        [48;2;229;235;221m[38;2;255;255;255m▀[48;2;68;77;76m▀[48;2;26;21;23m[38;2;241;246;237m▀[48;2;43;49;43m[38;2;229;235;221m▀▀[38;2;241;246;237m▀[38;2;255;255;255m▀[48;2;142;134;144m▀[48;2;241;246;237m▀[48;2;209;209;207m▀[48;2;68;77;76m▀[48;2;26;21;23m[38;2;229;235;221m▀[48;2;77;39;56m[38;2;209;209;207m▀[38;2;181;180;170m▀[38;2;209;209;207m▀[38;2;229;235;221m▀[48;2;26;21;23m[38;2;255;255;255m▀[48;2;181;180;170m▀[48;2;255;255;255m   [48;2;241;246;237m▀[48;2;143;154;113m[38;2;209;209;207m▀[48;2;81;140;84m[38;2;142;134;144m▀[48;2;143;154;113m[38;2;100;109;103m▀[48;2;209;209;207m[38;2;142;134;144m▀[48;2;255;255;255m[38;2;241;246;237m▀[m
[48;2;255;255;255m      [48;2;209;209;207m[38;2;255;255;255m▀[48;2;26;21;23m[38;2;181;180;170m▀[48;2;141;184;252m[38;2;26;21;23m▀[38;2;105;166;189m▀    ▀[48;2;68;77;76m [48;2;77;39;56m[38;2;26;21;23m▀[48;2;251;142;141m[38;2;77;39;56m▀[48;2;77;39;56m[38;2;183;86;121m▀[38;2;251;142;141m▀[48;2;251;142;141m [48;2;183;86;121m▀[48;2;77;39;56m▀▀[48;2;251;142;141m[38;2;250;109;109m▀[48;2;77;39;56m[38;2;26;21;23m▀[48;2;26;21;23m[38;2;181;180;170m▀[48;2;229;235;221m[38;2;255;255;255m▀▀[48;2;100;178;41m[38;2;192;233;165m▀[48;2;70;178;3m[38;2;100;178;41m▀ [48;2;75;210;0m[38;2;101;216;40m▀[48;2;101;216;40m[38;2;192;233;165m▀[48;2;241;246;237m[38;2;255;255;255m▀[m
[48;2;255;255;255m     [48;2;100;109;103m[38;2;241;246;237m▀[38;2;26;21;23m▀[48;2;141;184;252m[38;2;105;166;189m▀[48;2;68;77;76m▀[48;2;26;21;23m[38;2;68;77;76m▀[48;2;105;166;189m[38;2;141;184;252m▀[48;2;43;49;43m[38;2;105;166;189m▀[48;2;68;77;76m  [48;2;26;21;23m[38;2;100;109;103m▀[48;2;183;86;121m[38;2;77;39;56m▀[48;2;251;142;141m  [48;2;183;86;121m[38;2;26;21;23m▀▀[38;2;251;142;141m▀[48;2;43;49;43m[38;2;26;21;23m▀[48;2;143;154;113m[38;2;68;77;76m▀[38;2;54;90;61m▀[48;2;26;21;23m[38;2;77;39;56m▀[48;2;183;86;121m▀[48;2;251;142;141m[38;2;26;21;23m▀[48;2;181;180;170m [48;2;192;233;165m [48;2;100;178;41m [48;2;70;178;3m [48;2;75;210;0m  [48;2;101;216;40m [48;2;241;246;237m [m
[48;2;255;255;255m    [48;2;181;180;170m[38;2;229;235;221m▀[48;2;68;77;76m[38;2;43;49;43m▀[48;2;141;184;252m  [38;2;105;166;189m▀[38;2;68;77;76m▀[48;2;105;166;189m [48;2;26;21;23m[38;2;43;49;43m▀[48;2;143;154;113m [48;2;100;109;103m[38;2;143;154;113m▀[48;2;77;39;56m[38;2;26;21;23m▀[48;2;251;142;141m[38;2;250;109;109m▀    [48;2;183;86;121m [48;2;43;49;43m [48;2;143;154;113m  [48;2;43;49;43m [48;2;183;86;121m [48;2;229;235;221m[38;2;251;142;141m▀[38;2;209;209;207m▀[48;2;154;212;115m[38;2;192;233;165m▀[48;2;70;178;3m[38;2;100;178;41m▀ [48;2;75;210;0m  [48;2;101;216;40m [48;2;192;233;165m[38;2;241;246;237m▀[m
[48;2;255;255;255m    [48;2;142;134;144m [48;2;100;109;103m [48;2;141;184;252m    [38;2;105;166;189m▀[48;2;43;49;43m[38;2;26;21;23m▀[48;2;100;109;103m[38;2;143;154;113m▀[48;2;26;21;23m[38;2;43;49;43m▀[48;2;250;109;109m[38;2;123;59;100m▀[48;2;251;142;141m     [38;2;250;109;109m▀[48;2;77;39;56m[38;2;26;21;23m▀[48;2;68;77;76m[38;2;143;154;113m▀[48;2;100;109;103m▀[48;2;77;39;56m[38;2;26;21;23m▀[48;2;229;235;221m[38;2;251;142;141m▀[48;2;192;233;165m[38;2;229;235;221m▀[48;2;100;178;41m[38;2;154;212;115m▀[48;2;70;178;3m[38;2;100;178;41m▀[48;2;75;210;0m[38;2;70;178;3m▀    [38;2;101;216;40m▀[m
[48;2;255;255;255m    [48;2;181;180;170m[38;2;142;134;144m▀[48;2;68;77;76m[38;2;100;109;103m▀[48;2;141;184;252m     [48;2;100;109;103m [48;2;77;39;56m[38;2;26;21;23m▀▀[48;2;123;59;100m[38;2;250;109;109m▀[48;2;251;142;141m      ▀[48;2;183;86;121m[38;2;26;21;23m▀[48;2;77;39;56m▀[48;2;251;142;141m[38;2;183;86;121m▀[48;2;192;233;165m[38;2;241;246;237m▀[48;2;100;178;41m[38;2;154;212;115m▀[48;2;70;178;3m[38;2;100;178;41m▀[48;2;75;210;0m[38;2;70;178;3m▀      [m
[48;2;255;255;255m    [48;2;229;235;221m[38;2;209;209;207m▀[48;2;26;21;23m[38;2;43;49;43m▀[48;2;105;166;189m[38;2;141;184;252m▀[48;2;141;184;252m  [48;2;105;166;189m▀[48;2;26;21;23m[38;2;105;166;189m▀[48;2;183;86;121m[38;2;26;21;23m▀[48;2;251;142;141m[38;2;250;109;109m▀ [48;2;183;86;121m[38;2;26;21;23m▀[48;2;26;21;23m[38;2;183;86;121m▀[48;2;123;59;100m[38;2;251;142;141m▀[48;2;251;142;141m        [48;2;154;212;115m [48;2;70;178;3m[38;2;100;178;41m▀ [48;2;75;210;0m       [m
[48;2;255;255;255m    [38;2;241;246;237m▀[48;2;68;77;76m[38;2;26;21;23m▀▀[48;2;43;49;43m[38;2;105;166;189m▀[48;2;26;21;23m[38;2;141;184;252m▀[48;2;123;59;100m[38;2;26;21;23m▀[48;2;251;142;141m[38;2;183;86;121m▀    [38;2;250;109;109m▀[38;2;77;39;56m▀[48;2;250;109;109m[38;2;26;21;23m▀[48;2;183;86;121m[38;2;77;39;56m▀[48;2;251;142;141m[38;2;250;109;109m▀     [48;2;229;235;221m[38;2;154;212;115m▀[48;2;154;212;115m[38;2;100;178;41m▀[48;2;100;178;41m[38;2;70;178;3m▀[48;2;70;178;3m[38;2;75;210;0m▀[48;2;75;210;0m      [m
[48;2;255;255;255m     [38;2;181;180;170m▀[48;2;43;49;43m[38;2;68;77;76m▀[48;2;77;39;56m[38;2;43;49;43m▀[48;2;251;142;141m[38;2;123;59;100m▀                 [48;2;123;59;100m[38;2;181;180;170m▀[48;2;181;180;170m[38;2;192;233;165m▀[48;2;241;246;237m[38;2;154;212;115m▀[48;2;154;212;115m[38;2;101;216;40m▀▀▀▀[48;2;192;233;165m▀[48;2;255;255;255m[38;2;192;233;165m▀[m
[48;2;255;255;255m      [38;2;142;134;144m▀[38;2;26;21;23m▀▀▀▀▀▀▀▀▀▀▀▀▀▀▀▀▀▀▀▀▀[38;2;229;235;221m▀      [m
