[48;2;0;0;0m              [48;2;109;45;5m[38;2;0;0;0m▀[48;2;0;0;0m          [m
[48;2;0;0;0m           [48;2;99;33;2m [48;2;75;19;1m[38;2;97;31;2m▀[48;2;0;0;0m            [m
[48;2;0;0;0m          [48;2;146;90;27m[38;2;0;0;0m▀[48;2;0;0;0m  [48;2;109;45;5m▀[48;2;140;66;10m▀[48;2;133;56;4m[38;2;89;25;0m▀[48;2;124;50;5m[38;2;75;14;0m▀[48;2;105;38;4m[38;2;0;0;0m▀[48;2;0;0;0m       [m
[48;2;0;0;0m         [48;2;196;152;55m[38;2;167;113;39m▀[48;2;233;198;82m[38;2;220;179;69m▀[48;2;244;217;98m[38;2;210;170;67m▀[48;2;244;222;115m[38;2;190;141;50m▀[48;2;236;204;91m[38;2;170;115;36m▀[48;2;206;159;57m[38;2;181;123;36m▀[48;2;170;102;24m[38;2;172;105;27m▀[48;2;145;65;6m[38;2;157;82;14m▀[38;2;141;64;7m▀[48;2;124;50;5m[38;2;97;31;2m▀[48;2;0;0;0m      [m
[48;2;0;0;0m       [48;2;146;90;27m[38;2;0;0;0m▀[48;2;197;147;51m[38;2;138;80;21m▀[48;2;233;205;104m[38;2;210;164;58m▀[48;2;248;231;131m[38;2;230;194;77m▀[48;2;251;242;147m[38;2;248;233;132m▀[48;2;252;252;185m [48;2;251;245;164m[38;2;247;234;146m▀[48;2;230;195;83m[38;2;210;164;58m▀[48;2;217;175;66m[38;2;186;126;37m▀[48;2;188;129;38m[38;2;167;97;22m▀[48;2;179;117;32m[38;2;157;82;14m▀[48;2;156;87;18m[38;2;141;64;7m▀[48;2;99;33;2m[38;2;0;0;0m▀[48;2;0;0;0m     [m
[48;2;0;0;0m    [48;2;170;115;36m[38;2;0;0;0m▀[48;2;226;188;75m[38;2;181;128;41m▀[48;2;241;213;100m[38;2;206;159;57m▀[38;2;217;175;66m▀[48;2;244;217;98m[38;2;236;203;86m▀[48;2;249;239;154m[38;2;251;242;147m▀[48;2;252;251;181m[38;2;252;252;185m▀[48;2;252;250;173m[38;2;252;251;181m▀[38;2;252;252;185m▀[48;2;252;250;164m[38;2;252;251;181m▀[48;2;252;250;173m[38;2;250;238;146m▀[48;2;251;242;147m[38;2;236;203;86m▀[48;2;243;213;92m[38;2;220;179;69m▀[48;2;214;170;62m[38;2;206;159;57m▀[48;2;186;126;37m[38;2;178;113;30m▀[48;2;141;64;7m[38;2;124;50;5m▀[48;2;0;0;0m     [m
[48;2;0;0;0m   [48;2;135;103;28m[38;2;72;42;5m▀[48;2;233;198;82m[38;2;202;161;66m▀[48;2;250;237;140m[38;2;248;231;131m▀[48;2;248;231;131m[38;2;251;245;164m▀[48;2;252;247;169m[38;2;250;237;140m▀[48;2;250;238;146m[38;2;243;213;92m▀[48;2;250;237;140m[38;2;248;233;132m▀[48;2;251;245;164m[38;2;252;251;181m▀[48;2;252;244;156m▀[48;2;252;240;126m[38;2;252;251;147m▀[48;2;250;226;102m[38;2;252;248;136m▀[48;2;244;217;98m[38;2;250;238;146m▀[48;2;236;203;86m[38;2;248;233;132m▀[48;2;192;134;41m[38;2;214;170;62m▀[48;2;160;86;16m[38;2;176;111;29m▀[48;2;133;56;4m[38;2;152;77;13m▀[48;2;115;44;3m[38;2;133;56;4m▀[48;2;0;0;0m     [m
[48;2;0;0;0m   [48;2;207;174;83m[38;2;210;170;67m▀[48;2;252;251;181m[38;2;250;237;140m▀[48;2;252;252;185m[38;2;251;242;147m▀[38;2;250;237;140m▀[38;2;252;250;173m▀[48;2;252;251;181m▀[38;2;252;250;164m▀[38;2;251;242;147m▀[48;2;252;251;147m[38;2;252;235;110m▀[48;2;252;245;132m[38;2;250;226;102m▀[48;2;246;223;106m[38;2;245;216;95m▀[48;2;243;213;92m▀[48;2;230;194;77m[38;2;226;188;75m▀[48;2;214;170;62m[38;2;192;134;41m▀[48;2;188;129;38m[38;2;157;82;14m▀[48;2;170;102;24m[38;2;145;65;6m▀[48;2;135;66;12m[38;2;115;44;3m▀[48;2;0;0;0m     [m
[48;2;0;0;0m  [48;2;72;42;5m[38;2;0;0;0m▀[48;2;205;169;67m[38;2;202;161;66m▀[48;2;252;244;156m[38;2;252;247;169m▀[48;2;251;251;194m[38;2;252;252;185m▀[48;2;252;252;185m [48;2;251;251;194m▀[48;2;252;252;185m  [48;2;252;251;181m▀[38;2;252;250;164m▀[48;2;252;250;173m[38;2;252;245;132m▀[48;2;251;241;138m[38;2;252;235;110m▀[48;2;239;208;89m[38;2;243;213;92m▀[48;2;220;179;69m[38;2;236;204;91m▀[48;2;192;134;41m[38;2;214;170;62m▀[48;2;178;113;30m[38;2;191;134;41m▀[48;2;172;105;27m[38;2;178;113;30m▀[48;2;201;149;49m[38;2;179;117;32m▀[48;2;135;66;12m[38;2;115;44;3m▀[48;2;61;6;0m [48;2;0;0;0m   [m
[48;2;0;0;0m  [38;2;67;36;4m▀[48;2;160;106;33m[38;2;196;152;55m▀[48;2;233;198;82m[38;2;251;231;113m▀[48;2;251;242;147m[38;2;252;251;181m▀[48;2;252;252;185m  ▀[48;2;252;251;181m[38;2;252;252;185m▀[48;2;252;252;185m [48;2;252;251;181m▀[48;2;252;252;185m [48;2;252;250;173m [48;2;251;242;147m[38;2;241;213;100m▀[48;2;226;188;75m[38;2;214;170;62m▀[48;2;210;164;58m[38;2;198;145;47m▀[48;2;206;159;57m[38;2;186;126;37m▀[48;2;210;164;58m[38;2;198;145;47m▀[48;2;188;129;38m[38;2;201;149;49m▀[48;2;124;50;5m[38;2;131;60;10m▀[48;2;0;0;0m    [m
[48;2;0;0;0m    [38;2;167;113;39m▀[48;2;177;128;39m[38;2;236;204;91m▀[48;2;191;149;54m[38;2;247;234;146m▀[48;2;239;224;134m[38;2;250;250;201m▀[48;2;252;251;181m[38;2;252;252;185m▀[48;2;250;250;201m[38;2;251;251;194m▀[48;2;251;245;164m[38;2;252;250;173m▀[48;2;236;204;91m[38;2;244;222;115m▀[48;2;233;198;82m[38;2;246;223;106m▀[48;2;244;222;115m[38;2;251;230;108m▀[48;2;252;244;156m[38;2;251;233;113m▀[48;2;245;228;131m[38;2;230;194;77m▀[48;2;222;184;74m[38;2;210;164;58m▀[48;2;205;156;53m▀[48;2;191;134;41m[38;2;201;149;49m▀[48;2;139;73;15m[38;2;167;101;25m▀[48;2;0;0;0m     [m
[48;2;0;0;0m      [38;2;72;49;5m▀[38;2;166;122;41m▀[48;2;181;123;36m[38;2;233;205;104m▀[48;2;221;185;91m[38;2;252;247;169m▀[48;2;239;212;104m[38;2;246;227;121m▀[48;2;233;198;82m[38;2;236;203;86m▀[48;2;239;212;104m [48;2;230;195;83m[38;2;245;228;131m▀[48;2;202;160;63m[38;2;239;212;104m▀[48;2;214;170;62m[38;2;236;204;91m▀[48;2;220;179;69m▀[48;2;201;149;49m[38;2;214;170;62m▀[48;2;156;87;18m[38;2;181;123;36m▀[48;2;0;0;0m[38;2;124;59;11m▀     [m
[48;2;0;0;0m         [38;2;114;51;9m▀[38;2;197;147;51m▀[38;2;226;188;75m▀▀[38;2;210;170;67m▀[38;2;198;145;47m▀▀▀[38;2;170;102;24m▀[38;2;109;45;5m▀      [m
