[48;2;0;0;0m       [48;2;232;232;232m[38;2;0;0;0m▀ [48;2;3;54;0m[38;2;116;141;106m▀      ▀[48;2;232;232;232m[38;2;0;0;0m▀[48;2;0;0;0m       [m
[48;2;0;0;0m     [48;2;232;232;232m[38;2;0;0;0m▀[48;2;116;141;106m[38;2;232;232;232m▀[48;2;3;54;0m [48;2;28;90;0m[38;2;3;54;0m▀[48;2;255;215;137m▀[38;2;28;90;0m▀  ▀ ▀[38;2;3;54;0m▀[48;2;3;54;0m [38;2;116;141;106m▀[48;2;232;232;232m[38;2;0;0;0m▀[48;2;0;0;0m     [m
[48;2;0;0;0m    [48;2;116;141;106m[38;2;232;232;232m▀[48;2;3;54;0m[38;2;28;90;0m▀[48;2;8;44;0m[38;2;4;5;3m▀[48;2;92;92;92m[38;2;66;66;66m▀[48;2;203;204;203m[38;2;72;78;67m▀[48;2;186;186;186m[38;2;33;40;31m▀[48;2;51;50;51m[38;2;24;16;6m▀[48;2;0;0;0m[38;2;2;4;0m▀[38;2;0;1;0m▀[48;2;54;68;49m[38;2;2;5;1m▀[48;2;116;141;106m[38;2;1;16;1m▀[48;2;44;52;38m[38;2;55;59;53m▀[48;2;177;177;177m[38;2;81;84;76m▀[48;2;205;205;205m[38;2;47;50;44m▀[48;2;101;101;101m[38;2;1;2;0m▀[48;2;0;0;0m[38;2;2;4;0m▀ [48;2;137;137;137m[38;2;25;25;25m▀[48;2;0;0;0m   [m
[48;2;0;0;0m   [48;2;232;232;232m [48;2;3;54;0m  [48;2;255;215;137m [38;2;174;138;86m▀[38;2;47;50;45m▀[38;2;84;87;83m▀[38;2;77;71;62m▀[48;2;3;54;0m[38;2;0;0;0m▀[48;2;116;141;106m[38;2;44;55;39m▀  [38;2;101;122;91m▀[48;2;3;54;0m[38;2;22;31;20m▀[48;2;255;215;137m[38;2;76;78;76m▀[38;2;72;75;70m▀[48;2;28;90;0m[38;2;4;5;4m▀[48;2;3;54;0m[38;2;1;31;0m▀[48;2;116;141;106m[38;2;232;232;232m▀[48;2;0;0;0m   [m
[48;2;0;0;0m  [48;2;232;232;232m[38;2;0;0;0m▀[48;2;3;54;0m[38;2;116;141;106m▀ [48;2;255;215;137m      [48;2;3;54;0m [48;2;116;141;106m  [48;2;0;124;0m▀[48;2;116;141;106m [48;2;3;54;0m [48;2;255;215;137m   [38;2;3;54;0m▀[48;2;3;54;0m [48;2;232;232;232m [48;2;0;0;0m  [m
[48;2;0;0;0m  [48;2;116;141;106m[38;2;232;232;232m▀[48;2;3;54;0m [48;2;28;90;0m [48;2;255;215;137m      [48;2;28;90;0m[38;2;3;54;0m▀[48;2;3;54;0m[38;2;0;124;0m▀[48;2;116;141;106m  [48;2;3;54;0m[38;2;116;141;106m▀[48;2;28;90;0m[38;2;3;54;0m▀[48;2;255;215;137m   [38;2;28;90;0m▀[48;2;3;54;0m [48;2;116;141;106m [48;2;0;0;0m  [m
[48;2;0;0;0m  [48;2;116;141;106m [48;2;3;54;0m [48;2;28;90;0m[38;2;255;215;137m▀[48;2;255;215;137m      [38;2;28;90;0m▀[48;2;3;54;0m ▀▀ [48;2;255;215;137m▀   ▀[48;2;3;54;0m [48;2;116;141;106m [48;2;0;0;0m  [m
[48;2;0;0;0m  [48;2;116;141;106m [48;2;3;54;0m [38;2;255;215;137m▀[48;2;255;215;137m       [38;2;28;90;0m▀[38;2;3;54;0m▀[48;2;28;90;0m▀[48;2;255;215;137m     [38;2;28;90;0m▀[48;2;3;54;0m [48;2;232;232;232m [48;2;0;0;0m  [m
[48;2;0;0;0m [48;2;232;232;232m [48;2;3;54;0m  [48;2;28;90;0m [38;2;255;215;137m▀▀[48;2;255;215;137m             [38;2;28;90;0m▀[48;2;3;54;0m [38;2;116;141;106m▀[48;2;232;232;232m[38;2;0;0;0m▀[48;2;0;0;0m [m
[48;2;3;54;0m[38;2;116;141;106m▀ [48;2;28;90;0m[38;2;3;54;0m▀[48;2;255;215;137m[38;2;28;90;0m▀  ▀▀▀▀           ▀[48;2;3;54;0m [38;2;116;141;106m▀[48;2;232;232;232m[38;2;0;0;0m▀[m
[48;2;28;90;0m[38;2;3;54;0m▀[48;2;255;215;137m                     [38;2;28;90;0m▀[48;2;3;54;0m [38;2;116;141;106m▀[m
[48;2;255;215;137m                       [38;2;28;90;0m▀[48;2;3;54;0m [m
[48;2;0;0;0m[38;2;3;54;0m▀▀▀▀▀▀▀▀▀▀▀▀▀▀▀▀▀▀▀▀▀▀▀▀▀[m
