[48;2;0;0;0m                         [m
[48;2;0;0;0m                         [m
[48;2;0;0;0m                         [m
[48;2;0;0;0m                         [m
[48;2;0;0;0m                     [48;2;102;36;3m[38;2;0;0;0m▀[48;2;0;0;0m   [m
[48;2;0;0;0m                     [38;2;76;18;0m▀   [m
[48;2;0;0;0m            [48;2;81;22;2m[38;2;0;0;0m▀[48;2;104;37;5m▀[48;2;91;22;1m[38;2;78;21;1m▀[48;2;85;21;0m[38;2;86;25;1m▀[48;2;58;4;0m[38;2;0;0;0m▀[48;2;94;28;3m[38;2;68;14;0m▀[48;2;114;51;13m[38;2;81;18;0m▀[48;2;97;39;11m[38;2;62;3;0m▀[48;2;64;13;0m[38;2;0;0;0m▀[48;2;0;0;0m    [m
[48;2;0;0;0m           [48;2;121;56;10m[38;2;0;0;0m▀[48;2;124;58;12m[38;2;101;37;4m▀[48;2;156;93;25m[38;2;161;93;21m▀[48;2;104;36;3m[38;2;122;50;6m▀[48;2;120;50;8m[38;2;102;29;0m▀[48;2;193;148;79m[38;2;115;45;12m▀[48;2;244;242;227m[38;2;197;163;116m▀[48;2;245;246;248m[38;2;232;216;167m▀[48;2;245;246;247m[38;2;227;208;159m▀[48;2;247;245;235m[38;2;187;152;101m▀[48;2;153;110;72m[38;2;91;44;20m▀[48;2;41;0;0m[38;2;0;0;0m▀[48;2;0;0;0m  [m
[48;2;0;0;0m        [48;2;61;13;1m[38;2;0;0;0m▀[48;2;124;60;15m▀[48;2;216;184;119m[38;2;152;89;21m▀[48;2;224;200;148m[38;2;163;100;25m▀[48;2;214;186;132m[38;2;143;75;16m▀[48;2;226;210;186m[38;2;164;102;38m▀[48;2;245;244;234m[38;2;177;131;76m▀[48;2;246;247;242m[38;2;218;192;134m▀[48;2;245;245;242m[38;2;247;243;195m▀[48;2;244;244;243m[38;2;245;245;239m▀[48;2;244;244;244m [48;2;244;244;245m[38;2;244;244;244m▀[48;2;246;246;237m[38;2;246;245;238m▀[48;2;203;174;119m[38;2;170;131;85m▀[48;2;79;25;7m[38;2;48;0;0m▀[48;2;0;0;0m  [m
[48;2;0;0;0m      [48;2;49;1;0m[38;2;0;0;0m▀[48;2;91;25;2m[38;2;62;12;1m▀[48;2;187;138;68m[38;2;134;71;19m▀[48;2;247;243;197m[38;2;195;155;98m▀[48;2;251;252;192m[38;2;247;244;211m▀[48;2;252;250;182m[38;2;249;250;216m▀[48;2;247;247;220m[38;2;246;247;240m▀[48;2;244;244;244m[38;2;245;246;246m▀[38;2;244;244;245m▀     ▀[48;2;245;246;248m[38;2;244;241;227m▀[48;2;233;222;201m[38;2;190;158;110m▀[48;2;119;72;38m[38;2;99;45;15m▀[48;2;0;0;0m [m
[48;2;0;0;0m      [48;2;180;131;48m[38;2;124;56;9m▀[48;2;244;229;145m[38;2;184;127;42m▀[48;2;247;245;217m[38;2;239;221;141m▀[48;2;244;244;244m[38;2;247;247;227m▀[48;2;245;245;240m[38;2;249;249;204m▀[48;2;246;247;226m[38;2;252;250;179m▀[48;2;245;245;234m[38;2;250;249;200m▀[48;2;244;244;244m[38;2;244;244;242m▀     [48;2;244;244;243m[38;2;244;244;244m▀[48;2;247;247;233m[38;2;245;245;240m▀[48;2;220;189;115m[38;2;244;240;217m▀[48;2;106;39;7m[38;2;182;146;105m▀[48;2;41;0;0m[38;2;57;12;3m▀[48;2;0;0;0m [m
[48;2;0;0;0m     [48;2;84;60;5m[38;2;100;41;2m▀[48;2;216;185;100m[38;2;201;160;83m▀[48;2;246;246;237m[38;2;247;247;227m▀[48;2;244;244;245m [48;2;244;244;244m  [38;2;244;244;245m▀▀     [38;2;244;244;243m▀[38;2;245;245;235m▀[48;2;244;244;243m[38;2;245;245;242m▀[48;2;249;250;213m[38;2;239;226;164m▀[48;2;250;238;150m[38;2;186;142;66m▀[48;2;153;102;38m[38;2;81;29;8m▀[48;2;0;0;0m [m
[48;2;0;0;0m     [38;2;82;66;7m▀[38;2;224;198;103m▀[38;2;247;247;230m▀[38;2;244;244;245m▀[38;2;244;244;244m▀▀▀▀▀▀▀▀▀▀[38;2;244;244;241m▀[38;2;244;244;244m▀[38;2;245;245;241m▀[38;2;248;245;204m▀[38;2;165;121;62m▀[38;2;49;3;0m▀[m
