[48;2;0;0;0m                         [m
[48;2;0;0;0m                         [m
[48;2;0;0;0m                         [m
[48;2;0;0;0m     [48;2;106;40;3m[38;2;0;0;0m▀[48;2;0;0;0m  [48;2;120;52;7m[38;2;120;53;8m▀[48;2;186;146;91m[38;2;112;50;12m▀[48;2;236;217;155m[38;2;180;136;70m▀[48;2;174;128;67m[38;2;116;63;22m▀[48;2;78;17;0m[38;2;86;26;1m▀[48;2;143;91;32m[38;2;0;0;0m▀[48;2;206;160;66m▀[48;2;208;165;75m▀[48;2;155;101;30m▀[48;2;0;0;0m        [m
[48;2;0;0;0m       [48;2;37;0;0m[38;2;0;0;0m▀[48;2;59;4;0m[38;2;96;40;8m▀[48;2;141;84;36m[38;2;181;133;64m▀[48;2;231;212;136m[38;2;224;192;105m▀[48;2;250;246;175m[38;2;203;164;84m▀[48;2;248;238;151m[38;2;148;97;41m▀[48;2;243;220;115m[38;2;213;174;70m▀[48;2;226;191;82m[38;2;222;182;71m▀[48;2;215;172;63m[38;2;215;174;66m▀[48;2;217;175;65m[38;2;212;167;61m▀[48;2;215;171;63m[38;2;168;113;36m▀[48;2;149;92;27m[38;2;0;0;0m▀[48;2;0;0;0m      [m
[48;2;0;0;0m    [48;2;74;21;3m[38;2;0;0;0m▀[48;2;140;87;35m[38;2;85;25;0m▀[48;2;208;182;132m[38;2;106;42;10m▀[48;2;229;214;174m[38;2;97;40;15m▀[48;2;237;226;188m[38;2;146;86;32m▀[48;2;247;245;215m[38;2;219;194;127m▀[48;2;244;244;243m[38;2;250;252;216m▀[48;2;244;244;242m[38;2;248;248;218m▀[48;2;246;246;229m[38;2;251;251;192m▀[48;2;248;248;217m[38;2;252;251;179m▀[48;2;250;242;168m[38;2;247;231;130m▀[48;2;249;231;125m[38;2;231;195;79m▀[48;2;245;229;135m[38;2;226;188;73m▀[48;2;234;205;100m[38;2;218;176;66m▀[48;2;182;134;56m[38;2;158;98;27m▀[48;2;0;0;0m      [m
[48;2;0;0;0m    [48;2;228;199;110m[38;2;181;137;74m▀[48;2;247;245;213m[38;2;236;225;183m▀[48;2;247;247;221m[38;2;248;248;226m▀[48;2;252;251;184m[38;2;250;251;208m▀[48;2;251;248;180m[38;2;248;249;219m▀[48;2;252;251;184m[38;2;250;250;201m▀[48;2;251;251;190m[38;2;247;247;224m▀[48;2;250;250;196m[38;2;246;246;230m▀[48;2;246;246;226m[38;2;246;246;227m▀[48;2;244;244;244m[38;2;244;244;241m▀[48;2;244;244;245m[38;2;245;245;236m▀[38;2;247;247;219m▀[48;2;244;244;246m[38;2;247;248;221m▀[48;2;248;248;230m[38;2;252;250;192m▀[48;2;206;174;102m[38;2;193;160;91m▀[48;2;0;0;0m      [m
[48;2;0;0;0m    [48;2;199;158;68m[38;2;194;151;52m▀[48;2;250;243;163m[38;2;247;237;152m▀[48;2;252;252;189m[38;2;251;252;192m▀[48;2;251;251;193m[38;2;252;249;170m▀[48;2;252;250;181m[38;2;252;238;135m▀[48;2;250;250;195m[38;2;252;248;168m▀[48;2;252;252;187m[38;2;252;252;184m▀[48;2;252;252;185m[38;2;251;251;190m▀[48;2;249;249;208m[38;2;248;248;216m▀[48;2;244;244;242m[38;2;244;244;243m▀[48;2;244;244;244m   [48;2;245;246;246m [48;2;218;199;154m[38;2;220;195;139m▀[48;2;98;48;15m[38;2;136;76;17m▀[48;2;0;0;0m     [m
[48;2;0;0;0m  [48;2;57;20;0m[38;2;0;0;0m▀[48;2;178;138;73m[38;2;174;142;61m▀[48;2;245;243;232m[38;2;241;230;180m▀[48;2;244;244;245m[38;2;249;249;210m▀[48;2;244;244;244m[38;2;248;248;213m▀[38;2;247;247;224m▀[48;2;244;244;242m[38;2;248;249;211m▀[48;2;248;248;215m[38;2;250;250;203m▀[48;2;246;246;226m[38;2;251;251;188m▀[48;2;245;245;237m[38;2;250;250;197m▀[48;2;244;244;243m[38;2;247;247;224m▀[48;2;244;244;244m[38;2;244;244;241m▀[38;2;245;245;240m▀  [48;2;245;245;239m[38;2;245;246;239m▀[48;2;251;251;194m[38;2;242;234;175m▀[48;2;236;213;119m[38;2;151;105;46m▀[48;2;178;124;40m[38;2;0;0;0m▀[48;2;0;0;0m    [m
[48;2;0;0;0m  [48;2;75;46;3m[38;2;84;46;5m▀[48;2;203;170;89m[38;2;215;183;117m▀[48;2;246;245;234m[38;2;246;245;241m▀[48;2;244;244;245m[38;2;244;244;244m▀[48;2;244;244;244m   [38;2;246;246;229m▀[48;2;244;244;242m[38;2;245;245;235m▀[48;2;244;244;243m[38;2;244;244;245m▀[48;2;245;245;234m▀[48;2;244;244;242m[38;2;244;244;244m▀[48;2;244;244;244m   [48;2;244;244;245m[38;2;244;244;241m▀[48;2;248;249;221m[38;2;250;251;203m▀[48;2;237;224;154m[38;2;243;227;139m▀[48;2;109;57;21m[38;2;167;115;39m▀[48;2;0;0;0m    [m
[48;2;0;0;0m  [38;2;42;25;0m▀[48;2;107;56;10m[38;2;160;125;49m▀[48;2;223;193;125m[38;2;244;236;204m▀[48;2;246;246;243m[38;2;244;245;246m▀[48;2;244;244;245m[38;2;244;244;244m▀[48;2;244;244;244m   [48;2;244;244;245m [48;2;245;245;235m [48;2;247;247;218m[38;2;247;247;224m▀[48;2;245;245;236m[38;2;244;244;243m▀[48;2;248;248;216m▀[48;2;249;249;209m[38;2;244;244;241m▀[48;2;245;245;239m[38;2;244;244;244m▀[48;2;244;244;244m[38;2;244;244;245m▀[48;2;246;247;242m[38;2;247;247;237m▀[48;2;203;173;115m[38;2;229;214;155m▀[48;2;65;15;2m[38;2;88;36;15m▀[48;2;0;0;0m    [m
[48;2;0;0;0m   [38;2;65;17;0m▀[48;2;79;29;2m[38;2;164;107;42m▀[48;2;157;115;43m[38;2;238;223;175m▀[48;2;220;194;119m[38;2;247;247;238m▀[48;2;232;213;152m[38;2;245;246;245m▀[48;2;237;220;157m▀[48;2;244;236;183m[38;2;244;245;244m▀[48;2;247;248;225m[38;2;244;244;244m▀[48;2;244;244;243m▀[48;2;244;244;242m [48;2;248;248;212m[38;2;245;245;237m▀[48;2;247;247;220m[38;2;246;246;229m▀[48;2;249;249;209m[38;2;249;249;206m▀[48;2;252;252;184m[38;2;250;250;201m▀[48;2;252;252;183m[38;2;248;248;214m▀[48;2;242;229;150m[38;2;249;249;216m▀[48;2;127;77;33m[38;2;173;133;74m▀[48;2;0;0;0m[38;2;52;3;0m▀    [m
[48;2;0;0;0m      [38;2;106;56;10m▀[38;2;109;65;14m▀[38;2;155;96;25m▀[38;2;203;159;68m▀[38;2;242;227;145m▀[38;2;247;244;206m▀[38;2;247;247;222m▀[38;2;251;251;190m▀[38;2;246;246;227m▀[38;2;248;249;213m▀[38;2;251;247;170m▀[38;2;247;231;133m▀[38;2;219;182;80m▀[38;2;128;66;17m▀     [m
