[48;2;0;0;0m                         [m
[48;2;0;0;0m                         [m
[48;2;0;0;0m          [48;2;86;25;2m[38;2;0;0;0m▀[48;2;151;89;26m▀[48;2;155;94;25m[38;2;136;68;12m▀[48;2;137;76;19m[38;2;0;0;0m▀[48;2;0;0;0m           [m
[48;2;0;0;0m          [48;2;90;27;2m[38;2;120;53;12m▀[48;2;119;48;5m[38;2;171;113;39m▀[48;2;128;62;12m[38;2;167;111;39m▀[48;2;79;23;1m[38;2;105;48;11m▀[48;2;131;76;20m[38;2;0;0;0m▀[48;2;170;108;29m▀[48;2;175;110;29m▀[48;2;149;86;21m▀[48;2;0;0;0m       [m
[48;2;0;0;0m         [48;2;92;28;1m[38;2;0;0;0m▀[48;2;191;154;87m[38;2;88;36;11m▀[48;2;253;251;177m[38;2;174;132;65m▀[48;2;254;254;184m[38;2;190;154;85m▀[48;2;249;243;169m[38;2;155;106;49m▀[48;2;239;214;112m[38;2;210;167;67m▀[48;2;200;147;47m[38;2;204;153;51m▀[48;2;189;130;38m[38;2;187;128;37m▀[48;2;185;125;35m[38;2;172;104;25m▀[48;2;174;107;27m[38;2;139;67;12m▀[48;2;114;47;6m[38;2;0;0;0m▀[48;2;0;0;0m     [m
[48;2;0;0;0m      [48;2;143;103;34m[38;2;0;0;0m▀[48;2;169;127;63m▀[48;2;192;156;86m[38;2;70;17;2m▀[48;2;246;236;154m[38;2;159;112;49m▀[48;2;253;253;185m[38;2;244;234;156m▀[48;2;248;248;214m[38;2;251;252;196m▀[48;2;248;248;212m[38;2;250;250;199m▀[48;2;252;252;187m[38;2;253;252;183m▀[48;2;252;251;184m[38;2;245;228;130m▀[48;2;244;225;124m[38;2;225;187;76m▀[48;2;230;194;78m[38;2;210;163;58m▀[48;2;216;173;65m[38;2;198;143;46m▀[48;2;212;167;60m[38;2;195;139;43m▀[48;2;169;109;31m[38;2;151;84;18m▀[48;2;0;0;0m     [m
[48;2;0;0;0m     [48;2;171;138;65m[38;2;122;92;27m▀[48;2;251;247;189m[38;2;232;217;128m▀[48;2;252;251;182m[38;2;254;253;178m▀[48;2;252;252;183m[38;2;253;252;182m▀[48;2;252;252;185m[38;2;252;253;185m▀[48;2;252;252;184m [48;2;250;249;196m[38;2;250;250;198m▀[48;2;248;248;212m[38;2;249;249;205m▀[48;2;251;251;190m[38;2;251;251;189m▀[48;2;246;246;228m[38;2;248;249;213m▀[48;2;244;244;247m[38;2;246;242;204m▀[48;2;246;247;228m[38;2;244;234;174m▀[48;2;246;231;145m[38;2;245;231;149m▀[48;2;229;193;80m[38;2;235;205;96m▀[48;2;189;133;42m[38;2;176;120;37m▀[48;2;0;0;0m     [m
[48;2;0;0;0m     [48;2;226;208;142m[38;2;208;177;90m▀[48;2;253;250;172m[38;2;253;244;160m▀[48;2;252;248;165m[38;2;252;246;165m▀[48;2;252;252;182m[38;2;252;252;183m▀[48;2;252;246;156m[38;2;252;252;181m▀[48;2;251;249;185m[38;2;252;252;183m▀[48;2;251;251;196m[38;2;252;250;176m▀[48;2;252;251;181m[38;2;252;251;183m▀[48;2;252;251;179m[38;2;252;252;185m▀[48;2;251;251;190m[38;2;250;250;203m▀[48;2;250;250;201m[38;2;245;246;234m▀[48;2;250;239;146m[38;2;249;245;186m▀[48;2;247;232;138m[38;2;239;214;109m▀[48;2;228;197;95m[38;2;222;182;70m▀[48;2;184;130;41m[38;2;193;139;45m▀[48;2;0;0;0m     [m
[48;2;0;0;0m    [48;2;168;129;63m[38;2;133;101;34m▀[48;2;245;240;216m[38;2;236;226;172m▀[48;2;246;246;231m[38;2;252;253;194m▀[38;2;252;252;188m▀[48;2;245;245;236m[38;2;251;251;193m▀[48;2;247;247;222m[38;2;250;249;192m▀[48;2;250;250;203m[38;2;248;247;215m▀[48;2;251;251;194m [48;2;252;252;184m[38;2;252;252;183m▀▀[48;2;252;252;186m[38;2;252;252;184m▀[48;2;250;250;200m[38;2;252;252;185m▀[48;2;247;247;226m[38;2;251;246;168m▀[48;2;250;250;199m[38;2;245;230;138m▀[48;2;244;225;128m[38;2;233;202;93m▀[48;2;227;193;87m[38;2;189;136;45m▀[48;2;184;138;63m[38;2;0;0;0m▀[48;2;116;48;6m▀[48;2;0;0;0m   [m
[48;2;0;0;0m   [48;2;87;53;7m[38;2;73;35;2m▀[48;2;217;186;111m[38;2;198;162;96m▀[48;2;247;247;226m[38;2;246;245;238m▀[48;2;244;244;242m[38;2;244;244;246m▀[48;2;244;244;244m[38;2;244;244;245m▀▀▀[48;2;247;247;225m[38;2;248;248;217m▀[38;2;247;247;221m▀[48;2;247;247;219m[38;2;249;249;208m▀[48;2;245;245;237m[38;2;248;248;217m▀[48;2;244;244;245m[38;2;246;246;226m▀[48;2;245;245;237m[38;2;245;245;236m▀[48;2;245;245;236m[38;2;244;244;243m▀[48;2;245;245;239m[38;2;247;248;221m▀[48;2;248;247;211m[38;2;246;233;148m▀[48;2;252;249;170m[38;2;247;232;137m▀[48;2;238;215;116m[38;2;237;220;138m▀[48;2;158;101;29m[38;2;160;96;26m▀[48;2;0;0;0m   [m
[48;2;0;0;0m   [48;2;34;13;0m[38;2;62;43;3m▀[48;2;142;96;29m[38;2;191;157;60m▀[48;2;243;212;91m[38;2;253;240;129m▀[48;2;252;237;124m[38;2;248;244;187m▀[48;2;246;245;225m[38;2;244;244;242m▀[48;2;244;244;246m[38;2;244;244;244m▀[48;2;244;244;244m [48;2;244;244;245m[38;2;244;244;242m▀[48;2;244;244;244m[38;2;245;245;238m▀[48;2;246;246;227m[38;2;245;245;233m▀[48;2;246;246;228m[38;2;244;244;243m▀[48;2;247;247;219m▀▀[48;2;244;244;240m[38;2;246;246;233m▀[48;2;246;247;226m[38;2;245;245;240m▀[48;2;250;250;198m[38;2;247;248;219m▀[48;2;245;229;136m[38;2;251;242;154m▀[48;2;200;154;56m[38;2;223;185;77m▀[48;2;0;0;0m[38;2;148;89;24m▀   [m
[48;2;0;0;0m    [38;2;92;37;5m▀[48;2;131;71;17m[38;2;205;156;58m▀[48;2;220;183;76m[38;2;252;232;113m▀[48;2;249;243;180m[38;2;246;245;216m▀[48;2;247;247;228m[38;2;244;244;247m▀[48;2;247;246;222m[38;2;244;244;245m▀[48;2;249;249;205m[38;2;245;245;237m▀[48;2;249;249;208m[38;2;244;244;241m▀[48;2;246;246;229m[38;2;246;246;227m▀[38;2;246;246;226m▀[48;2;246;246;228m[38;2;245;245;238m▀[48;2;248;248;210m[38;2;248;248;217m▀[48;2;252;251;185m[38;2;248;248;218m▀[48;2;252;252;189m[38;2;251;252;191m▀[48;2;251;250;186m[38;2;250;245;170m▀[48;2;240;217;120m[38;2;235;204;96m▀[48;2;152;100;31m[38;2;175;124;40m▀[48;2;0;0;0m    [m
[48;2;0;0;0m      [38;2;120;77;19m▀[38;2;180;137;61m▀[38;2;194;156;80m▀[38;2;216;179;89m▀[38;2;238;219;133m▀[38;2;251;250;186m▀[38;2;248;248;215m▀[38;2;248;248;213m▀[38;2;251;251;191m▀[38;2;252;251;180m▀[38;2;252;245;161m▀[38;2;252;245;159m▀[38;2;249;238;150m▀[38;2;219;182;80m▀[38;2;130;77;22m▀    [m
