[48;2;0;0;0m                         [m
[48;2;0;0;0m           [48;2;125;58;10m[38;2;0;0;0m▀[48;2;140;67;11m[38;2;100;37;4m▀[48;2;126;66;17m[38;2;0;0;0m▀[48;2;0;0;0m           [m
[48;2;0;0;0m           [38;2;126;66;17m▀[48;2;100;37;4m[38;2;125;54;8m▀[48;2;0;0;0m  [48;2;113;42;3m[38;2;0;0;0m▀[48;2;109;38;2m▀[48;2;0;0;0m        [m
[48;2;0;0;0m         [48;2;126;66;17m[38;2;0;0;0m▀[48;2;212;175;74m▀[48;2;248;231;127m[38;2;178;124;43m▀[48;2;218;191;109m[38;2;0;0;0m▀[48;2;201;163;82m▀[48;2;211;165;61m[38;2;172;107;27m▀[48;2;195;139;43m[38;2;164;93;20m▀[48;2;170;98;22m▀[48;2;154;76;11m[38;2;129;61;11m▀[48;2;113;42;3m[38;2;0;0;0m▀[48;2;0;0;0m      [m
[48;2;0;0;0m        [48;2;131;74;22m[38;2;0;0;0m▀[48;2;207;166;69m[38;2;178;124;43m▀[48;2;251;243;157m[38;2;243;221;116m▀[48;2;252;252;187m[38;2;252;249;172m▀ [48;2;251;246;171m[38;2;251;245;164m▀[48;2;229;196;93m[38;2;217;174;67m▀[48;2;211;165;61m[38;2;186;126;36m▀[48;2;195;139;43m[38;2;172;103;25m▀[48;2;186;126;36m[38;2;170;98;22m▀[48;2;164;93;20m[38;2;140;67;11m▀[48;2;0;0;0m      [m
[48;2;0;0;0m     [48;2;201;163;82m[38;2;121;63;17m▀[48;2;243;221;116m[38;2;174;125;45m▀[48;2;249;237;148m[38;2;185;139;61m▀[48;2;248;231;127m[38;2;225;189;81m▀[48;2;252;249;172m[38;2;245;227;131m▀[48;2;252;251;181m [48;2;252;249;172m[38;2;252;251;181m▀[48;2;252;251;181m[38;2;252;252;187m▀ [48;2;252;252;187m[38;2;249;239;154m▀[48;2;245;236;179m[38;2;234;201;86m▀[48;2;247;236;153m[38;2;220;179;69m▀[48;2;234;202;91m[38;2;201;157;59m▀[48;2;199;145;47m[38;2;186;126;36m▀[48;2;116;51;9m[38;2;125;54;8m▀[48;2;0;0;0m     [m
[48;2;0;0;0m    [48;2;219;191;88m[38;2;195;151;62m▀[48;2;252;242;148m[38;2;241;229;148m▀[38;2;252;251;181m▀[48;2;253;248;165m[38;2;252;249;172m▀[38;2;251;235;125m▀[48;2;252;251;181m [48;2;250;250;195m[38;2;248;247;216m▀[48;2;251;243;157m[38;2;252;252;187m▀[48;2;253;248;165m [48;2;251;238;140m[38;2;251;243;157m▀[48;2;252;249;172m[38;2;250;250;203m▀[48;2;249;239;154m[38;2;248;247;216m▀[48;2;219;179;74m[38;2;245;227;131m▀[48;2;195;139;43m[38;2;211;165;61m▀[48;2;172;103;25m[38;2;186;126;36m▀[48;2;129;61;11m[38;2;130;67;14m▀[48;2;0;0;0m     [m
[48;2;0;0;0m    [48;2;212;191;85m[38;2;207;166;69m▀[48;2;253;248;165m[38;2;251;229;112m▀[48;2;251;243;157m[38;2;253;232;110m▀[48;2;252;242;148m[38;2;252;232;117m▀[48;2;252;251;181m[38;2;253;248;165m▀[48;2;252;249;172m▀[48;2;252;251;181m[38;2;251;243;157m▀[38;2;251;238;140m▀[48;2;252;249;172m[38;2;252;242;148m▀[48;2;249;237;148m[38;2;252;230;110m▀[48;2;251;235;130m[38;2;249;237;148m▀[48;2;245;219;99m[38;2;241;216;109m▀[48;2;233;198;82m[38;2;211;165;61m▀[48;2;203;153;52m[38;2;186;126;36m▀[48;2;172;107;27m[38;2;164;93;20m▀[48;2;129;61;11m[38;2;140;67;11m▀[48;2;0;0;0m     [m
[48;2;0;0;0m    [48;2;196;156;66m[38;2;209;179;83m▀[48;2;247;242;206m[38;2;250;250;203m▀[48;2;244;244;243m▀[48;2;246;246;228m[38;2;252;252;187m▀▀[38;2;250;250;195m▀[48;2;250;250;195m[38;2;252;252;187m▀▀[38;2;252;251;181m▀[48;2;250;250;203m▀[48;2;251;246;171m[38;2;252;242;148m▀[48;2;245;227;131m[38;2;251;243;157m▀[48;2;227;192;84m[38;2;238;211;102m▀[48;2;203;153;52m[38;2;220;179;69m▀[48;2;211;165;61m[38;2;202;151;52m▀[48;2;229;196;93m[38;2;183;130;47m▀[48;2;155;90;22m[38;2;113;42;3m▀[48;2;79;12;0m[38;2;0;0;0m▀[48;2;0;0;0m   [m
[48;2;0;0;0m   [48;2;91;57;11m [48;2;220;179;69m[38;2;214;179;70m▀[48;2;251;235;125m[38;2;251;246;171m▀[48;2;246;245;211m[38;2;244;244;243m▀[48;2;244;244;243m  [38;2;248;248;217m▀▀[48;2;245;245;235m[38;2;246;246;228m▀[38;2;247;247;220m▀[38;2;246;246;228m▀[48;2;248;249;211m[38;2;252;249;172m▀[48;2;249;237;148m[38;2;241;216;109m▀[48;2;238;211;102m[38;2;234;202;91m▀[48;2;229;193;79m[38;2;226;188;77m▀[48;2;226;188;77m[38;2;223;184;74m▀[48;2;207;166;69m[38;2;227;192;84m▀[48;2;145;79;18m[38;2;155;90;22m▀[48;2;0;0;0m    [m
[48;2;0;0;0m    [48;2;112;60;14m[38;2;188;133;42m▀[48;2;201;157;59m[38;2;245;219;99m▀[48;2;245;219;99m[38;2;252;242;148m▀[48;2;248;244;188m[38;2;245;245;235m▀[48;2;245;245;235m [48;2;250;250;203m[38;2;248;249;211m▀[48;2;252;252;187m▀[48;2;252;251;181m▀[38;2;250;250;203m▀[48;2;252;252;187m  [48;2;251;246;171m[38;2;249;237;148m▀[48;2;239;213;107m[38;2;233;198;82m▀[48;2;233;198;82m [48;2;220;179;69m [48;2;174;114;33m[38;2;195;139;43m▀[48;2;0;0;0m[38;2;116;51;9m▀    [m
[48;2;0;0;0m     [38;2;120;85;20m▀[48;2;126;88;20m[38;2;211;168;62m▀[48;2;145;93;25m[38;2;229;196;93m▀[48;2;219;191;88m[38;2;251;245;164m▀[48;2;245;226;123m[38;2;252;252;187m▀[48;2;251;235;125m[38;2;251;246;171m▀[48;2;251;238;140m[38;2;252;251;181m▀[48;2;252;252;187m [48;2;250;250;195m [48;2;247;236;153m▀[48;2;243;221;116m[38;2;249;237;148m▀[48;2;251;238;140m[38;2;252;249;172m▀[48;2;243;221;116m[38;2;247;236;153m▀[48;2;196;144;49m[38;2;219;179;74m▀[48;2;125;58;10m[38;2;162;99;26m▀[48;2;0;0;0m     [m
[48;2;0;0;0m        [38;2;178;124;43m▀[38;2;188;133;42m▀[38;2;196;156;66m▀[38;2;246;225;117m▀[38;2;249;239;154m▀[38;2;246;235;150m▀[38;2;245;227;131m▀[38;2;234;202;91m▀[38;2;233;198;82m▀[38;2;211;165;61m▀[38;2;155;90;22m▀      [m
