[48;2;0;0;0m                     [48;2;110;53;10m[38;2;0;0;0m▀[48;2;0;0;0m   [m
[48;2;0;0;0m                         [m
[48;2;0;0;0m            [48;2;99;37;5m[38;2;0;0;0m▀[48;2;0;0;0m            [m
[48;2;0;0;0m          [48;2;80;21;0m[38;2;0;0;0m▀[48;2;0;0;0m [48;2;75;19;1m[38;2;96;31;2m▀[48;2;0;0;0m            [m
[48;2;0;0;0m        [48;2;132;66;12m[38;2;0;0;0m▀[48;2;125;69;31m▀[48;2;129;79;47m[38;2;74;13;0m▀[48;2;100;38;8m[38;2;64;9;0m▀[48;2;100;38;5m[38;2;57;6;0m▀[48;2;158;115;67m[38;2;45;2;0m▀[48;2;225;204;141m[38;2;112;57;16m▀[48;2;236;225;177m[38;2;129;72;25m▀[48;2;217;197;159m[38;2;0;0;0m▀[48;2;175;138;85m▀[48;2;0;0;0m       [m
[48;2;0;0;0m      [48;2;77;20;0m[38;2;95;34;4m▀[48;2;56;2;0m[38;2;56;7;0m▀[48;2;135;76;32m[38;2;145;94;37m▀[48;2;234;217;175m[38;2;230;210;173m▀[48;2;243;239;223m[38;2;240;233;205m▀[48;2;245;244;239m[38;2;214;180;111m▀[48;2;246;247;234m[38;2;212;177;112m▀[48;2;248;248;219m[38;2;248;241;179m▀[48;2;246;246;232m[38;2;247;248;234m▀[48;2;244;244;243m[38;2;245;245;246m▀[48;2;245;245;243m[38;2;247;248;243m▀[48;2;238;228;172m[38;2;235;225;180m▀[48;2;123;77;34m[38;2;129;85;47m▀[48;2;0;0;0m      [m
[48;2;0;0;0m    [48;2;57;5;0m[38;2;0;0;0m▀[48;2;163;117;65m[38;2;95;46;17m▀[48;2;247;244;219m[38;2;166;123;71m▀[48;2;248;248;238m[38;2;182;145;105m▀[48;2;248;249;224m[38;2;210;177;125m▀[48;2;246;246;239m[38;2;233;214;155m▀[48;2;246;247;229m[38;2;243;236;197m▀[48;2;245;245;239m[38;2;245;245;243m▀[48;2;244;244;243m[38;2;244;244;245m▀[48;2;244;244;245m[38;2;245;245;239m▀[48;2;244;244;243m[38;2;247;247;218m▀[48;2;245;245;235m[38;2;247;247;223m▀[48;2;247;247;221m[38;2;247;247;231m▀[48;2;251;250;206m[38;2;242;231;161m▀[48;2;182;148;88m[38;2;118;70;29m▀[48;2;69;17;0m[38;2;0;0;0m▀[48;2;0;0;0m     [m
[48;2;0;0;0m    [48;2;127;89;22m[38;2;94;41;5m▀[48;2;243;227;136m[38;2;217;185;112m▀[48;2;250;251;206m[38;2;246;247;239m▀[48;2;249;248;199m[38;2;248;247;208m▀[48;2;252;236;128m[38;2;252;244;156m▀[48;2;252;242;151m[38;2;249;242;178m▀[48;2;251;251;192m[38;2;251;251;194m▀[48;2;247;247;223m[38;2;247;247;219m▀[48;2;244;244;245m[38;2;244;244;241m▀[48;2;244;244;244m   [38;2;244;244;245m▀[48;2;245;246;245m[38;2;246;246;238m▀[48;2;234;221;174m[38;2;237;225;155m▀[48;2;123;74;28m[38;2;173;124;47m▀[48;2;0;0;0m     [m
[48;2;0;0;0m    [48;2;109;82;15m[38;2;121;80;19m▀[48;2;231;212;132m[38;2;237;219;124m▀[48;2;247;248;232m[38;2;251;252;196m▀[48;2;244;244;245m[38;2;247;247;224m▀[48;2;246;246;233m[38;2;250;249;192m▀[48;2;251;251;189m[38;2;252;251;184m▀[48;2;250;250;200m[38;2;249;249;205m▀[48;2;245;245;239m[38;2;245;245;238m▀[48;2;244;244;244m     [48;2;245;245;239m[38;2;246;247;245m▀[48;2;245;236;171m[38;2;211;184;136m▀[48;2;153;109;57m[38;2;74;21;3m▀[48;2;48;4;0m[38;2;0;0;0m▀[48;2;0;0;0m    [m
[48;2;0;0;0m   [48;2;85;53;6m[38;2;52;24;1m▀[48;2;219;191;111m[38;2;182;139;57m▀[48;2;246;247;237m[38;2;243;235;191m▀[48;2;244;244;245m[38;2;244;245;246m▀[48;2;244;244;244m [48;2;244;244;245m[38;2;244;244;242m▀[48;2;245;245;238m[38;2;247;247;220m▀[48;2;249;249;207m[38;2;247;247;225m▀[48;2;248;248;214m[38;2;244;244;240m▀[48;2;244;244;241m[38;2;244;244;243m▀[48;2;244;244;244m    [48;2;244;244;245m[38;2;244;244;241m▀[48;2;246;247;233m[38;2;249;250;214m▀[48;2;246;236;161m[38;2;236;221;145m▀[48;2;117;67;27m[38;2;104;59;24m▀[48;2;36;0;0m[38;2;0;0;0m▀[48;2;0;0;0m   [m
[48;2;0;0;0m   [48;2;49;32;0m[38;2;81;49;4m▀[48;2;174;141;62m[38;2;209;178;99m▀[48;2;246;240;217m[38;2;246;246;238m▀[48;2;244;244;246m[38;2;244;244;245m▀[48;2;244;244;244m  [38;2;245;245;240m▀[48;2;244;244;245m[38;2;247;247;225m▀[38;2;245;245;235m▀[48;2;244;244;241m[38;2;244;244;240m▀[48;2;244;244;240m[38;2;244;244;244m▀[48;2;246;246;232m▀[48;2;244;244;243m▀[48;2;244;244;244m  [48;2;246;247;244m[38;2;245;246;244m▀[48;2;226;209;172m[38;2;235;222;169m▀[48;2;87;32;12m[38;2;95;45;18m▀[48;2;47;2;0m[38;2;34;0;0m▀[48;2;0;0;0m   [m
[48;2;0;0;0m    [48;2;79;26;0m[38;2;121;72;17m▀[48;2;187;136;64m[38;2;231;208;152m▀[48;2;244;237;209m[38;2;245;246;246m▀[48;2;245;246;246m[38;2;244;244;244m▀[48;2;244;245;245m▀[48;2;245;245;237m▀[48;2;244;244;243m▀[48;2;244;244;244m [48;2;244;244;245m[38;2;245;245;240m▀[48;2;244;244;243m[38;2;244;244;242m▀[38;2;244;244;241m▀[48;2;244;244;244m [48;2;245;245;240m[38;2;244;244;244m▀[48;2;247;247;224m[38;2;244;244;242m▀[48;2;245;244;233m[38;2;246;247;247m▀[48;2;182;147;102m[38;2;224;208;180m▀[48;2;58;9;0m[38;2;80;30;12m▀[48;2;0;0;0m    [m
[48;2;0;0;0m     [38;2;103;47;8m▀[38;2;194;155;78m▀[38;2;241;228;170m▀[38;2;244;237;198m▀[38;2;248;247;213m▀[38;2;246;246;229m▀[38;2;244;244;244m▀[38;2;246;246;232m▀[38;2;249;249;208m▀[38;2;247;247;222m▀[38;2;244;244;245m▀[38;2;245;245;235m▀[38;2;248;249;215m▀[38;2;244;236;184m▀[38;2;131;82;36m▀[38;2;34;0;0m▀    [m
