[48;2;0;0;0m                         [m
[48;2;0;0;0m                         [m
[48;2;0;0;0m             [48;2;231;231;231m[38;2;0;0;0m▀▀[48;2;123;140;107m▀[48;2;57;90;8m[38;2;231;231;231m▀[48;2;33;57;8m▀▀[48;2;123;140;107m▀[38;2;0;0;0m▀[48;2;231;231;231m▀[48;2;0;0;0m   [m
[48;2;0;0;0m          [48;2;231;231;231m[38;2;0;0;0m▀[48;2;123;140;107m[38;2;231;231;231m▀[48;2;33;57;8m▀ [48;2;57;90;8m[38;2;33;57;8m▀▀[48;2;255;107;181m▀▀▀▀[48;2;57;90;8m▀[48;2;33;57;8m [38;2;123;140;107m▀[48;2;231;231;231m[38;2;0;0;0m▀[48;2;0;0;0m [m
[48;2;0;0;0m        [48;2;231;231;231m[38;2;0;0;0m▀[48;2;33;57;8m[38;2;231;231;231m▀ [48;2;57;90;8m[38;2;33;57;8m▀[48;2;255;107;181m[38;2;57;90;8m▀ [48;2;33;57;8m  [48;2;255;107;181m [48;2;33;57;8m[38;2;255;107;181m▀[38;2;57;90;8m▀▀[48;2;57;90;8m [48;2;33;57;8m▀ [38;2;123;140;107m▀[48;2;231;231;231m[38;2;0;0;0m▀[m
[48;2;0;0;0m       [48;2;231;231;231m[38;2;0;0;0m▀[48;2;33;57;8m[38;2;123;140;107m▀ [48;2;255;107;181m[38;2;57;90;8m▀   [38;2;33;57;8m▀▀ [48;2;33;57;8m [48;2;123;140;107m    [48;2;33;57;8m  [38;2;231;231;231m▀[m
[48;2;0;0;0m      [48;2;231;231;231m[38;2;0;0;0m▀[48;2;33;57;8m[38;2;123;140;107m▀ [48;2;255;107;181m[38;2;57;90;8m▀       [48;2;33;57;8m [48;2;123;140;107m[38;2;74;132;0m▀   [48;2;33;57;8m [48;2;255;107;181m[38;2;57;90;8m▀[48;2;33;57;8m [m
[48;2;0;0;0m    [48;2;231;231;231m[38;2;0;0;0m▀[48;2;33;57;8m[38;2;231;231;231m▀ [48;2;57;90;8m[38;2;33;57;8m▀[48;2;255;107;181m         [48;2;33;57;8m [48;2;57;90;8m[38;2;123;140;107m▀[48;2;123;140;107m  [48;2;66;123;0m▀[48;2;33;57;8m [48;2;255;107;181m [38;2;33;57;8m▀[m
[48;2;0;0;0m   [48;2;231;231;231m[38;2;0;0;0m▀[48;2;33;57;8m[38;2;123;140;107m▀ [48;2;57;90;8m[38;2;33;57;8m▀ [48;2;255;107;181m          [48;2;33;57;8m [38;2;123;140;107m▀▀ [48;2;57;90;8m [48;2;255;107;181m [38;2;57;90;8m▀[m
[48;2;0;0;0m [48;2;231;231;231m[38;2;0;0;0m▀[48;2;33;57;8m[38;2;231;231;231m▀ [48;2;57;90;8m[38;2;33;57;8m▀[48;2;255;107;181m [38;2;57;90;8m▀[48;2;57;90;8m  [38;2;255;107;181m▀[48;2;255;107;181m        [38;2;33;57;8m▀[48;2;33;57;8m  [48;2;57;90;8m [48;2;255;107;181m  [38;2;57;90;8m▀[m
[48;2;33;57;8m[38;2;231;231;231m▀ [48;2;255;107;181m[38;2;33;57;8m▀     [48;2;57;90;8m  [38;2;255;107;181m▀▀▀▀[48;2;255;107;181m         [48;2;57;90;8m▀[48;2;33;57;8m [m
[48;2;255;107;181m[38;2;33;57;8m▀         [38;2;57;90;8m▀▀▀▀▀▀       [48;2;33;57;8m  [m
[48;2;0;0;0m[38;2;33;57;8m▀▀▀▀▀▀▀▀▀▀▀▀▀▀▀▀▀▀▀▀▀▀▀▀[38;2;123;140;107m▀[m
