[48;2;0;0;0m             [48;2;49;10;0m[38;2;0;0;0m▀[48;2;0;0;0m           [m
[48;2;0;0;0m             [38;2;60;14;0m▀           [m
[48;2;0;0;0m         [48;2;158;90;20m[38;2;0;0;0m▀[48;2;185;125;36m[38;2;133;64;11m▀[48;2;179;118;33m[38;2;0;0;0m▀[48;2;156;96;27m▀[48;2;130;61;10m▀[48;2;140;66;10m[38;2;89;19;0m▀[38;2;83;18;0m▀[48;2;138;59;6m▀[48;2;116;43;3m[38;2;68;10;0m▀[48;2;83;18;0m[38;2;0;0;0m▀[48;2;0;0;0m      [m
[48;2;0;0;0m        [48;2;142;73;14m[38;2;0;0;0m▀[48;2;183;121;34m[38;2;173;107;27m▀[48;2;202;150;50m[38;2;205;155;53m▀[48;2;214;178;70m[38;2;211;165;59m▀[48;2;226;188;75m▀[48;2;235;202;85m[38;2;194;144;49m▀[48;2;222;182;73m[38;2;188;130;38m▀[48;2;171;103;24m[38;2;169;100;23m▀[48;2;138;59;6m[38;2;124;49;5m▀[48;2;121;45;2m[38;2;113;37;1m▀[48;2;131;54;5m[38;2;100;23;0m▀[48;2;91;26;1m[38;2;68;6;0m▀[48;2;0;0;0m     [m
[48;2;0;0;0m     [48;2;140;66;10m[38;2;0;0;0m▀[48;2;158;90;20m▀[48;2;174;116;34m▀[48;2;211;165;59m[38;2;173;107;27m▀[48;2;234;205;103m[38;2;202;150;50m▀[48;2;238;215;115m[38;2;211;165;59m▀[48;2;241;220;121m[38;2;232;196;79m▀[48;2;252;251;178m[38;2;242;220;115m▀[48;2;252;253;185m[38;2;247;233;142m▀[48;2;238;216;122m[38;2;223;188;86m▀[48;2;217;173;65m[38;2;191;133;40m▀[48;2;195;140;44m[38;2;171;103;24m▀[48;2;171;103;24m[38;2;138;59;6m▀[48;2;160;83;14m▀[48;2;109;40;4m[38;2;109;33;1m▀[48;2;0;0;0m     [m
[48;2;0;0;0m    [48;2;179;118;33m[38;2;123;57;10m▀[48;2;213;169;62m[38;2;185;125;36m▀[48;2;230;195;85m[38;2;205;155;53m▀[48;2;233;198;82m[38;2;217;173;65m▀[48;2;235;202;85m [48;2;244;231;145m[38;2;252;244;158m▀[48;2;252;249;171m[38;2;252;251;178m▀[48;2;252;242;148m[38;2;252;248;166m▀[48;2;252;249;171m[38;2;252;251;178m▀[48;2;242;220;115m[38;2;251;247;169m▀[48;2;235;202;85m[38;2;250;233;129m▀[48;2;233;198;82m[38;2;235;202;85m▀[48;2;226;188;75m[38;2;220;179;68m▀[48;2;195;140;44m[38;2;205;155;53m▀[48;2;158;90;20m[38;2;178;114;30m▀[48;2;136;55;3m[38;2;131;54;5m▀[48;2;83;18;0m[38;2;75;11;0m▀[48;2;0;0;0m    [m
[48;2;0;0;0m  [48;2;97;55;12m[38;2;40;14;0m▀[48;2;194;144;49m[38;2;135;75;18m▀[48;2;217;173;65m[38;2;205;155;53m▀[48;2;237;211;107m[38;2;230;195;85m▀[48;2;241;214;103m[38;2;246;229;130m▀[48;2;244;224;127m▀[48;2;235;204;93m[38;2;226;188;75m▀[48;2;235;202;85m▀[48;2;247;220;98m[38;2;248;234;137m▀[48;2;250;226;102m[38;2;252;242;148m▀[48;2;247;220;98m[38;2;243;219;108m▀[48;2;235;202;85m[38;2;233;198;82m▀[48;2;226;188;75m [48;2;220;179;68m[38;2;229;192;78m▀[48;2;192;135;41m[38;2;207;158;56m▀[48;2;146;70;10m[38;2;164;91;19m▀[48;2;113;37;1m[38;2;121;45;2m▀[48;2;75;11;0m[38;2;89;19;0m▀[48;2;68;10;0m [48;2;0;0;0m    [m
[48;2;0;0;0m  [48;2;124;92;22m[38;2;131;94;24m▀[48;2;214;178;70m[38;2;226;188;75m▀[48;2;247;220;98m[38;2;214;178;70m▀[48;2;241;214;103m[38;2;226;188;75m▀[48;2;235;202;85m[38;2;229;192;78m▀[48;2;229;192;78m[38;2;233;198;82m▀[48;2;242;212;92m[38;2;235;202;85m▀[48;2;245;217;95m[38;2;242;212;92m▀[48;2;250;226;102m ▀[48;2;245;217;95m▀[48;2;235;202;85m [48;2;226;188;75m [38;2;207;158;56m▀[48;2;205;155;53m[38;2;188;130;38m▀[48;2;178;114;30m[38;2;160;83;14m▀[48;2;169;100;23m[38;2;136;55;3m▀[48;2;149;74;12m[38;2;101;30;1m▀[48;2;0;0;0m[38;2;68;10;0m▀    [m
[48;2;0;0;0m  [38;2;38;12;0m▀[48;2;180;127;42m[38;2;153;105;31m▀[48;2;244;224;127m[38;2;242;220;115m▀[48;2;252;253;185m[38;2;252;249;171m▀[48;2;252;249;171m[38;2;248;234;137m▀[48;2;252;240;142m[38;2;242;212;92m▀[38;2;250;226;102m▀[48;2;252;249;171m[38;2;252;234;122m▀[38;2;252;240;142m▀[48;2;248;230;123m[38;2;250;227;107m▀[48;2;243;219;108m[38;2;242;212;92m▀[48;2;235;202;85m [48;2;217;173;65m[38;2;226;188;75m▀[48;2;192;135;41m[38;2;220;179;68m▀[48;2;161;86;16m[38;2;192;135;41m▀[48;2;145;64;6m[38;2;164;91;19m▀[48;2;131;54;5m[38;2;146;70;10m▀[48;2;171;103;24m[38;2;164;91;19m▀[48;2;140;66;10m[38;2;130;56;7m▀[48;2;68;10;0m [48;2;0;0;0m   [m
[48;2;0;0;0m   [48;2;89;70;10m[38;2;157;113;33m▀[48;2;185;141;46m[38;2;235;204;93m▀[48;2;234;205;103m[38;2;252;248;166m▀[48;2;247;237;153m[38;2;252;253;185m▀[48;2;252;247;166m▀[48;2;252;253;185m [38;2;252;251;178m▀[48;2;247;233;142m[38;2;252;244;158m▀[48;2;244;224;127m[38;2;252;248;166m▀[48;2;243;219;108m[38;2;252;247;166m▀[48;2;241;214;103m[38;2;248;230;123m▀[48;2;235;202;85m[38;2;226;188;75m▀[48;2;202;150;50m[38;2;192;135;41m▀[48;2;188;130;38m[38;2;173;107;27m▀[48;2;183;121;34m[38;2;160;83;14m▀[48;2;188;130;38m[38;2;171;103;24m▀[48;2;173;107;27m[38;2;188;130;38m▀[48;2;109;40;4m[38;2;124;49;5m▀[48;2;0;0;0m[38;2;68;6;0m▀   [m
[48;2;0;0;0m    [38;2;103;66;9m▀[48;2;91;59;10m[38;2;185;141;46m▀[48;2;104;65;15m[38;2;217;173;65m▀[48;2;180;144;51m[38;2;238;210;100m▀[48;2;242;220;115m[38;2;252;249;171m▀[48;2;252;251;178m▀[48;2;241;220;121m[38;2;235;204;93m▀[48;2;211;165;59m[38;2;220;179;68m▀[48;2;205;155;53m▀[48;2;226;188;75m [48;2;235;202;85m[38;2;233;198;82m▀[48;2;223;188;86m[38;2;213;169;62m▀[48;2;211;165;59m[38;2;192;135;41m▀[48;2;185;125;36m[38;2;178;114;30m▀[48;2;169;100;23m[38;2;173;107;27m▀[48;2;124;49;5m[38;2;149;74;12m▀[48;2;0;0;0m[38;2;91;26;1m▀    [m
[48;2;0;0;0m      [38;2;11;0;0m▀[38;2;73;36;6m▀[48;2;73;36;6m[38;2;174;133;47m▀[48;2;162;110;36m[38;2;241;220;121m▀[48;2;213;169;62m[38;2;238;210;100m▀[38;2;220;179;68m▀[38;2;217;173;65m▀[48;2;192;135;41m[38;2;211;165;59m▀[48;2;169;100;23m[38;2;202;150;50m▀[48;2;178;114;30m[38;2;195;140;44m▀[38;2;202;150;50m▀[48;2;164;91;19m[38;2;185;125;36m▀[48;2;116;43;3m[38;2;155;81;14m▀[48;2;0;0;0m[38;2;109;33;1m▀     [m
[48;2;0;0;0m         [38;2;60;14;0m▀[38;2;135;75;18m▀[38;2;183;121;34m▀[38;2;178;114;30m▀[38;2;171;103;24m▀[38;2;149;74;12m▀▀[38;2;155;81;14m▀[38;2;121;45;2m▀[38;2;75;11;0m▀      [m
