[48;2;73;73;73m[38;2;0;0;0m▀[48;2;0;0;0m        [48;2;128;138;119m▀[48;2;229;159;46m [48;2;252;182;67m [48;2;232;178;91m[38;2;229;159;46m▀[48;2;248;239;224m [48;2;33;56;8m[38;2;123;138;108m▀      ▀[48;2;248;239;224m[38;2;0;0;0m▀[48;2;0;0;0m            [m
[48;2;229;159;46m[38;2;118;129;108m▀[48;2;78;78;78m[38;2;0;0;0m▀[48;2;0;0;0m       [48;2;70;67;51m[38;2;81;81;81m▀[48;2;234;166;55m[38;2;229;159;46m▀[48;2;252;182;67m [48;2;117;120;100m [48;2;58;80;6m[38;2;33;56;8m▀[48;2;254;214;140m▀[38;2;58;80;6m▀  ▀ ▀[38;2;33;56;8m▀[48;2;33;56;8m [38;2;123;138;108m▀[48;2;248;239;224m[38;2;0;0;0m▀[48;2;0;0;0m          [m
[48;2;252;182;67m[38;2;245;175;63m▀[48;2;117;120;100m[38;2;70;67;51m▀[48;2;0;0;0m [48;2;117;122;102m[38;2;0;0;0m▀[48;2;121;134;108m▀[48;2;101;104;99m▀[48;2;69;66;45m▀[48;2;229;159;46m[38;2;87;87;87m▀[48;2;236;167;56m[38;2;82;82;82m▀[48;2;117;120;100m[38;2;178;173;166m▀[48;2;252;182;67m [48;2;244;172;55m[38;2;252;182;67m▀[48;2;232;178;91m[38;2;84;64;14m▀[48;2;58;80;6m [48;2;33;56;8m [48;2;58;80;6m[38;2;254;214;140m▀[48;2;33;56;8m[38;2;58;80;6m▀[48;2;58;80;6m[38;2;33;56;8m▀[48;2;123;138;108m▀▀[48;2;58;80;6m▀[48;2;33;56;8m[38;2;58;80;6m▀  ▀[48;2;248;239;224m[38;2;0;0;0m▀[48;2;0;0;0m         [m
[48;2;250;178;60m[38;2;252;182;67m▀[48;2;243;172;60m[38;2;229;159;46m▀[48;2;69;65;41m[38;2;71;70;64m▀[48;2;230;159;45m[38;2;229;159;46m▀[48;2;252;182;67m [48;2;252;180;65m▀[48;2;84;64;14m[38;2;68;63;31m▀[48;2;250;178;60m[38;2;245;175;63m▀[48;2;252;182;67m [48;2;230;159;45m [48;2;252;182;67m [48;2;230;159;45m[38;2;242;170;54m▀[48;2;217;178;114m [48;2;254;214;140m[38;2;58;80;6m▀[38;2;33;56;8m▀ [48;2;33;56;8m [48;2;123;138;108m    [48;2;33;56;8m [48;2;254;214;140m▀▀[48;2;58;80;6m▀[48;2;33;56;8m [48;2;123;138;108m[38;2;248;239;224m▀[48;2;0;0;0m        [m
[48;2;84;64;14m[38;2;230;159;45m▀[48;2;252;182;67m [48;2;252;180;65m[38;2;68;64;37m▀[48;2;84;64;14m[38;2;51;66;7m▀[48;2;85;64;13m[38;2;243;172;60m▀[48;2;242;170;54m[38;2;252;182;67m▀[48;2;230;159;45m [48;2;101;104;99m[38;2;239;170;58m▀[48;2;230;159;45m[38;2;252;182;67m▀[48;2;84;64;14m[38;2;230;159;45m▀[48;2;250;178;60m[38;2;252;180;65m▀[48;2;84;64;14m[38;2;230;159;45m▀[48;2;248;207;134m[38;2;246;203;128m▀[48;2;254;214;140m   [48;2;33;56;8m [48;2;123;138;108m  [48;2;63;78;4m[38;2;123;138;108m▀[48;2;123;138;108m [48;2;33;56;8m [48;2;254;214;140m   [38;2;33;56;8m▀[48;2;33;56;8m [48;2;248;239;224m [48;2;0;0;0m       [m
[48;2;84;64;14m [48;2;247;174;56m[38;2;252;182;67m▀[48;2;242;170;54m▀[48;2;230;159;45m [48;2;11;19;2m[38;2;3;6;0m▀[48;2;0;0;0m[38;2;80;67;5m▀[48;2;84;64;14m[38;2;230;159;45m▀[48;2;229;159;46m[38;2;245;175;63m▀[48;2;239;170;58m[38;2;230;159;45m▀[48;2;252;182;67m[38;2;229;159;46m▀[48;2;230;159;45m [48;2;87;63;12m[38;2;84;64;14m▀[48;2;246;203;128m[38;2;248;207;134m▀[48;2;254;214;140m   [48;2;58;80;6m[38;2;33;56;8m▀[48;2;33;56;8m[38;2;63;78;4m▀[48;2;123;138;108m  [48;2;33;56;8m[38;2;123;138;108m▀[48;2;58;80;6m[38;2;33;56;8m▀[48;2;254;214;140m   [38;2;58;80;6m▀[48;2;33;56;8m [48;2;123;138;108m [48;2;0;0;0m       [m
[48;2;230;159;45m[38;2;84;64;14m▀[48;2;249;176;58m[38;2;252;180;65m▀[48;2;252;182;67m [48;2;247;174;56m[38;2;242;170;54m▀[48;2;230;159;45m[38;2;88;62;10m▀[48;2;80;67;5m[38;2;1;2;0m▀[48;2;1;2;0m[38;2;0;1;0m▀[38;2;65;76;4m▀[48;2;0;1;0m[38;2;84;64;14m▀[48;2;85;63;7m[38;2;230;159;45m▀[48;2;230;159;45m  [48;2;229;159;46m[38;2;217;178;114m▀[48;2;254;214;140m   [38;2;58;80;6m▀[48;2;33;56;8m ▀▀ [48;2;254;214;140m▀   ▀[48;2;33;56;8m [48;2;123;138;108m [48;2;0;0;0m       [m
[48;2;88;62;10m[38;2;84;64;14m▀[48;2;250;178;60m[38;2;252;182;67m▀[48;2;252;182;67m  [48;2;229;159;46m[38;2;238;167;52m▀[48;2;242;170;54m[38;2;230;159;45m▀[48;2;252;182;67m▀▀[38;2;84;64;14m▀[48;2;242;170;54m[38;2;68;75;4m▀[48;2;230;159;45m  [48;2;117;120;100m [48;2;254;214;140m    [38;2;58;80;6m▀[38;2;33;56;8m▀[48;2;58;80;6m▀[48;2;254;214;140m     [38;2;58;80;6m▀[48;2;33;56;8m [48;2;248;239;224m [48;2;0;0;0m       [m
[48;2;15;27;3m [48;2;230;159;45m [48;2;242;170;54m[38;2;252;182;67m▀[48;2;252;182;67m [48;2;249;176;58m[38;2;238;167;52m▀[48;2;230;159;45m[38;2;250;178;60m▀[48;2;242;170;54m[38;2;252;182;67m▀[48;2;238;167;52m▀[48;2;230;159;45m[38;2;252;180;65m▀[48;2;88;62;10m[38;2;238;167;52m▀[48;2;48;64;7m[38;2;230;159;45m▀[48;2;58;80;6m[38;2;101;104;99m▀[48;2;254;214;140m[38;2;246;203;128m▀            [38;2;58;80;6m▀[48;2;33;56;8m [38;2;123;138;108m▀[48;2;248;239;224m[38;2;0;0;0m▀[48;2;0;0;0m      [m
[48;2;128;138;119m[38;2;70;67;51m▀[48;2;15;27;3m[38;2;88;62;10m▀[48;2;230;159;45m [48;2;238;167;52m [48;2;252;182;67m [48;2;238;167;52m[38;2;230;159;45m▀[48;2;230;159;45m [48;2;82;65;6m▀[48;2;0;0;0m[38;2;76;71;4m▀[48;2;94;94;94m[38;2;11;19;2m▀[48;2;254;214;140m[38;2;246;203;128m▀[38;2;58;80;6m▀▀▀▀           ▀[48;2;33;56;8m [38;2;123;138;108m▀[48;2;248;239;224m[38;2;0;0;0m▀[48;2;0;0;0m     [m
[48;2;0;0;0m [48;2;73;62;21m [48;2;230;159;45m [48;2;244;172;55m [48;2;252;182;67m  [48;2;250;178;60m[38;2;230;159;45m▀[48;2;230;159;45m [48;2;85;63;7m[38;2;11;19;2m▀[48;2;117;122;102m[38;2;117;120;100m▀[48;2;254;214;140m                 [38;2;58;80;6m▀[48;2;33;56;8m [38;2;123;138;108m▀[48;2;248;239;224m[38;2;0;0;0m▀[48;2;0;0;0m    [m
[48;2;0;0;0m [48;2;79;63;17m[38;2;68;64;37m▀[48;2;230;159;45m [48;2;242;170;54m[38;2;244;172;55m▀[48;2;252;182;67m   [48;2;230;159;45m [48;2;82;65;6m [48;2;117;120;100m [48;2;254;214;140m                  [38;2;58;80;6m▀[48;2;33;56;8m [48;2;123;138;108m[38;2;248;239;224m▀[48;2;0;0;0m    [m
[48;2;0;0;0m [38;2;173;173;173m▀[38;2;69;62;25m▀▀[38;2;69;62;28m▀▀▀[38;2;73;62;21m▀[38;2;51;66;7m▀[38;2;36;60;8m▀[38;2;33;56;8m▀▀▀▀▀▀▀▀▀▀▀▀▀▀▀▀▀▀▀▀[38;2;123;138;108m▀    [m
