[48;2;0;0;0m               [48;2;85;85;85m[38;2;0;0;0m▀[48;2;112;101;104m▀[48;2;85;85;85m▀[48;2;0;0;0m                 [m
[48;2;0;0;0m               [48;2;206;141;37m[38;2;186;130;41m▀[48;2;249;176;67m[38;2;244;174;61m▀[48;2;186;130;41m[38;2;159;121;57m▀[48;2;0;0;0m                 [m
[48;2;0;0;0m   [48;2;159;121;57m[38;2;77;83;68m▀[48;2;249;177;65m[38;2;154;121;62m▀[48;2;159;121;57m[38;2;79;83;73m▀[48;2;0;0;0m        [48;2;82;84;79m[38;2;118;127;111m▀[48;2;202;139;38m[38;2;198;137;39m▀[48;2;249;176;67m [48;2;177;125;42m[38;2;186;130;41m▀[48;2;231;231;231m[38;2;0;0;0m▀▀[48;2;123;128;105m▀[48;2;57;78;10m[38;2;231;231;231m▀[48;2;33;57;8m▀▀[48;2;123;128;105m▀[38;2;0;0;0m▀[48;2;231;231;231m▀[48;2;0;0;0m        [m
[48;2;0;0;0m   [48;2;70;82;40m[38;2;154;121;62m▀[48;2;242;171;58m[38;2;249;176;67m▀[48;2;245;175;61m[38;2;202;139;38m▀[48;2;69;82;50m[38;2;85;85;85m▀[48;2;0;0;0m     [48;2;79;83;73m[38;2;0;0;0m▀▀[48;2;89;82;21m[38;2;69;82;50m▀[48;2;249;177;65m[38;2;237;165;49m▀[38;2;249;176;67m▀[48;2;89;82;21m[38;2;248;157;99m▀[48;2;33;57;8m [48;2;57;78;10m[38;2;33;57;8m▀▀[48;2;251;110;181m▀▀▀▀[48;2;57;78;10m▀[48;2;33;57;8m [38;2;123;128;105m▀[48;2;231;231;231m[38;2;0;0;0m▀[48;2;0;0;0m      [m
[48;2;0;0;0m   [48;2;254;254;254m[38;2;79;83;73m▀[48;2;163;119;49m[38;2;198;137;39m▀[48;2;249;177;65m[38;2;249;176;67m▀[48;2;198;137;39m[38;2;159;121;57m▀[48;2;75;83;63m[38;2;0;0;0m▀[48;2;198;137;39m[38;2;146;123;73m▀[48;2;249;176;67m[38;2;172;123;45m▀[48;2;211;143;35m[38;2;150;122;67m▀[48;2;74;81;32m[38;2;68;82;46m▀[48;2;248;176;61m[38;2;216;146;34m▀[48;2;249;176;67m[38;2;240;169;54m▀[48;2;211;143;35m[38;2;163;119;49m▀[48;2;249;176;67m [48;2;240;169;54m[38;2;242;171;58m▀[48;2;248;135;136m[38;2;89;82;20m▀[48;2;251;110;181m [48;2;33;57;8m  [48;2;251;110;181m [48;2;33;57;8m[38;2;251;110;181m▀[38;2;57;78;10m▀▀[48;2;57;78;10m [48;2;33;57;8m▀ [38;2;123;128;105m▀[48;2;231;231;231m[38;2;0;0;0m▀[48;2;0;0;0m     [m
[48;2;0;0;0m    [48;2;68;82;46m[38;2;89;82;21m▀[48;2;216;146;34m[38;2;249;177;62m▀[48;2;249;176;67m[38;2;244;174;61m▀[48;2;89;82;21m[38;2;68;82;46m▀[48;2;25;38;10m[38;2;166;121;49m▀[48;2;242;171;58m[38;2;249;176;67m▀[48;2;249;176;67m[38;2;249;177;64m▀[48;2;186;130;41m[38;2;89;82;20m▀[48;2;242;171;58m[38;2;249;177;62m▀[48;2;249;176;67m [48;2;177;125;42m[38;2;202;139;38m▀[48;2;249;177;64m[38;2;249;176;67m▀[48;2;193;134;40m[38;2;232;158;39m▀[48;2;248;115;169m[38;2;248;129;146m▀[48;2;251;110;181m [38;2;33;57;8m▀▀ [48;2;33;57;8m [48;2;123;128;105m    [48;2;33;57;8m  [38;2;231;231;231m▀[48;2;231;231;231m[38;2;0;0;0m▀[48;2;0;0;0m    [m
[48;2;0;0;0m    [38;2;82;84;79m▀[48;2;89;82;21m[38;2;163;119;49m▀[48;2;249;177;65m[38;2;249;176;67m▀[48;2;249;176;67m[38;2;249;177;64m▀[48;2;216;146;34m[38;2;89;82;20m▀[48;2;3;4;1m[38;2;81;81;16m▀[48;2;81;81;16m[38;2;240;169;54m▀[48;2;198;137;39m[38;2;202;139;38m▀[48;2;249;177;64m[38;2;163;119;49m▀[48;2;193;134;40m [48;2;206;141;37m[38;2;89;82;21m▀[48;2;202;139;38m[38;2;249;177;62m▀[48;2;86;79;18m[38;2;89;82;21m▀[48;2;249;111;175m [48;2;251;110;181m    [48;2;33;57;8m [48;2;123;128;105m[38;2;73;90;11m▀   [48;2;33;57;8m [48;2;251;110;181m[38;2;57;78;10m▀[48;2;33;57;8m [38;2;231;231;231m▀[48;2;231;231;231m[38;2;0;0;0m▀[48;2;0;0;0m   [m
[48;2;0;0;0m    [48;2;95;95;95m[38;2;254;254;254m▀[48;2;172;123;45m[38;2;163;119;49m▀[48;2;249;177;64m[38;2;248;176;61m▀[48;2;249;176;67m[38;2;240;169;54m▀[48;2;240;169;54m[38;2;211;143;35m▀[48;2;89;82;20m[38;2;12;18;6m▀[48;2;2;2;0m[38;2;0;0;0m▀[48;2;1;1;0m[38;2;86;79;18m▀[48;2;27;43;11m[38;2;232;158;39m▀[48;2;163;119;49m[38;2;242;171;58m▀[48;2;224;149;29m[38;2;249;176;67m▀[38;2;231;157;37m▀[48;2;202;139;38m[38;2;86;79;18m▀[48;2;248;129;146m[38;2;249;111;175m▀[48;2;251;110;181m    [48;2;33;57;8m [48;2;57;78;10m[38;2;123;128;105m▀[48;2;123;128;105m  [48;2;67;86;10m▀[48;2;33;57;8m [48;2;251;110;181m [38;2;33;57;8m▀[48;2;33;57;8m [48;2;123;128;105m[38;2;231;231;231m▀[48;2;0;0;0m   [m
[48;2;0;0;0m    [48;2;79;83;73m[38;2;85;85;85m▀[48;2;86;79;18m[38;2;177;125;42m▀[48;2;249;177;65m[38;2;248;176;61m▀[48;2;249;176;67m ▀[48;2;240;169;54m[38;2;224;149;29m▀[48;2;186;130;41m[38;2;81;81;16m▀[48;2;211;143;35m[38;2;2;2;0m▀[48;2;219;146;29m▀[48;2;163;119;49m[38;2;1;1;0m▀[48;2;27;43;11m[38;2;86;79;18m▀[48;2;221;147;29m[38;2;224;149;29m▀[48;2;224;149;29m [48;2;154;121;62m[38;2;146;123;73m▀[48;2;251;110;181m     [48;2;33;57;8m [38;2;123;128;105m▀▀ [48;2;57;78;10m [48;2;251;110;181m [38;2;57;78;10m▀[48;2;33;57;8m [48;2;123;128;105m [48;2;0;0;0m   [m
[48;2;0;0;0m    [48;2;79;83;73m [48;2;17;25;8m[38;2;86;79;18m▀[48;2;233;160;42m[38;2;249;177;62m▀[48;2;249;176;67m  [48;2;237;165;49m[38;2;233;160;42m▀[48;2;249;177;62m[38;2;240;169;54m▀[48;2;249;176;67m  [48;2;249;177;64m[38;2;249;177;65m▀[48;2;235;162;45m[38;2;240;169;54m▀[48;2;219;146;29m[38;2;224;149;29m▀[48;2;163;119;49m[38;2;219;146;29m▀[48;2;249;111;175m[38;2;134;125;88m▀[48;2;251;110;181m     [38;2;33;57;8m▀[48;2;33;57;8m  [48;2;57;78;10m [48;2;251;110;181m  [38;2;57;78;10m▀[48;2;33;57;8m [48;2;231;231;231m [48;2;0;0;0m   [m
[48;2;0;0;0m   [48;2;231;231;231m[38;2;0;0;0m▀[48;2;123;128;105m[38;2;231;231;231m▀[48;2;33;56;8m[38;2;93;93;93m▀[48;2;86;79;18m[38;2;193;134;40m▀[48;2;219;146;29m[38;2;240;169;54m▀[48;2;235;162;45m[38;2;249;177;65m▀[48;2;249;176;67m[38;2;249;177;62m▀[48;2;227;153;33m [48;2;219;146;29m[38;2;240;169;54m▀[48;2;211;143;35m[38;2;235;162;45m▀[48;2;30;47;11m[38;2;224;149;29m▀[48;2;10;13;4m[38;2;163;119;49m▀[48;2;57;78;10m[38;2;70;82;40m▀[38;2;248;115;169m▀[38;2;251;110;181m▀▀[48;2;251;110;181m         [48;2;57;78;10m▀[48;2;33;57;8m [48;2;231;231;231m[38;2;33;57;8m▀[48;2;0;0;0m[38;2;231;231;231m▀   [m
[48;2;231;231;231m[38;2;0;0;0m▀▀[48;2;33;57;8m[38;2;231;231;231m▀  [48;2;251;110;181m[38;2;33;57;8m▀[48;2;83;81;24m[38;2;22;34;10m▀[48;2;224;149;29m[38;2;193;134;40m▀[48;2;242;171;58m[38;2;237;165;49m▀[48;2;249;176;67m ▀[48;2;233;160;42m[38;2;206;141;37m▀[48;2;202;139;38m[38;2;86;79;18m▀[48;2;12;18;6m[38;2;0;0;0m▀[48;2;111;98;103m[38;2;85;85;85m▀[48;2;251;110;181m[38;2;57;78;10m▀▀▀▀▀▀       [48;2;33;57;8m  [48;2;231;231;231m [48;2;0;0;0m    [m
[48;2;0;0;0m[38;2;231;231;231m▀[38;2;123;128;105m▀[38;2;33;57;8m▀▀▀▀[38;2;81;81;16m▀[38;2;224;149;29m▀[38;2;242;171;58m▀[38;2;249;176;67m▀▀[38;2;249;177;62m▀[38;2;224;149;29m▀[38;2;86;79;18m▀[38;2;27;43;11m▀[38;2;33;57;8m▀▀▀▀▀▀▀▀▀▀▀▀▀▀[38;2;123;128;105m▀     [m
