[48;2;0;0;0m                [48;2;182;133;54m[38;2;98;91;84m▀[48;2;246;174;58m[38;2;97;87;76m▀[48;2;173;133;62m[38;2;98;91;84m▀[48;2;0;0;0m                [m
[48;2;0;0;0m    [48;2;96;85;73m[38;2;0;0;0m▀[48;2;97;87;76m▀[48;2;94;83;72m▀[48;2;0;0;0m        [48;2;118;127;109m▀[48;2;182;133;54m[38;2;205;140;35m▀[48;2;253;180;66m [48;2;183;133;53m[38;2;182;133;54m▀[48;2;0;0;0m  [48;2;231;231;231m  [48;2;125;135;107m[38;2;231;231;231m▀[48;2;231;231;231m  [48;2;0;0;0m         [m
[48;2;0;0;0m    [48;2;173;133;62m [48;2;253;180;66m[38;2;251;179;64m▀[48;2;201;138;36m[38;2;173;133;62m▀[48;2;83;77;70m[38;2;0;0;0m▀[48;2;0;0;0m       [48;2;59;56;52m[38;2;86;79;71m▀[48;2;237;166;51m[38;2;201;138;36m▀[48;2;253;180;66m [48;2;185;130;42m[38;2;159;135;80m▀[48;2;35;57;7m[38;2;231;231;231m▀  [48;2;58;79;8m[38;2;35;57;7m▀[48;2;254;107;107m▀[48;2;58;79;8m▀[48;2;35;57;7m  [38;2;231;231;231m▀[48;2;125;135;107m▀[48;2;231;231;231m[38;2;0;0;0m▀[48;2;0;0;0m     [m
[48;2;0;0;0m    [48;2;79;74;68m[38;2;67;64;60m▀[48;2;183;133;51m[38;2;243;171;55m▀[48;2;253;180;66m[38;2;246;174;58m▀[48;2;173;133;62m[38;2;76;71;66m▀[48;2;0;0;0m [48;2;153;135;85m[38;2;0;0;0m▀[48;2;170;133;65m▀[48;2;97;87;76m▀[48;2;73;69;64m▀[48;2;226;155;42m[38;2;97;87;76m▀[48;2;240;168;53m[38;2;90;81;71m▀[48;2;185;130;42m[38;2;209;166;162m▀[48;2;253;180;66m [48;2;243;171;55m[38;2;253;180;66m▀[48;2;94;69;13m[38;2;96;68;13m▀[48;2;254;107;107m[38;2;58;79;8m▀[48;2;35;57;7m▀▀[48;2;254;107;107m  [48;2;58;79;8m[38;2;254;107;107m▀▀[48;2;35;57;7m▀[48;2;58;79;8m[38;2;35;57;7m▀[48;2;35;57;7m [48;2;58;79;8m[38;2;231;231;231m▀[48;2;231;231;231m[38;2;0;0;0m▀[48;2;0;0;0m    [m
[48;2;0;0;0m    [38;2;254;254;254m▀[48;2;96;68;13m[38;2;185;130;42m▀[48;2;250;178;62m[38;2;253;180;66m▀[48;2;243;171;55m[38;2;183;133;53m▀[48;2;56;55;43m[38;2;70;67;62m▀[48;2;185;130;42m[38;2;198;136;37m▀[48;2;253;180;66m [48;2;251;179;64m[38;2;222;152;40m▀[48;2;96;68;13m[38;2;55;54;31m▀[48;2;250;178;62m[38;2;248;176;59m▀[48;2;253;180;66m [48;2;201;138;36m[38;2;212;144;35m▀[48;2;253;180;66m [48;2;229;158;44m[38;2;240;168;53m▀[48;2;252;106;106m [48;2;254;107;107m [38;2;35;57;7m▀▀ [48;2;35;57;7m [48;2;58;79;8m▀[48;2;125;135;107m[38;2;58;79;8m▀▀[38;2;35;57;7m▀[48;2;35;57;7m  [48;2;58;79;8m[38;2;231;231;231m▀[48;2;231;231;231m[38;2;0;0;0m▀[48;2;0;0;0m   [m
[48;2;0;0;0m     [48;2;86;79;71m[38;2;56;55;43m▀[48;2;185;130;42m[38;2;219;149;37m▀[48;2;253;180;66m [48;2;251;179;64m[38;2;94;83;72m▀[48;2;96;68;13m[38;2;58;54;18m▀[48;2;84;60;12m[38;2;243;171;55m▀[48;2;240;168;53m[38;2;253;180;66m▀[48;2;203;139;35m[38;2;185;130;42m▀[48;2;185;130;42m[38;2;243;171;55m▀[48;2;190;132;39m[38;2;253;180;66m▀[48;2;96;68;13m[38;2;185;130;42m▀[48;2;250;178;62m[38;2;253;180;66m▀[48;2;96;68;13m[38;2;194;134;38m▀[48;2;252;106;106m [48;2;254;107;107m    [48;2;35;57;7m [48;2;58;79;8m[38;2;125;135;107m▀[48;2;125;135;107m   [48;2;35;57;7m [48;2;218;140;136m[38;2;58;79;8m▀[48;2;35;57;7m [38;2;125;135;107m▀[48;2;231;231;231m [48;2;0;0;0m  [m
[48;2;0;0;0m     [48;2;254;254;254m[38;2;0;0;0m▀[48;2;185;130;42m[38;2;96;68;13m▀[48;2;246;174;58m[38;2;253;180;66m▀[48;2;243;171;55m▀[48;2;209;142;35m[38;2;217;148;36m▀[48;2;12;21;3m[38;2;2;4;0m▀[48;2;0;0;0m[38;2;81;60;12m▀[48;2;96;68;13m[38;2;194;134;38m▀[48;2;229;158;44m[38;2;250;178;62m▀[48;2;243;171;55m[38;2;194;134;38m▀[48;2;253;180;66m[38;2;209;142;35m▀[48;2;229;158;44m[38;2;203;139;35m▀[48;2;96;68;13m [48;2;252;106;106m [48;2;254;107;107m    [48;2;35;57;7m [48;2;58;79;8m[38;2;125;135;107m▀[48;2;125;135;107m   [48;2;35;57;7m [48;2;58;79;8m[38;2;218;140;136m▀[48;2;254;107;107m[38;2;58;79;8m▀[48;2;35;57;7m  [48;2;0;0;0m  [m
[48;2;0;0;0m     [48;2;98;91;84m[38;2;99;95;91m▀[48;2;185;130;42m [48;2;248;176;59m[38;2;253;180;66m▀[48;2;253;180;66m [48;2;246;174;58m[38;2;243;171;55m▀[48;2;215;146;35m[38;2;96;68;13m▀[48;2;81;60;12m[38;2;1;2;0m▀[48;2;1;2;0m [38;2;67;56;13m▀[38;2;185;130;42m▀[48;2;96;68;13m[38;2;217;148;36m▀[48;2;215;146;35m [38;2;203;139;35m▀[48;2;183;132;50m[38;2;252;106;106m▀[48;2;254;107;107m    [38;2;58;79;8m▀[48;2;35;57;7m▀[48;2;58;79;8m[38;2;125;135;107m▀[48;2;125;135;107m [48;2;35;57;7m▀ [48;2;254;107;107m  [48;2;35;57;7m  [48;2;0;0;0m  [m
[48;2;0;0;0m     [48;2;79;74;68m [48;2;96;68;13m [48;2;248;176;59m[38;2;253;180;66m▀[48;2;253;180;66m  [48;2;229;158;44m[38;2;240;168;53m▀[48;2;240;168;53m[38;2;189;131;40m▀[48;2;253;180;66m[38;2;209;142;35m▀[38;2;212;144;35m▀[38;2;185;130;42m▀[48;2;240;168;53m[38;2;67;56;13m▀[48;2;217;148;36m[38;2;215;146;35m▀[48;2;212;144;35m▀[48;2;76;71;66m[38;2;185;130;42m▀[48;2;254;107;107m    [38;2;58;79;8m▀[38;2;35;57;7m▀[48;2;35;57;7m   [48;2;254;107;107m[38;2;58;79;8m▀  [48;2;35;57;7m  [48;2;0;0;0m  [m
[48;2;0;0;0m     [38;2;79;74;68m▀[48;2;99;94;88m[38;2;16;27;3m▀[48;2;194;134;38m[38;2;232;161;46m▀[48;2;240;168;53m[38;2;253;180;66m▀[48;2;253;180;66m [48;2;248;176;59m[38;2;240;168;53m▀[48;2;226;155;42m[38;2;250;178;62m▀[48;2;240;168;53m[38;2;253;180;66m▀[48;2;237;166;51m▀[48;2;217;148;36m▀[48;2;185;130;42m[38;2;232;161;46m▀[48;2;81;60;12m[38;2;215;146;35m▀[48;2;252;106;106m[38;2;92;82;71m▀[48;2;254;107;107m[38;2;252;106;106m▀      [38;2;35;57;7m▀▀   [48;2;35;57;7m[38;2;58;79;8m▀ [48;2;231;231;231m[38;2;35;57;7m▀[48;2;0;0;0m  [m
[48;2;0;0;0m    [48;2;231;231;231m[38;2;0;0;0m▀[48;2;125;135;107m[38;2;231;231;231m▀[48;2;35;57;7m[38;2;58;79;8m▀[48;2;20;35;4m[38;2;96;67;13m▀[48;2;194;134;38m[38;2;215;146;35m▀[48;2;237;166;51m [48;2;253;180;66m [48;2;237;166;51m[38;2;226;155;42m▀[48;2;205;140;35m[38;2;215;146;35m▀[48;2;96;67;13m[38;2;212;144;35m▀[48;2;0;0;0m[38;2;73;58;11m▀[48;2;62;59;54m[38;2;8;15;2m▀[48;2;254;107;107m[38;2;58;79;8m▀▀[48;2;58;79;8m  [38;2;254;107;107m▀▀[48;2;254;107;107m        [48;2;35;57;7m [48;2;125;135;107m [48;2;0;0;0m[38;2;231;231;231m▀  [m
[48;2;0;0;0m [48;2;231;231;231m[38;2;0;0;0m▀▀[48;2;35;57;7m[38;2;231;231;231m▀[38;2;58;79;8m▀[48;2;58;79;8m[38;2;35;57;7m▀[48;2;254;107;107m [48;2;84;60;12m [48;2;215;146;35m [48;2;243;171;55m [48;2;253;180;66m  [48;2;250;178;62m[38;2;232;161;46m▀[48;2;215;146;35m[38;2;203;139;35m▀[48;2;96;67;13m[38;2;12;21;3m▀[48;2;92;82;71m [48;2;254;107;107m             [38;2;58;79;8m▀[48;2;35;57;7m [48;2;125;135;107m[38;2;231;231;231m▀[48;2;231;231;231m[38;2;0;0;0m▀[48;2;0;0;0m  [m
[48;2;0;0;0m [38;2;231;231;231m▀[38;2;58;79;8m▀[38;2;35;57;7m▀▀▀▀[38;2;67;56;13m▀[38;2;215;146;35m▀[38;2;243;171;55m▀[38;2;253;180;66m▀▀▀[38;2;215;146;35m▀[38;2;96;68;13m▀[38;2;25;43;5m▀[38;2;35;57;7m▀▀▀▀▀▀▀▀▀▀▀▀▀▀▀[38;2;125;135;107m▀[38;2;231;231;231m▀  [m
