[48;2;0;0;0m                                   [m
[48;2;0;0;0m    [48;2;195;140;67m[38;2;122;102;83m▀[48;2;230;161;48m[38;2;127;103;76m▀[48;2;164;117;42m[38;2;85;85;85m▀[48;2;0;0;0m [48;2;231;231;231m[38;2;0;0;0m▀▀▀▀▀▀▀[48;2;0;0;0m                    [m
[48;2;0;0;0m   [48;2;142;143;125m[38;2;0;0;0m▀[48;2;201;144;62m[38;2;207;147;58m▀[48;2;230;161;48m [48;2;195;140;67m[38;2;189;136;72m▀[48;2;33;57;7m[38;2;231;231;231m▀▀[38;2;143;135;111m▀ [38;2;52;84;8m▀ [38;2;143;135;111m▀▀[38;2;231;231;231m▀▀[48;2;231;231;231m[38;2;0;0;0m▀[48;2;0;0;0m                 [m
[48;2;0;0;0m   [48;2;54;57;50m[38;2;81;81;81m▀[48;2;230;161;48m[38;2;201;144;62m▀ [48;2;136;108;64m[38;2;149;111;49m▀[48;2;214;140;254m[38;2;33;57;7m▀[38;2;52;84;8m▀[48;2;52;84;8m[38;2;214;140;254m▀[48;2;214;140;254m    [38;2;52;84;8m▀▀[38;2;33;57;7m▀[48;2;33;57;7m [38;2;231;231;231m▀[48;2;231;231;231m[38;2;0;0;0m▀[48;2;0;0;0m               [m
[48;2;69;69;69m[38;2;0;0;0m▀[48;2;216;152;53m[38;2;87;87;87m▀[48;2;230;161;48m[38;2;82;82;82m▀[48;2;149;111;49m[38;2;167;168;166m▀[48;2;230;161;48m  [48;2;151;157;145m[38;2;169;127;86m▀[48;2;214;140;254m [38;2;52;84;8m▀[48;2;33;57;7m ▀[38;2;214;140;254m▀ [48;2;143;135;111m[38;2;33;57;7m▀▀[48;2;52;84;8m▀[48;2;33;57;7m[38;2;52;84;8m▀  [48;2;52;84;8m[38;2;231;231;231m▀[48;2;0;0;0m               [m
[48;2;41;68;8m[38;2;43;53;32m▀[48;2;230;161;48m  [48;2;201;139;38m[38;2;210;145;39m▀[48;2;230;161;48m [48;2;229;158;44m[38;2;230;161;48m▀[48;2;188;171;195m[38;2;178;178;178m▀[48;2;214;140;254m  [38;2;52;84;8m▀ [48;2;33;57;7m [48;2;52;84;8m[38;2;143;135;111m▀[48;2;143;135;111m   [48;2;33;57;7m [48;2;214;140;254m[38;2;52;84;8m▀[38;2;33;57;7m▀[48;2;52;84;8m▀[48;2;33;57;7m[38;2;231;231;231m▀[48;2;143;135;111m[38;2;0;0;0m▀[48;2;0;0;0m             [m
[48;2;201;139;38m[38;2;187;130;39m▀[48;2;155;112;45m[38;2;230;161;48m▀[48;2;191;133;40m▀[48;2;133;106;68m[38;2;178;124;39m▀[48;2;230;161;48m [48;2;145;110;53m[38;2;187;130;39m▀[48;2;211;147;247m[38;2;204;161;227m▀[48;2;214;140;254m    [48;2;33;57;7m [48;2;143;135;111m    [48;2;33;57;7m [48;2;214;140;254m   [38;2;33;57;7m▀[48;2;33;57;7m [48;2;143;135;111m[38;2;231;231;231m▀[48;2;0;0;0m            [m
[48;2;43;70;8m[38;2;196;136;40m▀[48;2;225;158;50m[38;2;230;161;48m▀[48;2;230;161;48m[38;2;196;136;40m▀[38;2;207;147;58m▀[48;2;229;158;44m[38;2;205;141;38m▀[48;2;48;78;8m[38;2;48;77;8m▀[48;2;208;154;238m[38;2;210;149;245m▀[48;2;214;140;254m    [38;2;33;57;7m▀[48;2;33;57;7m[38;2;52;84;8m▀[48;2;143;135;111m  [48;2;52;84;8m[38;2;143;135;111m▀[38;2;33;57;7m▀[48;2;214;140;254m    [48;2;52;84;8m▀[48;2;33;57;7m [48;2;231;231;231m [48;2;0;0;0m           [m
[48;2;3;6;0m[38;2;0;1;0m▀[38;2;26;45;6m▀[48;2;0;1;0m[38;2;155;112;45m▀[48;2;48;77;8m[38;2;223;154;42m▀[48;2;223;154;42m [38;2;201;139;38m▀[48;2;161;125;91m[38;2;191;167;202m▀[48;2;214;140;254m    [38;2;52;84;8m▀[48;2;33;57;7m ▀[38;2;143;135;111m▀ [48;2;52;84;8m [48;2;214;140;254m    [38;2;52;84;8m▀[48;2;33;57;7m [48;2;143;135;111m [48;2;0;0;0m           [m
[48;2;230;161;48m[38;2;205;141;38m▀[38;2;210;145;39m▀[38;2;164;117;42m▀[38;2;26;45;6m▀[48;2;223;154;42m [48;2;205;141;38m[38;2;223;154;42m▀[48;2;110;101;96m[38;2;127;103;76m▀[48;2;214;140;254m     [38;2;52;84;8m▀[48;2;52;84;8m[38;2;33;57;7m▀▀[48;2;214;140;254m[38;2;52;84;8m▀      [48;2;33;57;7m [38;2;143;135;111m▀[48;2;231;231;231m[38;2;0;0;0m▀[48;2;0;0;0m          [m
[48;2;230;161;48m  [48;2;223;154;42m[38;2;230;161;48m▀[48;2;164;117;42m▀[48;2;35;54;15m[38;2;205;141;38m▀[48;2;52;84;8m[38;2;133;106;68m▀[38;2;209;151;242m▀[38;2;214;140;254m▀▀▀[48;2;214;140;254m            [38;2;52;84;8m▀[38;2;33;57;7m▀[48;2;33;57;7m [38;2;231;231;231m▀[48;2;231;231;231m[38;2;0;0;0m▀[48;2;0;0;0m        [m
[48;2;205;141;38m [48;2;39;65;8m[38;2;205;141;38m▀[48;2;0;0;0m[38;2;28;49;6m▀[48;2;35;54;15m[38;2;13;23;3m▀[48;2;214;140;254m[38;2;52;84;8m▀▀▀[48;2;52;84;8m [48;2;214;140;254m▀[48;2;52;84;8m   [38;2;214;140;254m▀▀[48;2;214;140;254m          [38;2;52;84;8m▀[48;2;52;84;8m[38;2;33;57;7m▀[48;2;33;57;7m [48;2;143;135;111m[38;2;231;231;231m▀[48;2;231;231;231m[38;2;0;0;0m▀[48;2;0;0;0m      [m
[48;2;0;0;0m[38;2;230;161;48m▀[38;2;201;139;38m▀[38;2;13;23;3m▀[38;2;23;41;5m▀[38;2;33;57;7m▀▀▀▀▀▀▀▀▀▀▀▀▀▀▀▀▀▀▀▀▀▀▀▀[38;2;231;231;231m▀      [m
