[48;2;0;0;0m  [48;2;181;135;54m[38;2;118;96;62m▀[48;2;208;140;30m[38;2;128;101;57m▀[48;2;164;135;67m[38;2;79;79;79m▀[48;2;0;0;0m                              [m
[48;2;0;0;0m [48;2;128;140;116m[38;2;0;0;0m▀[48;2;196;136;38m[38;2;204;139;34m▀[48;2;208;140;30m [48;2;185;135;49m[38;2;181;135;54m▀[48;2;0;0;0m [48;2;231;231;231m[38;2;0;0;0m▀[48;2;56;82;7m[38;2;231;231;231m▀[48;2;33;57;7m▀▀[38;2;123;139;107m▀[38;2;231;231;231m▀▀[48;2;123;139;107m▀[48;2;231;231;231m[38;2;0;0;0m▀[48;2;0;0;0m                    [m
[48;2;0;0;0m [48;2;54;58;50m[38;2;79;79;79m▀[48;2;208;140;30m[38;2;202;138;35m▀ [48;2;154;112;44m[38;2;181;135;54m▀[48;2;33;57;7m[38;2;123;139;107m▀ [48;2;140;181;254m[38;2;33;57;7m▀[38;2;56;82;7m▀▀▀▀[38;2;33;57;7m▀▀[48;2;33;57;7m [38;2;123;139;107m▀[48;2;231;231;231m[38;2;0;0;0m▀[48;2;0;0;0m                  [m
[48;2;208;140;30m[38;2;93;85;73m▀[48;2;147;109;48m[38;2;76;70;62m▀[48;2;208;140;30m  [48;2;66;73;7m[38;2;106;91;67m▀[48;2;140;181;254m [48;2;33;57;7m[38;2;140;181;254m▀[48;2;56;82;7m▀[48;2;140;181;254m [48;2;33;57;7m▀▀▀▀▀[48;2;56;82;7m▀[48;2;33;57;7m  [38;2;231;231;231m▀[48;2;231;231;231m[38;2;0;0;0m▀[48;2;0;0;0m                [m
[48;2;208;140;30m [48;2;202;138;35m[38;2;208;140;30m▀[48;2;208;140;30m  [48;2;152;168;197m[38;2;153;161;174m▀[48;2;140;181;254m[38;2;56;82;7m▀[48;2;33;57;7m [48;2;56;82;7m [48;2;140;181;254m [48;2;33;57;7m [48;2;123;139;107m   ▀[48;2;33;57;7m  [48;2;56;82;7m[38;2;33;57;7m▀[48;2;33;57;7m [38;2;123;139;107m▀[48;2;231;231;231m[38;2;0;0;0m▀[48;2;0;0;0m               [m
[48;2;191;134;41m[38;2;208;140;30m▀[48;2;128;101;57m[38;2;178;122;33m▀[48;2;208;140;30m [48;2;138;105;52m[38;2;193;129;25m▀[48;2;143;179;244m[38;2;147;176;229m▀[48;2;140;181;254m   [38;2;56;82;7m▀[48;2;33;57;7m [48;2;123;139;107m   ▀[48;2;33;57;7m [48;2;140;181;254m  ▀[48;2;56;82;7m[38;2;33;57;7m▀[48;2;33;57;7m[38;2;123;139;107m▀[48;2;231;231;231m[38;2;0;0;0m▀[48;2;0;0;0m              [m
[48;2;208;140;30m[38;2;190;134;42m▀ [38;2;204;139;34m▀[48;2;62;78;7m[38;2;64;76;7m▀[48;2;145;177;236m[38;2;143;179;244m▀[48;2;140;181;254m    [48;2;33;57;7m [48;2;123;139;107m   [48;2;56;82;7m[38;2;60;80;7m▀[38;2;33;57;7m▀[48;2;140;181;254m    [48;2;33;57;7m [48;2;56;82;7m[38;2;123;139;107m▀[48;2;231;231;231m[38;2;0;0;0m▀[48;2;0;0;0m             [m
[48;2;0;0;0m[38;2;154;112;44m▀[48;2;64;76;7m[38;2;208;140;30m▀[48;2;208;140;30m [38;2;199;132;24m▀[48;2;141;137;90m[38;2;152;170;202m▀[48;2;140;181;254m    [48;2;56;82;7m[38;2;33;57;7m▀[48;2;33;57;7m[38;2;56;82;7m▀[48;2;56;82;7m[38;2;123;139;107m▀[48;2;33;57;7m▀ [48;2;140;181;254m     [48;2;33;57;7m [48;2;123;139;107m [48;2;0;0;0m[38;2;231;231;231m▀             [m
[48;2;208;140;30m[38;2;161;115;41m▀[38;2;67;68;7m▀ [48;2;205;136;26m[38;2;208;140;30m▀[48;2;93;85;73m[38;2;128;101;57m▀[48;2;140;181;254m    [38;2;56;82;7m▀[48;2;56;82;7m[38;2;33;57;7m▀[48;2;33;57;7m  [48;2;140;181;254m[38;2;56;82;7m▀     [48;2;56;82;7m[38;2;33;57;7m▀[48;2;33;57;7m[38;2;123;139;107m▀[48;2;123;139;107m[38;2;231;231;231m▀[48;2;0;0;0m             [m
[48;2;208;140;30m [48;2;168;118;38m[38;2;208;140;30m▀[48;2;43;56;19m▀[48;2;56;82;7m[38;2;118;96;62m▀[48;2;140;181;254m[38;2;144;178;241m▀      [38;2;56;82;7m▀        [38;2;33;57;7m▀[48;2;56;82;7m▀[48;2;33;57;7m[38;2;123;139;107m▀[38;2;231;231;231m▀[38;2;0;0;0m▀[48;2;231;231;231m▀[48;2;0;0;0m         [m
[48;2;0;0;0m[38;2;69;69;7m▀[48;2;23;41;5m[38;2;10;18;2m▀[48;2;33;57;7m [48;2;56;82;7m  [38;2;140;181;254m▀▀▀▀[48;2;140;181;254m             [38;2;56;82;7m▀▀[48;2;56;82;7m[38;2;33;57;7m▀[48;2;33;57;7m [38;2;123;139;107m▀[48;2;56;82;7m[38;2;231;231;231m▀[48;2;231;231;231m[38;2;0;0;0m▀[48;2;0;0;0m      [m
[48;2;69;69;7m[38;2;10;18;2m▀[48;2;27;47;6m[38;2;23;41;5m▀[48;2;33;57;7m [48;2;140;181;254m [38;2;56;82;7m▀▀▀▀▀[48;2;56;82;7m [38;2;140;181;254m▀[48;2;140;181;254m               [38;2;33;57;7m▀[48;2;56;82;7m▀[48;2;33;57;7m [38;2;231;231;231m▀[48;2;231;231;231m[38;2;0;0;0m▀[48;2;0;0;0m    [m
[48;2;0;0;0m[38;2;69;70;7m▀[38;2;23;41;5m▀[38;2;33;57;7m▀▀▀▀▀▀▀▀▀▀▀▀▀▀▀▀▀▀▀▀▀▀▀▀▀▀▀▀[38;2;123;139;107m▀    [m
