[48;2;0;0;0m                  [48;2;238;230;216m[38;2;0;0;0m▀▀▀[48;2;155;132;89m▀[48;2;238;230;216m▀▀[48;2;155;132;89m▀[48;2;238;230;216m▀▀[48;2;0;0;0m        [m
[48;2;0;0;0m                [48;2;238;230;216m[38;2;0;0;0m▀[48;2;155;132;89m[38;2;238;230;216m▀[48;2;61;47;21m▀[38;2;155;132;89m▀   ▀[38;2;95;75;39m▀[38;2;155;132;89m▀[38;2;238;230;216m▀[48;2;155;132;89m[38;2;0;0;0m▀[48;2;0;0;0m       [m
[48;2;0;0;0m              [48;2;238;230;216m[38;2;0;0;0m▀[48;2;61;47;21m[38;2;238;230;216m▀ [48;2;95;75;39m[38;2;61;47;21m▀[48;2;61;47;21m[38;2;95;75;39m▀[48;2;95;75;39m[38;2;183;162;123m▀[48;2;183;162;123m [48;2;95;75;39m▀[48;2;61;47;21m▀▀▀[38;2;95;75;39m▀[48;2;95;75;39m[38;2;61;47;21m▀[48;2;61;47;21m [48;2;155;132;89m[38;2;238;230;216m▀[48;2;0;0;0m      [m
[48;2;0;0;0m             [48;2;155;132;89m[38;2;238;230;216m▀[48;2;61;47;21m [48;2;95;75;39m[38;2;61;47;21m▀[48;2;183;162;123m[38;2;95;75;39m▀▀[48;2;61;47;21m ▀[48;2;183;162;123m [48;2;61;47;21m [48;2;155;132;89m▀  [38;2;61;47;21m▀[48;2;61;47;21m   [48;2;155;132;89m[38;2;238;230;216m▀[48;2;0;0;0m     [m
[48;2;0;0;0m            [48;2;95;75;39m[38;2;238;230;216m▀[48;2;61;47;21m [48;2;95;75;39m[38;2;61;47;21m▀[48;2;183;162;123m      [48;2;61;47;21m [48;2;155;132;89m   [38;2;122;100;59m▀[48;2;61;47;21m [48;2;183;162;123m [38;2;61;47;21m▀[48;2;61;47;21m [48;2;155;132;89m[38;2;238;230;216m▀[48;2;0;0;0m    [m
[48;2;0;0;0m           [48;2;238;230;216m [48;2;61;47;21m  [48;2;183;162;123m       [48;2;61;47;21m [48;2;155;132;89m   [48;2;95;75;39m[38;2;155;132;89m▀[48;2;61;47;21m [48;2;183;162;123m  [48;2;95;75;39m[38;2;61;47;21m▀[48;2;61;47;21m [48;2;238;230;216m [48;2;0;0;0m   [m
[48;2;0;0;0m          [48;2;238;230;216m [48;2;61;47;21m  [48;2;183;162;123m        [48;2;95;75;39m [48;2;61;47;21m[38;2;95;75;39m▀[48;2;155;132;89m [48;2;95;75;39m[38;2;155;132;89m▀[48;2;61;47;21m [48;2;95;75;39m[38;2;183;162;123m▀[48;2;183;162;123m  [38;2;95;75;39m▀[48;2;61;47;21m [48;2;155;132;89m [48;2;0;0;0m   [m
[48;2;0;0;0m         [48;2;238;230;216m[38;2;0;0;0m▀[48;2;61;47;21m  [48;2;95;75;39m [38;2;183;162;123m▀[48;2;183;162;123m       [38;2;95;75;39m▀[48;2;95;75;39m[38;2;61;47;21m▀[48;2;61;47;21m  [48;2;95;75;39m▀[48;2;183;162;123m   [48;2;95;75;39m [48;2;61;47;21m [48;2;238;230;216m[38;2;155;132;89m▀[48;2;0;0;0m   [m
[48;2;0;0;0m       [48;2;238;230;216m[38;2;0;0;0m▀[48;2;61;47;21m[38;2;238;230;216m▀ [48;2;95;75;39m[38;2;61;47;21m▀[48;2;183;162;123m  [48;2;95;75;39m [48;2;183;162;123m         [38;2;95;75;39m▀▀    [48;2;61;47;21m [48;2;155;132;89m[38;2;61;47;21m▀[48;2;0;0;0m[38;2;238;230;216m▀   [m
[48;2;0;0;0m    [48;2;238;230;216m[38;2;0;0;0m▀[48;2;155;132;89m[38;2;238;230;216m▀[48;2;61;47;21m▀ [48;2;95;75;39m[38;2;61;47;21m▀[48;2;183;162;123m    [38;2;95;75;39m▀▀[48;2;95;75;39m  [38;2;183;162;123m▀▀[48;2;183;162;123m         [38;2;95;75;39m▀[48;2;61;47;21m [48;2;238;230;216m [48;2;0;0;0m    [m
[48;2;0;0;0m   [48;2;238;230;216m[38;2;0;0;0m▀[48;2;61;47;21m[38;2;155;132;89m▀ [48;2;95;75;39m [48;2;183;162;123m                     [38;2;95;75;39m▀[48;2;61;47;21m [48;2;238;230;216m [48;2;0;0;0m    [m
[48;2;0;0;0m [48;2;238;230;216m[38;2;0;0;0m▀[48;2;155;132;89m[38;2;238;230;216m▀[48;2;61;47;21m [48;2;95;75;39m[38;2;61;47;21m▀[48;2;183;162;123m                       [38;2;95;75;39m▀[48;2;61;47;21m [38;2;155;132;89m▀[48;2;0;0;0m    [m
[48;2;0;0;0m [38;2;238;230;216m▀[38;2;155;132;89m▀[38;2;61;47;21m▀▀▀▀▀▀▀▀▀▀▀▀▀▀▀▀▀▀▀▀▀▀▀▀▀▀▀▀    [m
