[48;2;0;0;0m           [48;2;1;24;89m[38;2;0;0;0m▀[48;2;231;231;231m[38;2;1;24;89m▀▀[48;2;1;24;89m[38;2;0;0;0m▀[48;2;231;231;231m[38;2;1;24;89m▀▀ [38;2;255;255;255m▀[48;2;255;255;255m    [38;2;1;24;89m▀▀[48;2;1;24;89m[38;2;0;0;0m▀[48;2;255;255;255m[38;2;1;24;89m▀[48;2;1;24;89m [48;2;0;0;0m  [m
[48;2;0;0;0m           [38;2;1;24;89m▀[48;2;1;24;89m [48;2;231;231;231m ▀▀[48;2;255;255;255m▀▀▀▀▀▀▀▀▀ [48;2;1;24;89m[38;2;255;255;255m▀ [48;2;0;0;0m  [m
[48;2;168;4;4m[38;2;0;0;0m▀[48;2;202;6;6m▀▀[48;2;0;0;0m         [38;2;1;24;89m▀[48;2;1;24;89m  [38;2;231;231;231m▀▀▀▀▀▀▀▀▀▀[38;2;255;255;255m▀[48;2;231;231;231m[38;2;1;24;89m▀[48;2;0;0;0m   [m
[48;2;255;0;0m  [48;2;202;6;6m [48;2;0;0;0m        [48;2;231;231;231m [48;2;48;48;48m[38;2;134;134;134m▀ [48;2;138;138;138m[38;2;48;48;48m▀ [48;2;77;77;77m[38;2;138;138;138m▀[48;2;48;48;48m▀[48;2;138;138;138m       [48;2;77;77;77m[38;2;48;48;48m▀[48;2;48;48;48m [48;2;134;134;134m[38;2;231;231;231m▀[48;2;0;0;0m  [m
[48;2;168;4;4m[38;2;255;0;0m▀[48;2;202;6;6m▀ [48;2;0;0;0m      [48;2;231;231;231m[38;2;0;0;0m▀[48;2;134;134;134m[38;2;231;231;231m▀[48;2;48;48;48m [48;2;138;138;138m[38;2;48;48;48m▀   [48;2;77;77;77m▀[48;2;48;48;48m [48;2;138;138;138m [48;2;48;48;48m[38;2;138;138;138m▀ [48;2;138;138;138m[38;2;48;48;48m▀▀▀[48;2;48;48;48m   [38;2;134;134;134m▀[48;2;231;231;231m[38;2;0;0;0m▀[48;2;0;0;0m [m
[48;2;0;0;0m [48;2;110;65;7m  [48;2;0;0;0m     [48;2;231;231;231m[38;2;0;0;0m▀[48;2;134;134;134m[38;2;231;231;231m▀[48;2;48;48;48m [48;2;77;77;77m [48;2;138;138;138m       [48;2;48;48;48m[38;2;77;77;77m▀[48;2;77;77;77m [48;2;138;138;138m   [48;2;77;77;77m[38;2;48;48;48m▀ [48;2;138;138;138m[38;2;77;77;77m▀[48;2;48;48;48m [38;2;134;134;134m▀[48;2;231;231;231m [m
[48;2;0;0;0m [48;2;110;65;7m  [48;2;0;0;0m     [48;2;231;231;231m [48;2;48;48;48m [48;2;77;77;77m [48;2;138;138;138m        [48;2;48;48;48m[38;2;77;77;77m▀[48;2;77;77;77m [48;2;138;138;138m   [48;2;77;77;77m[38;2;48;48;48m▀ [48;2;138;138;138m [38;2;77;77;77m▀[48;2;48;48;48m [48;2;134;134;134m[38;2;231;231;231m▀[m
[48;2;0;0;0m [38;2;110;65;7m▀▀    [38;2;231;231;231m▀▀[38;2;48;48;48m▀[48;2;77;77;77m[38;2;138;138;138m▀[48;2;138;138;138m        [38;2;77;77;77m▀[48;2;48;48;48m▀[48;2;138;138;138m  [48;2;77;77;77m[38;2;138;138;138m▀[48;2;48;48;48m [48;2;138;138;138m[38;2;77;77;77m▀  [48;2;77;77;77m[38;2;48;48;48m▀[48;2;48;48;48m [m
[48;2;195;110;0m [48;2;110;65;7m[38;2;195;110;0m▀▀▀▀▀▀[48;2;195;110;0m [48;2;0;0;0m [48;2;48;48;48m [38;2;77;77;77m▀[48;2;77;77;77m[38;2;138;138;138m▀[48;2;138;138;138m        [48;2;77;77;77m[38;2;48;48;48m▀[48;2;48;48;48m [38;2;77;77;77m▀ [48;2;77;77;77m[38;2;48;48;48m▀[48;2;138;138;138m   [48;2;77;77;77m▀[48;2;48;48;48m [m
[48;2;195;110;0m [48;2;110;65;7m [38;2;97;207;203m▀  ▀ [48;2;195;110;0m [38;2;0;0;0m▀[48;2;0;0;0m [38;2;138;138;138m▀[48;2;77;77;77m  ▀▀[48;2;138;138;138m      [38;2;48;48;48m▀▀[38;2;77;77;77m▀[48;2;0;0;0m[38;2;138;138;138m▀[48;2;195;110;0m[38;2;0;0;0m▀▀▀▀▀[m
[48;2;0;0;0m[38;2;195;110;0m▀▀▀▀▀▀▀▀▀▀  [38;2;77;77;77m▀▀▀▀▀[38;2;138;138;138m▀▀▀▀▀▀ [38;2;195;110;0m▀▀▀▀▀▀[m
[48;2;160;90;0m  [38;2;195;110;0m▀[48;2;195;110;0m                           [m
[48;2;0;0;0m                              [m
