[48;2;0;0;0m                              [m
[48;2;1;24;89m [48;2;0;0;0m                             [m
[48;2;1;24;89m [48;2;0;0;0m                             [m
[48;2;231;231;231m[38;2;0;0;0m▀[48;2;0;0;0m                             [m
[48;2;48;48;48m[38;2;231;231;231m▀[48;2;231;231;231m[38;2;0;0;0m▀[48;2;0;0;0m                            [m
[48;2;48;48;48m [48;2;134;134;134m [48;2;231;231;231m[38;2;0;0;0m▀[48;2;0;0;0m                           [m
[48;2;77;77;77m[38;2;48;48;48m▀[48;2;48;48;48m [48;2;134;134;134m[38;2;231;231;231m▀[48;2;231;231;231m[38;2;0;0;0m▀[48;2;0;0;0m                          [m
[48;2;138;138;138m [48;2;77;77;77m[38;2;48;48;48m▀[48;2;48;48;48m [48;2;231;231;231m [48;2;0;0;0m                          [m
[48;2;138;138;138m  [48;2;48;48;48m [38;2;134;134;134m▀[48;2;231;231;231m [48;2;0;0;0m                     [48;2;248;251;254m[38;2;0;0;0m▀[48;2;234;243;252m▀[48;2;229;240;252m▀[48;2;242;248;253m▀[m
[48;2;138;138;138m  [48;2;48;48;48m[38;2;77;77;77m▀ [48;2;0;0;0m[38;2;231;231;231m▀[48;2;195;110;0m[38;2;0;0;0m▀          [48;2;160;90;0m[38;2;195;110;0m▀▀[48;2;0;0;0m[38;2;160;90;0m▀    [48;2;52;139;228m[38;2;0;0;0m▀[38;2;242;248;253m▀[38;2;142;190;240m▀[38;2;111;173;236m▀ [38;2;55;141;228m▀ [m
[48;2;195;110;0m[38;2;0;0;0m▀▀▀▀▀▀▀▀▀▀▀▀▀▀▀[48;2;160;90;0m▀▀[48;2;132;184;239m▀[48;2;101;167;235m▀[48;2;52;139;228m[38;2;253;254;255m▀[38;2;206;227;249m▀   [48;2;73;151;231m[38;2;52;139;228m▀[38;2;61;144;229m▀[48;2;53;139;228m▀[48;2;55;141;228m[38;2;57;142;229m▀[48;2;53;139;228m[38;2;58;142;229m▀[48;2;52;139;228m[38;2;53;139;228m▀[m
[48;2;0;0;0m[38;2;195;110;0m▀▀▀▀▀▀▀▀▀▀▀[38;2;160;90;0m▀▀▀[48;2;52;139;228m[38;2;110;65;7m▀▀[38;2;90;161;233m▀     [38;2;58;142;229m▀[48;2;55;141;228m[38;2;63;145;229m▀[48;2;53;139;228m[38;2;61;144;229m▀[48;2;61;144;229m[38;2;57;142;229m▀[48;2;57;142;229m[38;2;61;144;229m▀[48;2;53;139;228m[38;2;55;141;228m▀[48;2;52;139;228m[38;2;53;139;228m▀[48;2;53;139;228m [m
[48;2;0;0;0m             [38;2;52;139;228m▀▀▀▀▀[38;2;59;143;229m▀[38;2;58;142;229m▀[38;2;52;139;228m▀▀[38;2;58;142;229m▀▀▀[38;2;53;139;228m▀▀[38;2;58;142;229m▀[38;2;53;139;228m▀[38;2;52;139;228m▀[m
