[48;2;0;0;0m                              [m
[48;2;0;0;0m                      [48;2;114;8;8m[38;2;0;0;0m▀ [48;2;255;0;0m[38;2;114;8;8m▀[38;2;168;4;4m▀[38;2;202;6;6m▀[48;2;202;6;6m [48;2;0;0;0m  [m
[48;2;0;0;0m                     [38;2;114;8;8m▀[48;2;114;8;8m [38;2;255;0;0m▀[48;2;255;0;0m   [48;2;202;6;6m [48;2;0;0;0m  [m
[48;2;0;0;0m                       [38;2;114;8;8m▀▀[38;2;168;4;4m▀[48;2;110;65;7m[38;2;202;6;6m▀▀[48;2;0;0;0m  [m
[48;2;231;231;231m [48;2;0;0;0m                         [48;2;110;65;7m  [48;2;0;0;0m  [m
[48;2;48;48;48m[38;2;134;134;134m▀[48;2;231;231;231m [48;2;0;0;0m                        [48;2;110;65;7m  [48;2;0;0;0m  [m
[48;2;48;48;48m [48;2;231;231;231m [48;2;0;0;0m                       [48;2;195;110;0m[38;2;0;0;0m▀▀▀▀▀[m
[48;2;134;134;134m[38;2;48;48;48m▀[48;2;231;231;231m [48;2;0;0;0m                       [48;2;195;110;0m [48;2;110;65;7m [48;2;97;207;203m[38;2;110;65;7m▀[48;2;110;65;7m  [m
[48;2;0;0;0m[38;2;231;231;231m▀▀                       [48;2;195;110;0m [38;2;110;65;7m▀▀▀▀[m
[48;2;160;90;0m     [48;2;110;65;7m[38;2;160;90;0m▀▀[48;2;0;0;0m[38;2;110;65;7m▀ [48;2;161;201;243m[38;2;0;0;0m▀[48;2;219;235;250m▀[48;2;0;0;0m        [48;2;253;254;255m▀[48;2;206;227;249m▀[48;2;52;139;228m▀[48;2;0;0;0m  [48;2;110;65;7m▀[48;2;160;90;0m▀▀[48;2;195;110;0m▀▀▀[m
[48;2;160;90;0m[38;2;0;0;0m▀▀▀▀[48;2;110;65;7m▀▀[48;2;52;139;228m▀▀ [38;2;163;202;243m▀[38;2;116;176;237m▀[38;2;118;177;237m▀[48;2;62;145;229m[38;2;161;201;243m▀[38;2;188;217;246m▀[48;2;77;154;231m[38;2;206;227;249m▀[48;2;128;182;238m[38;2;210;230;249m▀[48;2;90;161;233m[38;2;184;215;246m▀[48;2;52;139;228m[38;2;132;184;239m▀[38;2;101;167;235m▀   [48;2;57;142;229m[38;2;52;139;228m▀[48;2;62;145;229m[38;2;0;0;0m▀[48;2;57;142;229m▀[48;2;0;0;0m[38;2;160;90;0m▀▀▀[38;2;195;110;0m▀▀[m
[48;2;0;0;0m[38;2;160;90;0m▀▀▀[48;2;52;139;228m[38;2;110;65;7m▀▀             [48;2;58;142;229m[38;2;52;139;228m▀[48;2;55;141;228m▀[48;2;52;139;228m [48;2;57;142;229m▀▀[38;2;55;141;228m▀[48;2;58;142;229m▀[48;2;52;139;228m[38;2;0;0;0m▀[48;2;110;65;7m▀▀▀▀[m
[48;2;0;0;0m  [38;2;52;139;228m▀▀▀▀▀▀▀[38;2;57;142;229m▀▀[38;2;52;139;228m▀▀[38;2;55;141;228m▀▀▀▀[38;2;52;139;228m▀[38;2;55;141;228m▀▀▀[38;2;52;139;228m▀▀▀▀▀[38;2;57;142;229m▀▀[38;2;110;65;7m▀▀[m
