[48;2;0;0;0m                              [m
[48;2;0;0;0m                              [m
[48;2;0;0;0m                              [m
[48;2;231;231;231m[38;2;0;0;0m▀[48;2;0;0;0m                             [m
[48;2;134;134;134m[38;2;231;231;231m▀[48;2;231;231;231m[38;2;0;0;0m▀[48;2;0;0;0m                            [m
[48;2;48;48;48m [48;2;231;231;231m [48;2;0;0;0m                            [m
[48;2;48;48;48m [48;2;231;231;231m [48;2;0;0;0m                            [m
[48;2;0;0;0m[38;2;134;134;134m▀[38;2;231;231;231m▀                            [m
[48;2;195;110;0m         [48;2;160;90;0m[38;2;195;110;0m▀▀[48;2;0;0;0m[38;2;160;90;0m▀                  [m
[48;2;195;110;0m[38;2;0;0;0m▀▀▀▀▀▀▀▀[48;2;160;90;0m▀▀[48;2;232;242;252m▀[48;2;0;0;0m               [48;2;52;139;228m▀▀[48;2;0;0;0m [38;2;110;65;7m▀[m
[48;2;0;0;0m[38;2;195;110;0m▀▀▀▀[38;2;160;90;0m▀▀▀[48;2;52;139;228m[38;2;110;65;7m▀▀[38;2;140;189;240m▀[38;2;113;174;236m▀[38;2;121;179;237m▀[48;2;161;201;243m [48;2;118;177;237m[38;2;219;235;250m▀[38;2;0;0;0m▀[48;2;159;200;242m▀[48;2;188;217;246m▀[48;2;207;228;249m▀[48;2;210;230;249m▀[48;2;184;215;246m▀[48;2;132;184;239m▀[48;2;101;167;235m▀[48;2;52;139;228m[38;2;253;254;255m▀[38;2;206;227;249m▀   [48;2;73;151;231m[38;2;52;139;228m▀[38;2;62;145;229m▀[48;2;52;139;228m▀[m
[48;2;110;65;7m[38;2;0;0;0m▀▀▀▀▀[48;2;52;139;228m▀[38;2;96;164;234m▀        [38;2;62;145;229m▀▀[38;2;77;154;231m▀[38;2;128;182;238m▀[38;2;90;161;233m▀     [38;2;59;143;229m▀[48;2;54;140;228m[38;2;62;145;229m▀[38;2;59;143;229m▀[48;2;59;143;229m  [m
[48;2;0;0;0m[38;2;110;65;7m▀▀▀▀[38;2;52;139;228m▀▀▀▀▀▀▀▀▀▀▀▀▀▀▀▀▀[38;2;59;143;229m▀▀[38;2;52;139;228m▀▀[38;2;59;143;229m▀▀▀[38;2;52;139;228m▀▀[m
