[48;2;0;0;0m                              [m
[48;2;0;0;0m                             [48;2;114;8;8m[38;2;0;0;0m▀[m
[48;2;0;0;0m                              [m
[48;2;0;0;0m                              [m
[48;2;0;0;0m                              [m
[48;2;231;231;231m [48;2;0;0;0m                             [m
[48;2;134;134;134m[38;2;231;231;231m▀[48;2;231;231;231m[38;2;0;0;0m▀[48;2;0;0;0m                            [m
[48;2;48;48;48m [48;2;231;231;231m [48;2;0;0;0m                            [m
[48;2;48;48;48m [48;2;231;231;231m [48;2;0;0;0m [48;2;160;90;0m[38;2;0;0;0m▀▀▀▀▀▀▀▀▀▀▀▀[48;2;110;65;7m▀[48;2;0;0;0m          [48;2;242;248;253m▀[48;2;142;190;240m▀[48;2;111;173;236m[38;2;248;251;254m▀[48;2;0;0;0m[38;2;234;243;252m▀[m
[48;2;0;0;0m[38;2;134;134;134m▀ [38;2;160;90;0m▀▀▀▀▀▀▀▀▀▀▀[38;2;110;65;7m▀▀      [48;2;253;254;255m[38;2;0;0;0m▀[48;2;206;227;249m▀[48;2;52;139;228m▀▀[38;2;55;141;228m▀ [48;2;62;145;229m[38;2;52;139;228m▀▀[48;2;58;142;229m▀[m
[48;2;160;90;0m           [48;2;110;65;7m[38;2;160;90;0m▀ [48;2;52;139;228m[38;2;110;65;7m▀[48;2;62;145;229m[38;2;159;200;242m▀[38;2;188;217;246m▀[48;2;77;154;231m[38;2;210;230;249m▀[48;2;128;182;238m▀[48;2;90;161;233m[38;2;184;215;246m▀[48;2;52;139;228m[38;2;128;182;238m▀[38;2;101;167;235m▀   [48;2;58;142;229m[38;2;54;140;228m▀[48;2;62;145;229m[38;2;52;139;228m▀[48;2;58;142;229m[38;2;71;150;231m▀▀[38;2;54;140;228m▀[48;2;54;140;228m [m
[48;2;0;0;0m          [48;2;52;139;228m[38;2;0;0;0m▀         [48;2;58;142;229m[38;2;52;139;228m▀▀[48;2;52;139;228m [48;2;55;141;228m▀[48;2;58;142;229m[38;2;54;140;228m▀▀▀[48;2;54;140;228m[38;2;59;143;229m▀[38;2;58;142;229m▀[48;2;58;142;229m[38;2;54;140;228m▀[m
[48;2;0;0;0m[38;2;160;90;0m▀▀▀[38;2;110;65;7m▀▀▀▀▀▀[38;2;52;139;228m▀▀[38;2;58;142;229m▀[38;2;55;141;228m▀▀[38;2;52;139;228m▀[38;2;55;141;228m▀▀[38;2;52;139;228m▀[38;2;55;141;228m▀[38;2;52;139;228m▀▀[38;2;58;142;229m▀[38;2;54;140;228m▀▀▀▀[38;2;52;139;228m▀▀[38;2;58;142;229m▀[38;2;54;140;228m▀[m
