[48;2;0;0;0m        [48;2;171;171;171m[38;2;0;0;0m▀[48;2;218;218;218m▀▀▀▀▀[48;2;93;93;93m▀[48;2;0;0;0m                     [m
[48;2;0;0;0m     [48;2;174;174;174m[38;2;0;0;0m▀[48;2;202;202;202m▀[48;2;93;108;76m[38;2;170;170;170m▀[48;2;48;71;25m[38;2;153;165;142m▀[48;2;45;68;21m[38;2;133;149;119m▀▀[48;2;39;64;12m[38;2;93;118;58m▀[48;2;36;61;8m[38;2;74;104;29m▀[48;2;51;73;27m[38;2;172;183;155m▀[48;2;60;80;38m[38;2;218;218;218m▀[48;2;146;154;138m[38;2;96;96;96m▀[48;2;202;202;202m[38;2;0;0;0m▀[48;2;103;103;103m▀[48;2;0;0;0m                  [m
[48;2;0;0;0m   [48;2;169;169;169m[38;2;0;0;0m▀[48;2;152;164;142m[38;2;171;171;171m▀[48;2;66;88;45m[38;2;151;163;141m▀[48;2;36;60;12m[38;2;81;100;61m▀[48;2;100;181;162m[38;2;40;63;16m▀[48;2;121;218;203m[38;2;48;78;8m▀[48;2;135;246;241m[38;2;103;185;158m▀[48;2;140;255;255m[38;2;121;221;212m▀▀▀[48;2;126;229;222m[38;2;66;118;85m▀[48;2;117;213;203m[38;2;33;57;8m▀[48;2;80;139;92m[38;2;52;74;30m▀[48;2;52;78;19m[38;2;108;124;91m▀[48;2;100;118;83m[38;2;172;179;166m▀[48;2;170;176;164m[38;2;104;104;104m▀[48;2;104;104;104m[38;2;0;0;0m▀[48;2;0;0;0m                [m
[48;2;0;0;0m  [48;2;216;216;216m[38;2;166;166;166m▀[48;2;76;96;55m[38;2;154;166;144m▀[48;2;36;60;12m[38;2;67;88;46m▀[48;2;103;184;157m[38;2;52;81;12m▀[48;2;48;84;40m[38;2;36;61;8m▀[48;2;33;57;8m[38;2;54;96;57m▀[48;2;70;119;62m[38;2;121;220;211m▀[48;2;81;138;79m[38;2;140;255;255m▀[48;2;47;81;29m[38;2;83;150;124m▀[48;2;77;97;56m[38;2;60;107;70m▀[48;2;66;93;32m▀[48;2;50;80;8m▀[48;2;44;72;8m[38;2;70;121;70m▀[48;2;36;61;8m[38;2;56;94;35m▀[48;2;33;57;8m[38;2;36;61;8m▀[38;2;45;68;21m▀[48;2;61;81;39m[38;2;141;152;129m▀[48;2;137;144;128m[38;2;131;131;131m▀[48;2;99;99;99m[38;2;0;0;0m▀[48;2;0;0;0m               [m
[48;2;0;0;0m [48;2;146;146;146m[38;2;0;0;0m▀[48;2;75;95;56m[38;2;153;163;144m▀[48;2;36;60;12m[38;2;45;68;22m▀[48;2;127;230;224m[38;2;96;174;153m▀[48;2;140;255;255m[38;2;135;245;243m▀[48;2;115;206;181m[38;2;66;111;53m▀[48;2;110;195;165m[38;2;49;79;8m▀[48;2;133;241;234m[38;2;98;172;135m▀[48;2;61;109;73m[38;2;60;103;52m▀[48;2;50;80;8m[38;2;47;76;8m▀[48;2;102;124;75m[38;2;99;121;75m▀[48;2;123;140;107m[38;2;109;129;86m▀[38;2;101;124;75m▀[48;2;78;103;48m[38;2;61;84;35m▀[48;2;48;78;8m[38;2;33;57;8m▀[48;2;77;135;93m▀[48;2;105;189;165m[38;2;41;68;8m▀[48;2;72;128;89m▀[48;2;66;86;45m[38;2;124;137;110m▀[48;2;137;145;129m[38;2;137;137;137m▀[48;2;93;93;93m[38;2;0;0;0m▀[48;2;0;0;0m              [m
[48;2;135;135;135m[38;2;0;0;0m▀[48;2;226;226;226m[38;2;222;222;222m▀[48;2;47;69;23m [48;2;55;87;8m[38;2;46;75;8m▀[48;2;130;234;224m[38;2;128;233;224m▀[48;2;140;255;255m    [48;2;69;120;73m[38;2;72;124;73m▀[48;2;53;85;8m[38;2;54;86;8m▀[48;2;102;124;75m [48;2;123;140;107m  [48;2;69;90;48m[38;2;75;98;48m▀[48;2;47;76;8m[38;2;51;82;8m▀[48;2;102;179;142m [48;2;140;255;255m [48;2;122;220;202m[38;2;95;168;135m▀[48;2;71;125;83m[38;2;41;68;8m▀[48;2;92;110;74m[38;2;118;132;104m▀[48;2;163;168;159m[38;2;144;144;144m▀[48;2;85;85;85m[38;2;0;0;0m▀[48;2;0;0;0m             [m
[48;2;231;231;231m [48;2;127;144;112m[38;2;177;186;169m▀[48;2;39;63;15m[38;2;43;66;19m▀[48;2;94;164;124m [48;2;135;245;240m [48;2;140;255;255m    [48;2;108;192;161m[38;2;70;122;73m▀[48;2;60;102;43m[38;2;54;85;8m▀[48;2;98;119;75m[38;2;102;124;75m▀[48;2;123;140;107m  [48;2;69;90;48m [48;2;69;121;76m[38;2;47;76;8m▀[48;2;120;216;196m[38;2;102;179;142m▀[48;2;140;255;255m  [48;2;115;208;196m[38;2;91;164;142m▀[48;2;62;111;76m[38;2;52;74;29m▀[48;2;113;127;98m[38;2;139;151;126m▀[48;2;150;150;150m [48;2;0;0;0m             [m
[48;2;231;231;231m [48;2;169;179;160m[38;2;127;144;112m▀[48;2;42;65;18m[38;2;39;63;15m▀[48;2;99;176;141m[38;2;88;153;107m▀[48;2;136;247;243m[38;2;134;244;238m▀[48;2;140;255;255m     [48;2;64;115;80m [48;2;43;70;8m[38;2;74;98;46m▀[48;2;73;96;47m[38;2;113;132;92m▀[48;2;53;76;30m[38;2;98;117;80m▀[48;2;33;57;8m[38;2;53;76;30m▀[48;2;94;170;149m [48;2;140;255;255m   [48;2;102;179;142m[38;2;123;222;205m▀[48;2;47;76;8m[38;2;73;128;86m▀[48;2;113;127;98m [48;2;150;150;150m [48;2;0;0;0m             [m
[48;2;0;0;0m[38;2;151;151;151m▀[48;2;222;222;222m[38;2;227;227;227m▀[48;2;47;69;23m [48;2;48;77;8m[38;2;55;87;8m▀[48;2;129;233;224m[38;2;130;234;224m▀[48;2;140;255;255m     [38;2;92;166;144m▀[48;2;72;128;87m[38;2;45;80;37m▀[48;2;36;61;8m[38;2;33;57;8m▀[48;2;55;97;58m▀[48;2;111;201;188m[38;2;56;100;62m▀[48;2;140;255;255m[38;2;111;201;188m▀   [48;2;114;204;179m[38;2;102;179;142m▀[48;2;62;107;54m[38;2;47;76;8m▀[48;2;87;104;68m[38;2;113;127;98m▀[48;2;130;137;122m[38;2;150;150;150m▀[48;2;68;71;65m[38;2;0;0;0m▀[48;2;55;55;55m▀[48;2;0;0;0m           [m
[48;2;0;0;0m [48;2;171;171;171m[38;2;222;222;222m▀[48;2;66;87;46m[38;2;47;69;23m▀[48;2;35;59;10m[38;2;33;57;8m▀[48;2;108;194;170m[38;2;127;230;224m▀[48;2;137;249;246m[38;2;140;255;255m▀[48;2;140;255;255m     [38;2;100;175;135m▀[38;2;70;122;79m▀[38;2;111;202;189m▀      [38;2;107;194;179m▀[48;2;108;195;180m[38;2;51;91;51m▀[48;2;60;107;70m[38;2;39;66;8m▀[48;2;50;89;48m[38;2;93;115;63m▀[48;2;55;77;32m[38;2;145;150;139m▀[48;2;124;139;109m[38;2;65;66;64m▀[48;2;153;158;149m[38;2;52;52;52m▀[48;2;57;58;56m[38;2;0;0;0m▀[48;2;49;49;49m▀[48;2;0;0;0m       [m
[48;2;0;0;0m  [48;2;139;151;127m[38;2;122;137;108m▀[48;2;44;67;20m[38;2;42;65;18m▀[48;2;67;111;45m[38;2;54;86;8m▀[48;2;59;94;15m[38;2;112;200;173m▀[48;2;57;90;8m[38;2;122;220;203m▀▀▀[48;2;108;190;158m[38;2;135;246;241m▀[48;2;126;226;212m[38;2;140;255;255m▀[48;2;135;246;241m▀[48;2;140;255;255m           [38;2;111;201;187m▀[48;2;118;211;190m[38;2;50;88;44m▀[48;2;66;111;51m[38;2;37;62;8m▀[48;2;47;82;39m[38;2;52;74;29m▀[48;2;51;73;27m[38;2;129;144;114m▀[48;2;126;141;111m[38;2;181;183;178m▀[48;2;176;178;172m[38;2;43;43;43m▀[48;2;36;36;36m[38;2;0;0;0m▀[48;2;0;0;0m     [m
[48;2;0;0;0m  [48;2;122;137;108m[38;2;203;205;201m▀[48;2;42;65;18m[38;2;51;73;28m▀[48;2;127;230;224m [48;2;140;255;255m[38;2;79;134;74m▀[38;2;68;112;41m▀▀[48;2;83;141;84m[38;2;60;95;16m▀[48;2;65;106;32m[38;2;57;90;8m▀▀[48;2;116;207;184m[38;2;113;202;176m▀[48;2;140;255;255m              [38;2;116;210;199m▀[48;2;117;213;202m[38;2;44;77;33m▀[48;2;43;76;32m[38;2;33;57;8m▀[48;2;41;73;27m[38;2;64;84;43m▀[48;2;60;81;39m[38;2;183;185;181m▀[48;2;191;193;188m[38;2;29;29;29m▀[48;2;20;21;20m[38;2;0;0;0m▀[48;2;0;0;0m   [m
[48;2;0;0;0m  [48;2;122;137;108m [48;2;42;65;18m [48;2;33;57;8m[38;2;121;220;212m▀[38;2;134;244;241m▀▀▀▀▀▀▀▀▀▀▀▀▀▀▀▀▀▀▀▀▀▀▀▀[38;2;116;210;199m▀ [48;2;44;67;20m [48;2;122;136;109m [48;2;0;0;0m   [m
