[48;2;0;0;0m                                    [m
[48;2;0;0;0m        [48;2;157;157;157m[38;2;0;0;0m▀[48;2;202;202;202m▀▀▀▀▀▀[48;2;91;91;91m▀[48;2;0;0;0m                    [m
[48;2;0;0;0m     [48;2;159;159;159m[38;2;0;0;0m▀[48;2;186;186;186m▀[48;2;103;117;89m[38;2;156;156;156m▀[48;2;75;94;55m[38;2;222;222;222m▀[48;2;58;80;36m[38;2;165;176;156m▀[48;2;39;62;14m[38;2;89;107;70m▀[48;2;36;62;8m[38;2;81;106;47m▀[48;2;35;59;8m[38;2;74;97;47m▀[48;2;45;68;21m[38;2;114;130;98m▀[48;2;52;75;29m[38;2;142;156;128m▀[48;2;65;86;44m[38;2;175;181;170m▀[48;2;75;94;55m[38;2;194;194;194m▀[48;2;140;148;131m[38;2;98;98;98m▀[48;2;99;99;99m[38;2;0;0;0m▀[48;2;0;0;0m                 [m
[48;2;0;0;0m    [48;2;146;154;137m[38;2;156;156;156m▀[48;2;73;94;53m[38;2;156;167;147m▀[48;2;38;61;13m[38;2;95;112;77m▀[48;2;135;104;147m[38;2;43;66;20m▀[48;2;167;123;184m[38;2;47;76;8m▀[48;2;120;110;107m[38;2;138;109;144m▀[48;2;181;130;204m[38;2;169;119;193m▀[48;2;214;140;255m▀▀▀[48;2;187;131;212m[38;2;98;97;83m▀[48;2;169;126;184m[38;2;51;82;8m▀[48;2;165;120;184m[38;2;41;68;8m▀[48;2;96;86;93m[38;2;58;79;37m▀[48;2;61;81;39m[38;2;138;146;130m▀[48;2;137;144;128m[38;2;99;99;99m▀[48;2;99;99;99m[38;2;0;0;0m▀[48;2;0;0;0m               [m
[48;2;0;0;0m   [48;2;154;163;146m[38;2;146;146;146m▀[48;2;49;72;26m[38;2;80;98;62m▀[48;2;46;75;8m[38;2;37;61;13m▀[48;2;184;129;210m[38;2;133;103;144m▀[48;2;214;140;255m[38;2;202;134;238m▀[48;2;170;126;186m[38;2;133;114;128m▀[48;2;66;74;49m[38;2;59;78;29m▀[48;2;39;66;8m[38;2;89;95;65m▀[48;2;81;81;69m[38;2;180;129;202m▀[48;2;56;68;39m[38;2;134;104;146m▀[48;2;69;90;47m[38;2;92;84;89m▀[48;2;90;110;71m▀[48;2;66;92;35m▀[48;2;45;73;8m[38;2;101;96;89m▀[48;2;37;63;8m[38;2;70;81;47m▀[48;2;33;57;8m [48;2;73;96;45m[38;2;124;137;110m▀[48;2;101;108;91m[38;2;137;137;137m▀[48;2;0;0;0m               [m
[48;2;0;0;0m  [48;2;216;216;216m[38;2;134;134;134m▀[48;2;52;74;30m[38;2;82;100;64m▀[48;2;45;73;8m[38;2;37;61;13m▀[48;2;188;130;217m[38;2;133;110;133m▀[48;2;214;140;255m[38;2;203;136;237m▀  [48;2;163;124;175m[38;2;91;93;73m▀[48;2;194;134;223m[38;2;114;98;112m▀[48;2;91;84;87m[38;2;67;73;55m▀[48;2;71;105;34m[38;2;68;89;47m▀[48;2;111;136;85m[38;2;109;127;92m▀[48;2;123;140;107m [38;2;108;129;84m▀[48;2;74;95;53m[38;2;62;86;35m▀[48;2;90;88;79m[38;2;40;67;8m▀[48;2;139;111;146m▀[48;2;94;91;83m[38;2;37;63;8m▀[48;2;78;101;50m[38;2;105;118;89m▀[48;2;118;128;109m[38;2;87;87;87m▀[48;2;72;74;70m[38;2;0;0;0m▀[48;2;0;0;0m             [m
[48;2;0;0;0m  [48;2;171;178;164m[38;2;216;216;216m▀[48;2;47;70;24m[38;2;52;74;30m▀[48;2;54;86;8m [48;2;190;132;217m [48;2;214;140;255m     [48;2;91;84;87m [48;2;92;111;73m[38;2;74;106;39m▀[48;2;123;140;107m[38;2;113;137;88m▀  [48;2;74;95;53m [48;2;126;100;135m [48;2;214;140;255m [38;2;179;129;200m▀[48;2;174;121;200m[38;2;93;91;81m▀[48;2;85;81;79m[38;2;50;73;27m▀[48;2;88;106;69m[38;2;114;124;103m▀[48;2;133;137;130m[38;2;83;83;83m▀[48;2;0;0;0m            [m
[48;2;0;0;0m [48;2;222;222;222m[38;2;103;103;103m▀[48;2;47;69;23m[38;2;90;108;73m▀[48;2;46;75;8m[38;2;47;75;13m▀[48;2;193;132;224m[38;2;116;107;104m▀[48;2;214;140;255m[38;2;201;136;234m▀     [48;2;141;106;155m[38;2;91;84;87m▀[48;2;68;81;43m[38;2;73;97;44m▀[48;2;95;116;70m[38;2;112;132;91m▀[48;2;123;140;107m [48;2;108;129;84m[38;2;123;140;107m▀[48;2;67;93;35m[38;2;74;95;53m▀[48;2;131;106;135m[38;2;126;100;135m▀[48;2;214;140;255m   [48;2;145;112;155m[38;2;141;107;155m▀[48;2;39;65;8m[38;2;52;74;29m▀[48;2;102;117;85m[38;2;111;122;101m▀[48;2;162;162;162m[38;2;74;74;74m▀[48;2;0;0;0m           [m
[48;2;0;0;0m [48;2;154;154;154m[38;2;222;222;222m▀[48;2;160;170;150m[38;2;77;97;57m▀[48;2;45;68;22m[38;2;36;60;12m▀[48;2;191;130;224m [48;2;214;140;255m      [48;2;142;117;142m[38;2;175;128;194m▀[48;2;59;74;36m[38;2;76;79;62m▀[48;2;43;71;8m[38;2;74;97;47m▀[48;2;76;99;48m[38;2;113;133;92m▀[48;2;59;81;37m[38;2;80;105;51m▀[48;2;46;75;8m[38;2;53;84;8m▀[48;2;138;116;135m [48;2;214;140;255m   [48;2;171;126;188m[38;2;151;120;155m▀[48;2;80;88;58m[38;2;48;78;8m▀[48;2;64;86;42m[38;2;88;106;70m▀[48;2;112;120;104m[38;2;144;146;141m▀[48;2;0;0;0m           [m
[48;2;0;0;0m [48;2;59;59;59m[38;2;0;0;0m▀[48;2;110;129;89m[38;2;189;193;185m▀[48;2;40;64;15m[38;2;49;71;26m▀[48;2;157;119;170m[38;2;191;130;224m▀[48;2;208;138;246m[38;2;214;140;255m▀[48;2;214;140;255m      [48;2;137;116;134m[38;2;100;92;94m▀[48;2;60;79;31m[38;2;36;61;8m▀[48;2;39;65;8m[38;2;33;57;8m▀[48;2;72;86;43m[38;2;37;62;8m▀[48;2;160;123;170m[38;2;74;87;47m▀[48;2;214;140;255m[38;2;160;123;170m▀    [48;2;146;109;162m [48;2;56;79;34m[38;2;64;86;42m▀[48;2;112;122;103m[38;2;112;120;104m▀[48;2;44;44;44m[38;2;0;0;0m▀[48;2;0;0;0m          [m
[48;2;43;43;43m[38;2;0;0;0m▀[48;2;223;223;223m[38;2;222;222;222m▀[48;2;47;69;23m[38;2;64;93;23m▀[48;2;37;62;8m[38;2;35;60;8m▀[48;2;54;87;8m[38;2;54;86;8m▀[48;2;167;125;181m[38;2;190;132;217m▀[48;2;187;131;212m[38;2;214;140;255m▀▀▀▀[48;2;206;137;242m▀[48;2;214;140;255m  [38;2;137;115;133m▀[38;2;90;101;60m▀[38;2;161;123;171m▀      [48;2;165;124;178m[38;2;148;111;162m▀[48;2;77;89;51m[38;2;36;62;8m▀[48;2;54;67;37m[38;2;83;101;64m▀[48;2;81;99;62m[38;2;159;161;156m▀[48;2;164;167;162m[38;2;39;39;39m▀[48;2;33;33;33m[38;2;0;0;0m▀[48;2;0;0;0m        [m
[48;2;231;231;231m [48;2;127;144;112m[38;2;217;219;215m▀[48;2;39;63;15m[38;2;46;68;22m▀[48;2;183;128;210m[38;2;74;93;38m▀[48;2;88;100;57m[38;2;60;91;12m▀[48;2;72;95;32m[38;2;57;90;8m▀▀[48;2;60;91;13m▀[48;2;68;94;26m▀[48;2;61;91;14m▀[48;2;57;90;8m[38;2;153;121;159m▀[38;2;193;133;222m▀[48;2;150;120;154m[38;2;207;138;243m▀[48;2;199;135;231m[38;2;214;140;255m▀[48;2;208;138;245m▀[48;2;214;140;255m         [48;2;169;126;184m[38;2;157;115;176m▀[48;2;61;85;25m[38;2;35;60;8m▀[48;2;35;59;8m[38;2;78;97;59m▀[48;2;77;96;58m[38;2;172;173;169m▀[48;2;184;186;183m[38;2;26;26;26m▀[48;2;19;19;19m[38;2;0;0;0m▀[48;2;0;0;0m      [m
[48;2;0;0;0m[38;2;218;218;218m▀[48;2;222;222;222m[38;2;133;149;119m▀[48;2;47;69;23m[38;2;40;63;15m▀[48;2;33;57;8m[38;2;53;85;8m▀[38;2;185;129;212m▀[38;2;204;135;241m▀▀[38;2;86;98;56m▀[38;2;169;124;186m▀[38;2;95;101;69m▀[38;2;56;88;8m▀▀▀▀[38;2;144;116;147m▀[38;2;204;135;241m▀▀▀▀▀▀▀▀▀▀[38;2;160;121;173m▀[38;2;50;80;8m▀[38;2;53;75;30m▀[48;2;74;93;54m[38;2;141;155;128m▀[48;2;192;192;192m [48;2;0;0;0m      [m
