[48;2;0;0;0m                                    [m
[48;2;0;0;0m                                    [m
[48;2;0;0;0m           [48;2;129;129;129m[38;2;0;0;0m▀[48;2;186;186;186m▀▀[48;2;212;212;212m[38;2;119;119;119m▀[48;2;182;190;175m[38;2;194;194;194m▀[48;2;146;159;133m▀▀▀[48;2;168;175;162m[38;2;109;109;109m▀[48;2;186;186;186m[38;2;0;0;0m▀[48;2;114;114;114m▀[48;2;0;0;0m              [m
[48;2;0;0;0m         [48;2;126;126;126m[38;2;0;0;0m▀[48;2;121;132;110m[38;2;128;128;128m▀[48;2;69;89;48m[38;2;164;171;156m▀[48;2;42;65;18m[38;2;106;122;90m▀[48;2;44;72;8m[38;2;82;101;64m▀[48;2;50;80;8m▀[48;2;130;101;108m[38;2;67;88;46m▀[48;2;191;116;184m[38;2;55;78;33m▀▀[48;2;122;99;98m▀[48;2;50;80;8m[38;2;68;88;47m▀[48;2;43;70;8m[38;2;82;101;64m▀[48;2;56;77;34m[38;2;130;139;120m▀[48;2;130;138;119m[38;2;114;114;114m▀[48;2;113;113;113m[38;2;0;0;0m▀[48;2;0;0;0m            [m
[48;2;0;0;0m       [48;2;187;187;187m[38;2;128;128;128m▀[48;2;105;121;88m[38;2;122;129;117m▀[48;2;42;65;18m[38;2;106;119;92m▀[48;2;133;94;119m[38;2;52;74;29m▀[48;2;229;130;226m[38;2;135;95;121m▀[48;2;173;119;153m[38;2;182;113;174m▀[48;2;120;95;98m[38;2;187;120;174m▀[48;2;198;119;192m[38;2;190;124;174m▀[48;2;255;140;255m[38;2;227;133;220m▀  [38;2;224;132;216m▀[38;2;190;124;174m▀[38;2;187;119;174m▀[48;2;172;115;155m[38;2;122;90;107m▀[48;2;42;70;8m[38;2;57;78;35m▀[48;2;78;97;58m[38;2;130;139;120m▀[48;2;130;135;125m[38;2;111;111;111m▀[48;2;0;0;0m           [m
[48;2;0;0;0m     [48;2;115;115;115m[38;2;0;0;0m▀[48;2;169;176;162m[38;2;118;118;118m▀[48;2;62;83;40m[38;2;127;138;117m▀[48;2;128;92;113m[38;2;52;74;29m▀[48;2;229;130;226m[38;2;130;93;116m▀[48;2;255;140;255m[38;2;229;130;226m▀ [48;2;119;98;94m[38;2;116;95;94m▀[48;2;38;64;8m[38;2;37;62;8m▀[48;2;166;107;155m [48;2;185;114;177m[38;2;255;140;255m▀[48;2;78;74;58m[38;2;183;113;175m▀[48;2;59;81;36m[38;2;123;91;108m▀[48;2;83;103;63m▀▀[48;2;62;83;39m▀[48;2;33;57;8m[38;2;90;82;68m▀[38;2;39;65;8m▀[48;2;47;70;23m[38;2;64;86;42m▀[48;2;109;121;96m[38;2;112;120;104m▀[48;2;97;97;97m[38;2;0;0;0m▀[48;2;0;0;0m          [m
[48;2;0;0;0m    [48;2;103;103;103m[38;2;0;0;0m▀[48;2;174;180;167m[38;2;199;199;199m▀[48;2;59;81;37m[38;2;104;121;87m▀[48;2;52;83;8m[38;2;52;79;18m▀[48;2;208;128;197m[38;2;206;124;197m▀[48;2;255;140;255m   [38;2;193;124;177m▀[38;2;153;106;136m▀[38;2;212;124;207m▀[48;2;136;102;114m [48;2;52;83;8m[38;2;45;74;8m▀[48;2;91;116;59m[38;2;85;108;59m▀[48;2;123;140;107m  [48;2;89;111;64m[38;2;84;104;64m▀[48;2;50;80;8m[38;2;38;64;8m▀[48;2;93;99;53m[38;2;45;74;8m▀[48;2;111;94;85m[38;2;41;68;8m▀[48;2;48;71;24m[38;2;78;98;59m▀[48;2;107;120;95m[38;2;139;144;135m▀[48;2;87;87;87m[38;2;0;0;0m▀[48;2;0;0;0m         [m
[48;2;0;0;0m    [48;2;204;204;204m [48;2;63;84;42m[38;2;106;123;89m▀[48;2;53;84;8m[38;2;51;77;18m▀[48;2;214;130;203m[38;2;124;104;94m▀[48;2;255;140;255m[38;2;229;133;222m▀      [48;2;137;104;114m[38;2;135;101;114m▀[48;2;53;84;8m[38;2;51;82;8m▀[48;2;91;116;59m [48;2;123;140;107m  [48;2;88;110;64m[38;2;90;112;64m▀[48;2;48;78;8m[38;2;51;81;8m▀[48;2;131;109;101m [48;2;214;130;204m[38;2;182;116;169m▀[48;2;104;93;76m[38;2;40;67;8m▀[48;2;78;97;58m[38;2;91;108;73m▀[48;2;171;175;167m[38;2;174;174;174m▀[48;2;76;76;76m[38;2;0;0;0m▀[48;2;0;0;0m        [m
[48;2;0;0;0m    [48;2;204;204;204m [48;2;63;84;42m [48;2;162;112;144m[38;2;112;99;82m▀[48;2;242;137;238m[38;2;229;133;222m▀[48;2;255;140;255m       [48;2;179;121;160m[38;2;134;100;114m▀[48;2;82;92;45m[38;2;50;80;8m▀[48;2;87;110;59m[38;2;91;116;59m▀[48;2;123;140;107m [48;2;113;133;92m[38;2;123;140;107m▀[48;2;72;95;46m[38;2;91;113;64m▀[48;2;69;77;41m[38;2;52;83;8m▀[48;2;172;119;151m[38;2;131;109;101m▀[48;2;255;140;255m [48;2;187;117;176m[38;2;184;113;176m▀[48;2;39;65;8m[38;2;50;72;26m▀[48;2;85;103;67m[38;2;127;142;113m▀[48;2;181;181;181m [48;2;0;0;0m        [m
[48;2;0;0;0m    [48;2;183;187;181m[38;2;204;204;204m▀[48;2;59;80;37m[38;2;63;84;42m▀[48;2;48;77;8m[38;2;53;84;8m▀[48;2;173;118;155m[38;2;214;130;203m▀[48;2;243;137;240m[38;2;255;140;255m▀[48;2;255;140;255m       [48;2;138;99;121m[38;2;135;95;121m▀[48;2;36;61;8m[38;2;66;87;44m▀[48;2;42;69;8m[38;2;100;121;78m▀[48;2;43;70;8m[38;2;79;105;46m▀[48;2;36;61;8m[38;2;43;70;8m▀[48;2;126;95;107m[38;2;122;90;107m▀[48;2;255;140;255m  [48;2;186;116;176m[38;2;190;121;176m▀[48;2;37;63;8m[38;2;45;74;8m▀[48;2;85;103;67m [48;2;181;181;181m [48;2;0;0;0m        [m
[48;2;0;0;0m   [48;2;194;197;193m[38;2;47;47;47m▀[48;2;55;77;33m[38;2;110;124;96m▀[48;2;36;62;8m[38;2;44;67;20m▀[48;2;216;126;210m[38;2;71;71;51m▀[48;2;98;100;59m[38;2;62;87;19m▀[48;2;57;90;8m[38;2;176;120;157m▀[48;2;178;120;158m[38;2;244;137;241m▀[48;2;221;131;212m[38;2;255;140;255m▀[48;2;244;137;241m▀[48;2;255;140;255m    [38;2;170;119;149m▀[48;2;161;105;150m[38;2;65;78;33m▀[48;2;71;71;51m[38;2;33;57;8m▀[48;2;80;84;51m[38;2;35;60;8m▀[48;2;162;116;139m[38;2;64;80;30m▀[48;2;255;140;255m[38;2;162;116;139m▀ [48;2;243;137;240m[38;2;255;140;255m▀[48;2;161;108;147m[38;2;190;122;176m▀[48;2;65;86;43m[38;2;52;81;14m▀[48;2;158;168;149m[38;2;99;116;82m▀[48;2;151;151;151m[38;2;181;181;181m▀[48;2;0;0;0m        [m
[48;2;0;0;0m [48;2;23;23;23m[38;2;0;0;0m▀[48;2;201;203;199m[38;2;31;31;31m▀[48;2;50;72;28m[38;2;114;128;99m▀[48;2;71;90;29m[38;2;46;70;19m▀[48;2;228;133;221m[38;2;76;91;36m▀[48;2;255;140;255m[38;2;224;132;216m▀[48;2;113;104;78m[38;2;98;100;59m▀[48;2;76;95;32m[38;2;57;90;8m▀▀[48;2;63;91;15m▀[48;2;57;90;8m[38;2;174;119;153m▀[38;2;228;133;222m▀[48;2;169;118;148m[38;2;245;137;242m▀[48;2;236;135;231m[38;2;255;140;255m▀[48;2;247;138;245m▀[48;2;255;140;255m       [48;2;185;114;177m[38;2;185;121;169m▀[48;2;47;62;24m[38;2;47;76;8m▀[48;2;88;105;70m[38;2;91;108;73m▀[48;2;168;169;168m[38;2;174;174;174m▀[48;2;0;0;0m         [m
[48;2;0;0;0m [48;2;222;222;222m [48;2;47;69;23m [48;2;33;57;8m [38;2;216;125;212m▀[38;2;242;135;241m▀▀▀▀▀[38;2;110;102;76m▀[38;2;56;88;8m▀▀▀▀[38;2;162;115;141m▀[38;2;242;135;241m▀▀▀▀▀▀▀▀[38;2;175;110;166m▀[48;2;91;108;73m[38;2;61;83;39m▀[48;2;174;174;174m[38;2;118;127;110m▀[48;2;0;0;0m         [m
