[48;2;0;0;0m                                    [m
[48;2;0;0;0m                                    [m
[48;2;0;0;0m                  [48;2;94;94;94m[38;2;0;0;0m▀[48;2;186;186;186m▀[48;2;157;161;153m▀[48;2;112;127;91m[38;2;82;82;82m▀[48;2;87;110;55m[38;2;194;194;194m▀[48;2;75;94;55m▀[48;2;98;115;80m▀[48;2;137;150;126m[38;2;141;141;141m▀[48;2;136;144;129m[38;2;0;0;0m▀[48;2;144;144;144m▀[48;2;0;0;0m        [m
[48;2;0;0;0m               [48;2;99;99;99m[38;2;0;0;0m▀[48;2;167;172;161m[38;2;99;99;99m▀[48;2;121;136;107m[38;2;177;177;177m▀[48;2;62;83;41m[38;2;141;148;133m▀[48;2;41;68;8m[38;2;82;101;64m▀[48;2;50;80;8m[38;2;71;91;50m▀[48;2;107;85;58m[38;2;49;73;23m▀[48;2;191;93;131m[38;2;37;62;8m▀[38;2;33;57;8m▀[38;2;40;64;16m▀[48;2;150;89;95m[38;2;55;78;33m▀[48;2;46;74;8m[38;2;63;84;41m▀[48;2;39;63;15m[38;2;94;110;78m▀[48;2;90;107;74m[38;2;105;111;99m▀[48;2;140;140;140m[38;2;0;0;0m▀[48;2;0;0;0m      [m
[48;2;0;0;0m             [48;2;97;97;97m[38;2;0;0;0m▀[48;2;135;143;127m[38;2;98;98;98m▀[48;2;64;84;43m[38;2;135;144;128m▀[48;2;41;68;8m[38;2;79;98;59m▀[48;2;117;90;64m[38;2;56;82;24m▀[48;2;218;104;148m[38;2;114;85;65m▀[48;2;153;84;102m[38;2;117;80;71m▀[48;2;33;57;8m[38;2;41;68;8m▀[48;2;122;77;78m[38;2;127;84;78m▀[48;2;202;95;140m[38;2;255;107;181m▀[48;2;89;73;49m[38;2;209;103;140m▀[48;2;42;69;8m[38;2;122;96;65m▀[48;2;46;75;8m[38;2;103;94;48m▀[48;2;53;84;8m[38;2;55;87;8m▀[48;2;40;66;8m[38;2;45;74;8m▀[48;2;40;63;16m[38;2;59;81;37m▀[48;2;90;107;74m[38;2;144;151;136m▀[48;2;130;130;130m[38;2;0;0;0m▀[48;2;0;0;0m     [m
[48;2;0;0;0m            [48;2;89;89;89m[38;2;0;0;0m▀[48;2;113;124;102m[38;2;125;128;121m▀[48;2;49;72;26m[38;2;87;105;68m▀[48;2;110;81;63m[38;2;41;68;8m▀[48;2;215;104;146m[38;2;116;89;64m▀[48;2;255;107;181m[38;2;216;104;147m▀ [48;2;210;97;146m[38;2;153;84;102m▀[48;2;157;85;104m[38;2;33;57;8m▀[48;2;196;94;135m[38;2;122;77;78m▀[48;2;172;88;116m [48;2;64;86;42m[38;2;52;74;29m▀[48;2;123;140;107m[38;2;87;106;67m▀[38;2;89;110;67m▀[38;2;94;116;67m▀[48;2;102;120;84m[38;2;74;95;53m▀[48;2;33;57;8m [48;2;49;71;26m[38;2;69;88;48m▀[48;2;129;140;118m[38;2;199;199;199m▀[48;2;118;118;118m[38;2;0;0;0m▀[48;2;0;0;0m    [m
[48;2;0;0;0m           [48;2;81;81;81m[38;2;0;0;0m▀[48;2;112;123;100m[38;2;132;136;128m▀[48;2;50;73;27m[38;2;86;105;67m▀[48;2;104;82;58m[38;2;40;67;8m▀[48;2;211;103;142m[38;2;165;93;106m▀[48;2;255;107;181m      [48;2;172;88;116m [48;2;55;84;23m [48;2;106;137;69m [48;2;123;140;107m  [48;2;102;120;84m [48;2;58;66;25m[38;2;36;61;8m▀[48;2;131;91;76m[38;2;43;71;8m▀[48;2;49;71;26m[38;2;63;84;42m▀[48;2;139;148;129m[38;2;204;204;204m▀[48;2;106;106;106m[38;2;0;0;0m▀[48;2;0;0;0m   [m
[48;2;0;0;0m         [48;2;73;73;73m[38;2;0;0;0m▀[48;2;147;152;140m[38;2;77;77;77m▀[48;2;71;90;50m[38;2;144;150;137m▀[48;2;39;66;8m[38;2;71;91;51m▀[48;2;175;93;116m[38;2;94;71;56m▀[48;2;255;107;181m[38;2;205;96;142m▀       [48;2;172;88;116m [48;2;55;79;29m[38;2;64;86;42m▀[48;2;105;126;80m[38;2;123;140;107m▀[48;2;123;140;107m [48;2;117;138;96m▀[48;2;84;115;51m[38;2;102;120;84m▀[48;2;79;67;44m [48;2;231;102;162m[38;2;215;98;150m▀[48;2;109;74;67m[38;2;33;57;8m▀[48;2;52;74;30m[38;2;58;79;36m▀[48;2;175;180;169m[38;2;210;210;210m▀[48;2;0;0;0m   [m
[48;2;0;0;0m        [48;2;62;62;62m[38;2;0;0;0m▀[48;2;110;121;98m[38;2;152;156;149m▀[48;2;51;73;27m[38;2;79;98;60m▀[48;2;38;64;8m[38;2;33;57;8m▀[48;2;51;82;8m[38;2;49;79;8m▀[48;2;181;101;116m [48;2;255;107;181m        [38;2;202;95;140m▀[48;2;178;90;121m[38;2;91;76;49m▀[48;2;52;75;29m[38;2;72;98;40m▀[48;2;94;113;75m[38;2;123;140;107m▀[48;2;78;98;57m[38;2;105;129;80m▀[48;2;39;65;8m[38;2;51;92;4m▀[48;2;98;94;44m[38;2;86;77;44m▀[48;2;231;105;160m[38;2;242;106;170m▀[48;2;108;90;56m[38;2;160;94;101m▀[48;2;44;67;20m [48;2;122;136;109m [48;2;0;0;0m   [m
[48;2;0;0;0m      [48;2;50;50;50m[38;2;0;0;0m▀[48;2;165;168;161m[38;2;56;56;56m▀[48;2;68;88;47m[38;2;158;163;154m▀[48;2;37;63;8m[38;2;70;90;50m▀[48;2;192;95;130m[38;2;78;67;43m▀[48;2;154;98;93m[38;2;70;84;24m▀[48;2;74;91;23m[38;2;57;90;8m▀[48;2;57;90;8m[38;2;145;98;85m▀[48;2;146;98;85m[38;2;232;105;161m▀[48;2;234;105;162m[38;2;255;107;181m▀[48;2;255;107;181m       [48;2;197;94;136m[38;2;178;90;121m▀[48;2;71;66;37m[38;2;33;57;8m▀[48;2;33;57;8m [48;2;39;66;8m[38;2;35;60;8m▀[48;2;104;94;49m[38;2;57;73;20m▀[48;2;255;107;181m[38;2;143;97;84m▀[48;2;228;105;157m[38;2;245;106;172m▀[48;2;95;89;45m[38;2;173;95;112m▀[48;2;58;79;36m[38;2;48;71;25m▀[48;2;210;210;210m[38;2;147;157;138m▀[48;2;0;0;0m   [m
[48;2;0;0;0m   [48;2;39;39;39m[38;2;0;0;0m▀[48;2;194;197;193m[38;2;46;46;46m▀[48;2;199;203;195m[38;2;52;52;52m▀[48;2;63;83;41m[38;2;171;175;168m▀[48;2;63;64;32m[38;2;65;86;45m▀[48;2;212;97;147m[38;2;69;65;36m▀[48;2;255;107;181m[38;2;94;87;45m▀[38;2;209;103;141m▀ [38;2;153;98;92m▀[48;2;131;96;73m[38;2;73;91;22m▀[48;2;57;90;8m [48;2;150;98;89m[38;2;170;100;106m▀[48;2;221;104;151m[38;2;255;107;181m▀▀▀[48;2;236;105;165m▀[48;2;255;107;181m    [38;2;199;94;137m▀[38;2;80;68;45m▀[38;2;85;74;45m▀[38;2;136;97;77m▀[48;2;248;106;175m[38;2;255;107;181m▀[48;2;187;96;125m[38;2;247;105;174m▀[48;2;38;62;14m[38;2;181;90;124m▀[48;2;85;103;68m[38;2;58;79;36m▀[48;2;176;176;176m[38;2;210;210;210m▀[48;2;0;0;0m   [m
[48;2;24;24;24m[38;2;0;0;0m▀▀[48;2;201;203;199m[38;2;31;31;31m▀[48;2;50;72;28m[38;2;191;193;188m▀[48;2;33;57;8m[38;2;123;139;107m▀[48;2;51;61;22m[38;2;45;68;21m▀[48;2;219;99;153m[38;2;57;63;27m▀[48;2;255;107;181m[38;2;215;98;150m▀     [38;2;148;98;87m▀[38;2;84;92;31m▀[48;2;153;98;92m[38;2;68;91;18m▀[48;2;76;92;25m[38;2;57;90;8m▀▀▀[38;2;136;97;77m▀[38;2;228;105;158m▀[48;2;148;98;88m[38;2;239;106;167m▀[48;2;255;107;181m      [48;2;209;97;145m[38;2;213;103;145m▀[48;2;33;57;8m[38;2;50;80;8m▀[48;2;63;84;42m [48;2;204;204;204m [48;2;0;0;0m    [m
[48;2;231;231;231m [48;2;127;144;112m[38;2;225;226;224m▀[48;2;39;63;15m[38;2;46;69;23m▀[48;2;33;57;8m  [38;2;210;97;146m▀[38;2;242;104;171m▀▀▀▀▀▀▀▀▀▀▀▀▀▀▀▀▀▀▀▀▀▀[38;2;199;94;137m▀[48;2;49;72;26m[38;2;34;58;9m▀[48;2;121;133;110m[38;2;67;87;46m▀[48;2;0;0;0m[38;2;193;193;193m▀    [m
