[48;2;0;0;0m                                    [m
[48;2;0;0;0m                     [48;2;98;98;98m[38;2;89;89;89m▀[48;2;231;231;231m[38;2;210;210;210m▀[48;2;199;204;194m▀[48;2;167;177;158m▀[48;2;231;231;231m▀[48;2;174;174;174m[38;2;158;158;158m▀[48;2;0;0;0m         [m
[48;2;0;0;0m                [48;2;104;104;104m[38;2;0;0;0m▀[48;2;186;186;186m▀[48;2;148;160;131m[38;2;98;98;98m▀[48;2;85;108;55m[38;2;194;194;194m▀[48;2;57;78;35m[38;2;136;143;129m▀[48;2;33;57;8m[38;2;62;80;44m▀[48;2;40;67;8m[38;2;67;87;47m▀[48;2;106;88;35m[38;2;61;82;39m▀[48;2;158;92;61m[38;2;55;76;32m▀[48;2;46;75;8m[38;2;67;87;47m▀[48;2;33;57;8m[38;2;64;83;45m▀[48;2;43;66;19m[38;2;91;103;77m▀[48;2;90;107;71m[38;2;194;194;194m▀[48;2;155;166;146m[38;2;161;161;161m▀[48;2;159;159;159m[38;2;0;0;0m▀[48;2;0;0;0m     [m
[48;2;0;0;0m              [48;2;104;104;104m[38;2;0;0;0m▀[48;2;134;142;126m[38;2;104;104;104m▀[48;2;63;85;37m[38;2;144;156;126m▀[48;2;45;74;8m[38;2;91;113;64m▀[48;2;50;80;8m[38;2;61;83;37m▀[48;2;118;90;40m[38;2;44;73;8m▀[48;2;130;87;48m[38;2;51;82;8m▀[48;2;40;67;8m▀[48;2;121;82;45m[38;2;109;90;36m▀[48;2;255;107;107m[38;2;223;104;91m▀[48;2;210;103;84m[38;2;239;106;99m▀[48;2;114;95;37m[38;2;204;100;82m▀[48;2;110;89;37m[38;2;199;95;82m▀[48;2;86;74;30m[38;2;160;86;65m▀[48;2;46;76;8m[38;2;38;61;13m▀[48;2;46;70;20m[38;2;87;105;69m▀[48;2;121;140;93m[38;2;199;199;199m▀[48;2;149;149;149m[38;2;0;0;0m▀[48;2;0;0;0m    [m
[48;2;0;0;0m             [48;2;150;150;150m[38;2;103;103;103m▀[48;2;132;145;119m[38;2;165;171;159m▀[48;2;47;70;24m[38;2;87;106;68m▀[48;2;153;84;62m[38;2;114;75;44m▀[48;2;255;107;107m[38;2;186;96;75m▀[38;2;190;101;75m▀[38;2;220;104;89m▀[48;2;220;99;91m[38;2;159;85;64m▀[48;2;174;89;71m[38;2;33;57;8m▀[48;2;204;96;84m[38;2;116;76;45m▀[48;2;178;90;73m[38;2;203;95;84m▀[48;2;38;64;8m[38;2;85;72;30m▀[48;2;63;91;26m[38;2;46;74;8m▀[48;2;99;122;71m[38;2;55;87;8m▀[48;2;97;119;71m[38;2;47;77;8m▀[48;2;78;99;58m[38;2;39;66;8m▀[48;2;33;57;8m[38;2;34;59;8m▀[48;2;46;70;20m[38;2;70;93;42m▀[48;2;128;146;102m[38;2;204;204;204m▀[48;2;138;138;138m[38;2;0;0;0m▀[48;2;0;0;0m   [m
[48;2;0;0;0m            [48;2;155;155;155m[38;2;96;96;96m▀[48;2;107;122;92m[38;2;136;144;128m▀[48;2;41;68;8m[38;2;65;85;44m▀[48;2;165;93;64m[38;2;108;74;42m▀[48;2;255;107;107m[38;2;214;98;89m▀      [48;2;178;90;73m [48;2;50;75;22m[38;2;53;77;27m▀[48;2;97;120;68m[38;2;104;126;79m▀[48;2;123;140;107m  [48;2;104;123;86m [48;2;57;68;21m[38;2;36;61;8m▀[48;2;147;109;70m[38;2;47;76;8m▀[48;2;38;62;13m[38;2;58;84;27m▀[48;2;88;107;69m[38;2;167;175;158m▀[48;2;216;216;216m[38;2;134;134;134m▀[48;2;0;0;0m  [m
[48;2;0;0;0m           [48;2;137;142;134m[38;2;86;86;86m▀[48;2;84;102;65m[38;2;139;146;132m▀[48;2;33;57;8m[38;2;69;88;48m▀[48;2;166;87;67m[38;2;109;82;39m▀[48;2;255;107;107m[38;2;214;103;86m▀       [48;2;178;90;73m [48;2;52;76;24m [48;2;101;123;73m[38;2;100;123;73m▀[48;2;123;140;107m  [48;2;104;123;86m [48;2;56;68;20m[38;2;73;72;32m▀[48;2;159;113;73m[38;2;223;130;120m▀[48;2;137;93;50m[38;2;44;72;8m▀[48;2;33;57;8m[38;2;42;65;18m▀[48;2;44;66;23m[38;2;127;138;116m▀[48;2;0;0;0m  [m
[48;2;0;0;0m          [48;2;146;149;143m[38;2;77;77;77m▀[48;2;82;101;63m[38;2;110;121;99m▀[48;2;39;66;8m[38;2;50;73;27m▀[48;2;52;83;8m[38;2;40;66;8m▀[48;2;127;96;43m[38;2;170;93;67m▀[48;2;221;104;90m[38;2;255;107;107m▀[48;2;255;107;107m       [48;2;214;103;86m[38;2;182;95;73m▀[48;2;108;90;35m[38;2;48;77;8m▀[48;2;62;89;25m[38;2;76;105;37m▀[48;2;103;125;78m[38;2;123;140;107m▀[48;2;114;132;98m▀[48;2;75;96;55m[38;2;104;123;86m▀[48;2;73;66;26m[38;2;53;64;16m▀[48;2;255;107;107m[38;2;161;99;60m▀[48;2;227;101;95m [48;2;33;57;8m [48;2;44;66;23m [48;2;0;0;0m  [m
[48;2;0;0;0m        [48;2;62;62;62m[38;2;0;0;0m▀[48;2;110;121;98m[38;2;59;60;57m▀[48;2;51;73;27m[38;2;101;114;88m▀[48;2;93;83;30m[38;2;57;82;28m▀[48;2;209;103;84m[38;2;99;87;32m▀[48;2;172;100;65m[38;2;84;92;22m▀[48;2;83;92;21m[38;2;57;90;8m▀[48;2;170;100;64m [48;2;255;107;107m       [48;2;209;103;84m[38;2;230;105;94m▀[48;2;117;88;40m[38;2;135;87;51m▀[48;2;84;69;31m[38;2;37;63;8m▀[48;2;33;57;8m[38;2;59;86;25m▀[38;2;77;97;56m▀[48;2;51;65;15m[38;2;35;60;8m▀[48;2;146;98;52m[38;2;80;76;26m▀[48;2;255;107;107m [48;2;227;101;95m [48;2;33;57;8m [48;2;44;66;23m [48;2;0;0;0m  [m
[48;2;0;0;0m      [48;2;50;50;50m[38;2;0;0;0m▀[48;2;165;168;161m[38;2;56;56;56m▀[48;2;120;135;104m[38;2;175;178;173m▀[48;2;55;80;28m[38;2;77;96;57m▀[48;2;192;95;78m[38;2;78;67;28m▀[48;2;255;107;107m[38;2;205;96;84m▀  [48;2;166;99;63m[38;2;137;97;48m▀[48;2;78;92;19m▀[48;2;164;99;62m[38;2;229;105;94m▀[48;2;255;107;107m        [48;2;206;96;85m[38;2;190;92;78m▀[48;2;88;70;33m[38;2;33;57;8m▀[48;2;128;78;50m[38;2;48;60;15m▀[48;2;255;107;107m[38;2;130;79;51m▀ [48;2;224;103;92m[38;2;246;106;103m▀[48;2;49;79;8m[38;2;177;96;70m▀[48;2;38;61;13m[38;2;33;57;8m▀[48;2;87;103;71m[38;2;44;66;23m▀[48;2;0;0;0m  [m
[48;2;0;0;0m    [48;2;38;38;38m[38;2;0;0;0m▀[48;2;190;193;189m[38;2;45;45;45m▀[48;2;82;108;44m[38;2;175;180;168m▀[48;2;40;67;8m[38;2;67;87;45m▀[48;2;78;86;21m[38;2;37;62;8m▀[48;2;212;103;85m[38;2;83;86;23m▀[48;2;255;107;107m[38;2;209;103;84m▀    [48;2;162;99;60m[38;2;142;97;51m▀[48;2;91;93;25m[38;2;142;97;50m▀[38;2;213;103;86m▀[48;2;75;92;17m▀[48;2;57;90;8m▀[48;2;128;96;43m[38;2;231;105;95m▀[48;2;221;104;90m[38;2;255;107;107m▀[48;2;234;105;96m▀[48;2;255;107;107m       [48;2;221;99;92m [48;2;44;67;20m[38;2;35;59;11m▀[48;2;131;146;117m[38;2;69;90;49m▀[48;2;182;182;182m[38;2;216;216;216m▀[48;2;0;0;0m  [m
[48;2;0;0;0m [48;2;23;23;23m[38;2;0;0;0m▀[48;2;24;24;24m▀[48;2;196;198;194m[38;2;30;30;30m▀[48;2;74;103;33m[38;2;189;193;184m▀[48;2;38;64;8m[38;2;126;142;110m▀[48;2;215;99;89m[38;2;71;75;34m▀[48;2;255;107;107m[38;2;79;86;21m▀[38;2;215;104;87m▀         [38;2;172;100;65m▀[38;2;84;92;21m▀▀▀[38;2;148;98;53m▀      [48;2;223;104;91m[38;2;250;107;105m▀[48;2;69;86;16m[38;2;198;97;81m▀[48;2;56;78;34m[38;2;46;69;22m▀[48;2;203;204;202m[38;2;134;146;122m▀[48;2;22;22;22m[38;2;0;0;0m▀[48;2;0;0;0m  [m
[48;2;0;0;0m [48;2;222;222;222m [48;2;69;100;23m[38;2;222;223;219m▀[48;2;35;60;8m[38;2;51;73;28m▀[48;2;33;57;8m [38;2;52;83;8m▀[38;2;208;101;84m▀[38;2;242;104;101m▀▀▀▀▀▀▀▀▀▀▀▀▀▀▀▀▀▀▀▀▀▀▀[38;2;210;97;87m▀[48;2;44;67;20m [48;2;133;149;119m [48;2;216;216;216m [48;2;0;0;0m  [m
