[48;2;0;0;0m                                    [m
[48;2;0;0;0m      [48;2;169;169;169m[38;2;0;0;0m▀[48;2;108;131;76m[38;2;170;170;170m▀[48;2;64;87;38m[38;2;210;210;210m▀[48;2;60;80;38m▀[48;2;49;72;26m[38;2;147;157;138m▀[48;2;55;77;33m[38;2;182;186;177m▀[48;2;60;80;38m[38;2;210;210;210m▀[48;2;108;125;92m▀[48;2;179;184;174m[38;2;89;89;89m▀[48;2;91;91;91m[38;2;0;0;0m▀[48;2;0;0;0m                    [m
[48;2;0;0;0m   [48;2;169;169;169m[38;2;0;0;0m▀[48;2;108;130;75m[38;2;171;171;171m▀[48;2;58;81;33m[38;2;131;141;122m▀[48;2;36;60;12m[38;2;78;96;60m▀[48;2;100;134;162m[38;2;43;68;16m▀[48;2;121;160;203m[38;2;49;79;8m▀[48;2;122;162;203m[38;2;53;84;8m▀▀▀[48;2;119;157;203m[38;2;40;66;8m▀[48;2;117;155;203m[38;2;43;66;19m▀[48;2;67;96;86m[38;2;60;81;38m▀[48;2;44;67;20m[38;2;101;116;86m▀[48;2;134;143;125m[38;2;77;79;75m▀[48;2;94;94;94m[38;2;0;0;0m▀[48;2;0;0;0m                  [m
[48;2;0;0;0m  [48;2;149;159;140m[38;2;166;166;166m▀[48;2;68;89;47m[38;2;154;166;144m▀[48;2;36;60;12m[38;2;53;77;24m▀[48;2;124;162;217m[38;2;102;137;165m▀[48;2;78;109;111m[38;2;113;150;193m▀[48;2;77;111;79m[38;2;134;175;242m▀[48;2;126;166;214m[38;2;140;181;255m▀[48;2;84;116;126m▀[48;2;64;93;79m▀▀▀▀[48;2;74;107;79m[38;2;124;162;218m▀[48;2;54;83;39m[38;2;68;97;88m▀[48;2;33;57;8m[38;2;60;81;38m▀[48;2;62;83;41m[38;2;141;148;133m▀[48;2;139;146;131m[38;2;95;95;95m▀[48;2;95;95;95m[38;2;0;0;0m▀[48;2;0;0;0m                [m
[48;2;151;151;151m[38;2;0;0;0m▀[48;2;163;173;153m[38;2;154;154;154m▀[48;2;42;65;18m[38;2;73;92;52m▀[48;2;47;76;8m[38;2;36;60;11m▀[48;2;129;168;224m[38;2;96;130;153m▀[48;2;114;153;179m[38;2;87;123;102m▀[48;2;47;73;36m[38;2;42;68;23m▀[48;2;52;83;8m [48;2;120;160;197m [48;2;61;90;73m [48;2;97;116;78m[38;2;76;97;55m▀[48;2;123;140;107m[38;2;94;113;75m▀▀[48;2;108;129;84m[38;2;66;92;33m▀[48;2;59;83;33m[38;2;44;72;8m▀[48;2;33;57;8m[38;2;36;62;8m▀[48;2;41;68;8m[38;2;33;57;8m▀[48;2;40;67;8m▀[48;2;49;72;26m[38;2;94;112;76m▀[48;2;121;130;111m[38;2;110;113;106m▀[48;2;88;88;88m[38;2;0;0;0m▀[48;2;0;0;0m               [m
[48;2;171;180;162m[38;2;231;231;231m▀[48;2;39;62;14m[38;2;76;96;56m▀[48;2;33;57;8m[38;2;35;59;11m▀[48;2;130;169;231m[38;2;99;136;141m▀[48;2;140;181;255m[38;2;136;176;243m▀ [38;2;105;140;173m▀[38;2;104;141;155m▀[48;2;112;150;172m[38;2;94;131;119m▀[48;2;52;79;44m[38;2;48;75;34m▀[48;2;97;116;78m [48;2;123;140;107m  [48;2;105;126;80m[38;2;98;121;70m▀[48;2;57;82;30m[38;2;53;78;24m▀[48;2;94;128;149m[38;2;69;99;92m▀[48;2;140;181;255m[38;2;102;138;155m▀[48;2;121;160;199m[38;2;76;110;80m▀[48;2;76;109;79m[38;2;40;67;8m▀[48;2;58;84;28m[38;2;94;112;76m▀[48;2;117;126;108m[38;2;116;119;113m▀[48;2;82;82;82m[38;2;0;0;0m▀[48;2;0;0;0m              [m
[48;2;45;74;8m[38;2;89;114;56m▀[48;2;33;58;8m[38;2;35;59;10m▀[48;2;95;132;127m[38;2;85;117;127m▀[48;2;136;177;243m[38;2;135;175;243m▀[48;2;140;181;255m     [48;2;61;90;73m [48;2;97;116;78m [48;2;123;140;107m  [48;2;85;119;43m[38;2;104;135;72m▀[48;2;51;87;6m[38;2;57;87;26m▀[48;2;99;134;149m[38;2;94;128;149m▀[48;2;140;181;255m  [38;2;121;160;197m▀[48;2;91;124;142m[38;2;69;100;77m▀[48;2;58;82;30m[38;2;94;112;76m▀[48;2;120;131;105m[38;2;123;126;120m▀[48;2;74;74;74m[38;2;0;0;0m▀[48;2;0;0;0m             [m
[48;2;43;70;8m[38;2;33;57;8m▀[48;2;33;58;8m▀[48;2;101;138;145m[38;2;89;125;110m▀[48;2;137;177;245m[38;2;136;176;242m▀[48;2;140;181;255m     [48;2;68;100;73m[38;2;61;90;73m▀[48;2;46;75;8m[38;2;76;100;47m▀[48;2;81;106;48m[38;2;114;133;93m▀[48;2;90;111;67m[38;2;123;140;107m▀[48;2;53;76;30m[38;2;75;100;45m▀[48;2;97;131;156m[38;2;75;108;73m▀[48;2;140;181;255m[38;2;120;159;196m▀   [48;2;91;124;142m [48;2;72;93;51m[38;2;56;81;27m▀[48;2;142;151;134m[38;2;144;160;124m▀[48;2;91;91;91m[38;2;150;150;150m▀[48;2;0;0;0m             [m
[48;2;62;84;40m[38;2;48;78;8m▀[48;2;34;58;9m[38;2;34;58;8m▀[48;2;100;135;163m[38;2;84;119;92m▀[48;2;137;177;247m[38;2;135;175;240m▀[48;2;140;181;255m     [48;2;99;136;133m[38;2;79;114;73m▀[48;2;53;83;32m[38;2;40;67;8m▀[48;2;35;60;8m[38;2;43;71;8m▀[48;2;33;57;8m[38;2;38;64;8m▀[48;2;65;96;58m[38;2;38;65;8m▀[48;2;117;156;188m[38;2;100;136;156m▀[48;2;140;181;255m    [48;2;95;129;142m[38;2;91;124;142m▀[48;2;64;87;37m[38;2;72;93;51m▀[48;2;135;148;121m[38;2;129;136;121m▀[48;2;136;138;134m[38;2;56;56;56m▀[48;2;0;0;0m             [m
[48;2;231;231;231m[38;2;154;166;143m▀[48;2;47;72;17m[38;2;38;62;14m▀[48;2;33;58;8m[38;2;33;57;8m▀[48;2;111;148;175m[38;2;130;169;231m▀[48;2;137;178;247m[38;2;140;181;255m▀[48;2;140;181;255m     [38;2;98;135;130m▀[48;2;98;135;129m[38;2;53;82;31m▀[48;2;118;157;191m[38;2;56;84;54m▀[48;2;140;181;255m[38;2;111;148;189m▀     [38;2;113;151;174m▀[48;2;105;141;175m[38;2;60;91;49m▀[48;2;51;79;45m[38;2;59;81;36m▀[48;2;62;86;36m[38;2;104;114;94m▀[48;2;129;143;115m[38;2;65;66;65m▀[48;2;142;147;137m[38;2;48;48;48m▀[48;2;53;54;52m[38;2;0;0;0m▀[48;2;46;46;46m▀[48;2;0;0;0m         [m
[48;2;231;231;231m [48;2;60;90;17m[38;2;64;96;17m▀[48;2;34;59;8m[38;2;35;59;8m▀[48;2;55;87;8m [48;2;57;90;8m[38;2;114;153;178m▀[48;2;115;154;181m[38;2;137;178;247m▀[48;2;126;165;212m[38;2;140;181;255m▀▀▀[48;2;136;177;244m▀[48;2;140;181;255m           [38;2;114;152;177m▀[48;2;114;153;178m[38;2;61;92;41m▀[48;2;71;106;51m[38;2;38;64;8m▀[48;2;60;92;37m[38;2;36;62;8m▀[48;2;36;61;8m[38;2;79;97;59m▀[48;2;53;75;30m[38;2;157;161;153m▀[48;2;129;145;114m[38;2;48;49;48m▀[48;2;174;178;169m[38;2;42;42;42m▀[48;2;35;35;35m[38;2;0;0;0m▀[48;2;0;0;0m      [m
[48;2;231;231;231m [48;2;41;64;17m [48;2;33;57;8m [48;2;130;169;231m[38;2;65;98;38m▀[48;2;74;109;60m[38;2;58;92;12m▀[48;2;65;99;32m[38;2;57;90;8m▀▀▀▀[48;2;59;92;14m[38;2;110;148;165m▀[48;2;110;148;166m[38;2;137;177;245m▀[48;2;137;178;247m[38;2;140;181;255m▀[48;2;140;181;255m            [38;2;117;156;187m▀[38;2;62;94;41m▀[48;2;114;151;196m[38;2;44;69;32m▀[48;2;41;67;26m[38;2;38;64;8m▀[48;2;35;60;8m[38;2;85;111;48m▀[48;2;65;85;44m[38;2;179;182;177m▀[48;2;188;189;186m[38;2;28;28;28m▀[48;2;20;20;20m[38;2;0;0;0m▀[48;2;0;0;0m    [m
[48;2;231;231;231m [48;2;41;64;17m [48;2;33;57;8m [38;2;124;162;218m▀[38;2;134;174;241m▀▀▀▀▀[38;2;76;111;69m▀[38;2;56;88;8m▀[38;2;109;146;166m▀[38;2;134;174;241m▀▀▀▀▀▀▀▀▀▀▀▀▀▀▀[38;2;115;154;186m▀[38;2;51;82;8m▀ [48;2;47;70;23m[38;2;62;83;41m▀[48;2;122;134;110m[38;2;200;200;199m▀[48;2;0;0;0m    [m
