[48;2;0;0;0m                                    [m
[48;2;0;0;0m                                    [m
[48;2;0;0;0m                 [48;2;99;99;99m[38;2;0;0;0m▀[48;2;186;186;186m▀▀▀▀▀[48;2;125;125;125m▀[48;2;0;0;0m            [m
[48;2;0;0;0m             [48;2;108;108;108m[38;2;0;0;0m▀[48;2;169;169;169m▀[48;2;134;142;126m[38;2;104;104;104m▀[48;2;90;107;72m[38;2;177;177;177m▀[48;2;74;94;54m[38;2;168;174;163m▀[48;2;46;69;23m[38;2;117;132;102m▀[48;2;41;68;8m[38;2;82;101;64m▀[48;2;50;80;8m▀[48;2;43;71;8m▀[48;2;36;61;8m[38;2;89;110;64m▀[48;2;57;81;30m[38;2;135;149;113m▀[48;2;90;107;72m[38;2;177;177;177m▀[48;2;121;132;110m[38;2;128;128;128m▀[48;2;126;126;126m[38;2;0;0;0m▀[48;2;0;0;0m         [m
[48;2;0;0;0m           [48;2;106;106;106m[38;2;0;0;0m▀[48;2;165;171;160m[38;2;106;106;106m▀[48;2;102;120;85m[38;2;165;172;159m▀[48;2;46;69;23m[38;2;122;136;108m▀[48;2;113;75;94m[38;2;61;81;39m▀[48;2;179;95;160m[38;2;42;69;8m▀[48;2;220;104;204m[38;2;118;85;91m▀[48;2;255;107;247m[38;2;182;91;169m▀[38;2;186;96;169m▀[38;2;190;101;169m▀[38;2;187;97;169m▀[38;2;182;91;169m▀[48;2;230;105;217m[38;2;136;87;113m▀[48;2;180;97;160m[38;2;44;72;8m▀[48;2;133;79;115m[38;2;52;74;29m▀[48;2;67;88;46m[38;2;123;134;112m▀[48;2;140;147;135m[38;2;125;125;125m▀[48;2;0;0;0m        [m
[48;2;0;0;0m          [48;2;97;97;97m[38;2;0;0;0m▀[48;2;136;144;128m[38;2;162;162;162m▀[48;2;63;84;42m[38;2;125;139;112m▀[48;2;117;84;91m[38;2;56;82;23m▀[48;2;220;104;204m[38;2;118;83;93m▀[48;2;255;107;247m[38;2;216;98;205m▀[48;2;148;98;117m[38;2;191;102;170m▀[48;2;45;73;8m[38;2;130;87;104m▀[48;2;87;77;59m[38;2;187;92;174m▀[48;2;145;98;114m[38;2;255;107;247m▀[48;2;97;80;68m[38;2;198;94;186m▀[48;2;53;76;30m[38;2;123;77;104m▀[48;2;83;103;63m▀▀[48;2;67;89;46m▀[48;2;33;57;8m[38;2;96;71;76m▀[38;2;43;66;19m▀[48;2;80;98;61m[38;2;99;114;84m▀[48;2;187;187;187m[38;2;115;115;115m▀[48;2;0;0;0m       [m
[48;2;0;0;0m         [48;2;87;87;87m[38;2;0;0;0m▀[48;2;107;120;95m[38;2;139;144;135m▀[48;2;48;71;24m[38;2;78;97;59m▀[48;2;111;84;83m[38;2;41;68;8m▀[48;2;216;104;200m[38;2;176;95;157m▀[48;2;255;107;247m  [48;2;199;102;180m[38;2;148;98;117m▀[48;2;146;89;123m[38;2;45;73;8m▀[48;2;196;94;183m[38;2;95;77;68m▀[48;2;164;99;137m[38;2;113;95;75m▀[48;2;47;76;8m [48;2;69;90;48m [48;2;123;140;107m  [48;2;102;124;75m[38;2;98;119;75m▀[48;2;50;80;8m[38;2;42;69;8m▀[48;2;33;57;8m [48;2;44;67;20m[38;2;66;87;45m▀[48;2;101;115;87m[38;2;152;157;146m▀[48;2;97;97;97m[38;2;0;0;0m▀[48;2;0;0;0m      [m
[48;2;0;0;0m        [48;2;155;160;151m[38;2;82;82;82m▀[48;2;84;108;54m[38;2;151;160;137m▀[48;2;44;72;8m[38;2;68;90;44m▀[48;2;187;95;171m[38;2;100;72;80m▀[48;2;255;107;247m[38;2;212;97;201m▀      [48;2;164;99;137m [48;2;53;84;8m[38;2;51;82;8m▀[48;2;78;102;48m[38;2;76;99;48m▀[48;2;123;140;107m  [48;2;102;124;75m [48;2;54;86;8m[38;2;53;85;8m▀[48;2;67;77;33m[38;2;41;68;8m▀[48;2;101;72;82m[38;2;33;57;8m▀[48;2;65;86;44m[38;2;74;93;54m▀[48;2;176;180;171m[38;2;192;192;192m▀[48;2;84;84;84m[38;2;0;0;0m▀[48;2;0;0;0m     [m
[48;2;0;0;0m       [48;2;164;168;161m[38;2;71;71;71m▀[48;2;71;91;51m[38;2;108;120;95m▀[48;2;33;57;8m[38;2;48;71;25m▀[48;2;190;92;177m[38;2;101;85;70m▀[48;2;255;107;247m[38;2;215;104;198m▀       [38;2;197;102;177m▀[48;2;159;85;144m[38;2;88;79;58m▀[48;2;61;84;35m[38;2;69;90;48m▀[48;2;109;130;87m[38;2;123;140;107m▀[48;2;123;140;107m [48;2;99;121;75m[38;2;102;124;75m▀[48;2;70;84;31m[38;2;53;84;8m▀[48;2;157;99;129m[38;2;98;79;71m▀[48;2;204;98;190m[38;2;203;95;190m▀[48;2;43;70;8m[38;2;47;71;21m▀[48;2;82;107;48m[38;2;123;141;100m▀[48;2;199;199;199m [48;2;0;0;0m     [m
[48;2;0;0;0m     [48;2;52;52;52m[38;2;0;0;0m▀[48;2;171;176;163m[38;2;58;58;58m▀[48;2;65;86;43m[38;2;109;122;97m▀[48;2;38;63;8m[38;2;48;71;25m▀[48;2;198;96;184m[38;2;80;68;59m▀[48;2;115;95;78m[38;2;168;93;149m▀[48;2;192;102;171m[38;2;237;105;225m▀[48;2;255;107;247m        [48;2;183;91;170m[38;2;159;85;144m▀[48;2;66;64;44m[38;2;40;66;8m▀[48;2;40;66;8m[38;2;70;97;34m▀[48;2;45;73;8m[38;2;102;122;78m▀[48;2;33;57;8m[38;2;77;97;56m▀[48;2;98;72;78m [48;2;255;107;247m [48;2;203;95;190m[38;2;207;101;190m▀[48;2;33;57;8m[38;2;46;76;8m▀[48;2;69;88;48m [48;2;199;199;199m [48;2;0;0;0m     [m
[48;2;0;0;0m    [48;2;38;38;38m[38;2;0;0;0m▀[48;2;112;126;99m[38;2;182;184;179m▀[48;2;46;69;23m[38;2;80;106;44m▀[48;2;79;85;41m[38;2;41;68;8m▀[48;2;216;104;200m[38;2;84;87;47m▀[48;2;255;107;247m[38;2;214;103;197m▀[48;2;139;97;107m[38;2;115;95;78m▀[48;2;68;91;21m[38;2;163;99;136m▀[48;2;164;99;137m[38;2;240;106;229m▀[48;2;221;104;206m[38;2;255;107;247m▀▀[48;2;240;106;229m▀[48;2;255;107;247m     [48;2;181;90;167m[38;2;166;87;151m▀[48;2;71;66;49m[38;2;33;57;8m▀▀[48;2;130;79;112m[38;2;48;60;24m▀[48;2;255;107;247m[38;2;131;79;113m▀[48;2;246;106;236m[38;2;255;107;247m▀[48;2;176;93;159m[38;2;203;95;190m▀[48;2;56;78;33m[38;2;37;61;12m▀[48;2;154;164;143m[38;2;84;103;65m▀[48;2;166;166;166m[38;2;199;199;199m▀[48;2;0;0;0m     [m
[48;2;0;0;0m [48;2;23;23;23m[38;2;0;0;0m▀[48;2;209;210;207m[38;2;31;31;31m▀[48;2;125;141;109m[38;2;31;32;31m▀[48;2;43;66;19m[38;2;185;188;182m▀[48;2;51;61;27m[38;2;59;80;37m▀[48;2;219;99;208m[38;2;57;63;34m▀[48;2;255;107;247m[38;2;215;98;204m▀   [48;2;133;97;100m[38;2;120;95;84m▀[48;2;76;92;31m[38;2;57;90;8m▀▀▀[38;2;155;98;126m▀[48;2;66;91;19m[38;2;228;105;215m▀[48;2;57;90;8m▀[48;2;144;97;113m[38;2;241;106;230m▀[48;2;245;106;234m[38;2;255;107;247m▀[48;2;255;107;247m      [48;2;197;95;184m[38;2;202;101;184m▀[48;2;35;59;8m[38;2;49;79;8m▀[48;2;74;93;54m [48;2;192;192;192m [48;2;0;0;0m      [m
[48;2;0;0;0m [48;2;222;222;222m [48;2;47;69;23m[38;2;126;142;110m▀[48;2;33;57;8m[38;2;41;65;17m▀ [38;2;210;97;199m▀[38;2;242;104;233m▀▀▀▀▀▀▀▀▀▀[38;2;141;95;111m▀[38;2;56;88;8m▀▀[38;2;141;95;111m▀[38;2;242;104;233m▀▀▀▀▀▀[38;2;193;100;174m▀[38;2;50;81;8m▀[48;2;74;93;54m [48;2;192;192;192m [48;2;0;0;0m      [m
