[48;2;0;0;0m                  [48;2;111;111;111m[38;2;0;0;0m▀[48;2;218;218;218m▀▀[48;2;179;186;174m▀[48;2;159;168;149m▀[48;2;218;218;218m▀[48;2;188;192;183m▀[48;2;150;161;141m▀[48;2;218;218;218m▀[48;2;171;171;171m▀[48;2;0;0;0m        [m
[48;2;0;0;0m                [48;2;114;114;114m[38;2;0;0;0m▀[48;2;171;179;165m[38;2;113;113;113m▀[48;2;100;117;82m[38;2;220;220;220m▀[48;2;53;75;30m[38;2;186;193;180m▀[48;2;40;63;16m[38;2;98;116;80m▀[48;2;33;57;8m[38;2;48;70;25m▀[38;2;46;68;22m▀[48;2;37;61;13m[38;2;80;100;61m▀[48;2;42;66;17m[38;2;111;132;87m▀[48;2;39;63;12m[38;2;84;111;47m▀[48;2;49;71;26m[38;2;159;170;149m▀[48;2;76;94;57m[38;2;181;181;181m▀[48;2;112;120;105m[38;2;0;0;0m▀[48;2;0;0;0m       [m
[48;2;0;0;0m              [48;2;115;115;115m[38;2;0;0;0m▀[48;2;131;141;121m[38;2;115;115;115m▀[48;2;52;74;30m[38;2;132;142;122m▀[48;2;43;70;8m[38;2;58;79;36m▀[48;2;45;74;8m[38;2;51;78;17m▀[48;2;66;81;21m[38;2;128;103;58m▀[48;2;166;118;81m[38;2;217;126;117m▀[48;2;192;124;98m▀[48;2;92;91;36m▀[48;2;80;75;36m▀▀[48;2;68;71;28m[38;2;169;114;85m▀[48;2;42;69;8m[38;2;48;77;8m▀[48;2;47;77;8m[38;2;37;60;12m▀[48;2;56;78;34m[38;2;83;102;66m▀[48;2;136;145;127m[38;2;161;161;161m▀[48;2;0;0;0m      [m
[48;2;0;0;0m             [48;2;120;125;115m[38;2;114;114;114m▀[48;2;82;101;62m[38;2;130;139;120m▀[48;2;43;70;8m[38;2;54;76;32m▀[48;2;130;105;59m[38;2;43;70;8m▀[48;2;198;126;102m[38;2;54;86;8m▀[48;2;118;92;56m[38;2;45;74;8m▀[48;2;36;61;8m[38;2;44;72;8m▀[48;2;133;98;65m[38;2;142;112;65m▀[48;2;166;107;87m[38;2;168;110;87m▀[48;2;60;83;34m[38;2;43;71;8m▀[48;2;111;131;88m[38;2;68;95;34m▀[48;2;123;140;107m[38;2;100;119;82m▀[48;2;115;133;99m[38;2;81;101;61m▀[48;2;80;100;60m[38;2;35;59;8m▀[48;2;33;57;8m[38;2;38;63;8m▀[38;2;38;61;13m▀[48;2;55;77;32m[38;2;83;101;66m▀[48;2;144;152;135m[38;2;152;152;152m▀[48;2;0;0;0m     [m
[48;2;0;0;0m            [48;2;108;118;95m[38;2;106;106;106m▀[48;2;66;89;39m[38;2;113;124;101m▀[48;2;42;70;8m[38;2;45;68;21m▀[48;2;166;113;83m[38;2;123;95;59m▀[48;2;255;140;140m[38;2;225;133;120m▀ [38;2;220;127;119m▀[38;2;182;113;97m▀[38;2;214;125;115m▀[48;2;166;107;87m [48;2;67;88;45m [48;2;123;140;107m  [48;2;117;138;96m[38;2;112;137;86m▀[48;2;84;114;52m[38;2;71;110;28m▀[48;2;85;77;39m[38;2;68;70;29m▀[48;2;238;134;130m[38;2;151;101;78m▀[48;2;148;100;77m[38;2;38;62;14m▀[48;2;53;75;30m[38;2;84;102;67m▀[48;2;152;160;144m[38;2;142;142;142m▀[48;2;0;0;0m    [m
[48;2;0;0;0m           [48;2;162;162;162m[38;2;99;99;99m▀[48;2;102;117;85m[38;2;95;110;76m▀[48;2;33;57;8m[38;2;37;62;8m▀[48;2;166;107;87m[38;2;118;95;55m▀[48;2;255;140;140m[38;2;221;131;117m▀     [48;2;166;107;87m [48;2;67;88;45m [48;2;123;140;107m  [48;2;112;132;91m[38;2;123;140;107m▀[48;2;72;98;40m[38;2;99;118;81m▀[48;2;85;77;39m [48;2;255;140;140m [48;2;217;128;116m[38;2;215;125;116m▀[48;2;44;73;8m[38;2;39;62;14m▀[48;2;58;79;36m[38;2;86;103;68m▀[48;2;210;210;210m[38;2;130;130;130m▀[48;2;0;0;0m   [m
[48;2;0;0;0m          [48;2;168;168;168m[38;2;90;90;90m▀[48;2;96;113;79m[38;2;139;146;132m▀[48;2;33;57;8m[38;2;66;86;45m▀[48;2;172;109;90m[38;2;105;84;51m▀[48;2;255;140;140m[38;2;212;124;114m▀      [48;2;175;120;87m[38;2;171;113;87m▀[48;2;53;84;8m[38;2;62;89;26m▀[48;2;72;97;42m[38;2;101;123;73m▀[48;2;113;132;92m[38;2;123;140;107m▀[48;2;74;99;44m[38;2;100;120;78m▀[48;2;66;73;26m[38;2;72;80;26m▀[48;2;182;122;91m[38;2;173;110;91m▀[48;2;255;140;140m [48;2;236;135;128m[38;2;219;131;116m▀[48;2;134;105;62m[38;2;53;85;8m▀[48;2;44;67;20m[38;2;51;73;28m▀[48;2;122;136;109m[38;2;165;172;157m▀[48;2;0;0;0m   [m
[48;2;0;0;0m         [48;2;73;73;73m[38;2;0;0;0m▀[48;2;78;92;63m[38;2;124;129;118m▀[48;2;33;57;8m[38;2;68;88;48m▀[48;2;49;79;8m[38;2;40;67;8m▀[48;2;131;109;57m[38;2;176;114;90m▀[48;2;223;132;118m[38;2;255;140;140m▀[48;2;255;140;140m      [48;2;207;128;108m[38;2;175;120;87m▀[48;2;102;95;41m[38;2;48;78;8m▀[48;2;39;66;8m[38;2;50;73;27m▀[48;2;33;57;8m[38;2;71;94;46m▀[48;2;36;61;8m[38;2;42;70;8m▀[48;2;99;89;43m[38;2;62;72;23m▀[48;2;255;140;140m[38;2;171;119;84m▀ [48;2;219;131;116m[38;2;239;136;129m▀[48;2;53;85;8m[38;2;147;109;70m▀[48;2;50;72;27m[38;2;44;67;20m▀[48;2;157;166;150m[38;2;122;136;109m▀[48;2;0;0;0m   [m
[48;2;0;0;0m       [48;2;64;64;64m[38;2;0;0;0m▀[48;2;155;160;150m[38;2;68;68;68m▀[48;2;68;88;48m[38;2;151;156;145m▀[48;2;39;65;8m[38;2;70;89;49m▀[48;2;187;117;98m[38;2;88;78;41m▀[48;2;255;140;140m[38;2;124;101;56m▀[48;2;131;109;57m[38;2;84;97;26m▀[48;2;175;120;87m [48;2;255;140;140m       [38;2;208;128;109m▀[48;2;209;128;109m[38;2;99;95;39m▀[48;2;122;106;51m[38;2;42;69;8m▀[48;2;161;116;77m[38;2;67;81;22m▀[48;2;255;140;140m[38;2;162;117;78m▀  [48;2;215;125;116m[38;2;218;129;116m▀[48;2;37;61;13m[38;2;46;75;8m▀[48;2;80;99;62m[38;2;58;79;36m▀[48;2;146;146;146m[38;2;210;210;210m▀[48;2;0;0;0m   [m
[48;2;0;0;0m    [48;2;54;54;54m[38;2;0;0;0m▀[48;2;187;189;183m[38;2;61;61;61m▀[48;2;186;191;180m[38;2;71;71;71m▀[48;2;64;84;43m[38;2;160;166;156m▀[48;2;38;63;8m[38;2;66;86;45m▀[48;2;198;120;105m[38;2;80;75;36m▀[48;2;255;140;140m[38;2;109;98;46m▀[38;2;210;129;110m▀ [48;2;162;117;78m[38;2;131;109;57m▀[48;2;106;103;41m[38;2;141;111;64m▀[48;2;78;95;22m[38;2;198;126;102m▀[48;2;57;90;8m▀[48;2;133;109;59m[38;2;227;133;121m▀[48;2;205;128;107m[38;2;255;140;140m▀[48;2;228;133;122m▀[48;2;255;140;140m        [48;2;224;132;119m[38;2;243;137;132m▀[48;2;93;94;35m[38;2;168;113;85m▀[48;2;63;84;42m[38;2;51;74;29m▀[48;2;204;204;204m[38;2;146;154;137m▀[48;2;0;0;0m    [m
[48;2;0;0;0m   [48;2;39;39;39m[38;2;0;0;0m▀[48;2;112;126;98m[38;2;187;189;184m▀[48;2;44;67;21m[38;2;120;136;104m▀[48;2;53;84;8m[38;2;50;75;22m▀[48;2;214;130;112m[38;2;71;72;30m▀[48;2;255;140;140m[38;2;94;94;36m▀[38;2;214;130;112m▀     [38;2;166;118;81m▀[38;2;99;101;36m▀▀▀[38;2;170;119;84m▀        [48;2;221;131;117m[38;2;246;138;134m▀[48;2;81;91;27m[38;2;181;116;93m▀[48;2;63;84;42m [48;2;204;204;204m [48;2;0;0;0m    [m
[48;2;0;0;0m [48;2;23;23;23m[38;2;0;0;0m▀[48;2;209;210;207m[38;2;31;31;31m▀[48;2;51;73;29m[38;2;191;193;188m▀[48;2;35;60;8m[38;2;54;76;32m▀[48;2;221;128;120m[38;2;58;66;23m▀[48;2;255;140;140m[38;2;80;92;26m▀[38;2;219;131;116m▀                    [48;2;218;131;115m[38;2;249;139;136m▀[48;2;68;88;18m[38;2;193;120;102m▀[48;2;45;68;22m[38;2;61;82;40m▀[48;2;115;128;102m[38;2;193;195;191m▀[48;2;0;0;0m    [m
[48;2;0;0;0m [48;2;222;222;222m [48;2;130;146;116m [48;2;42;65;18m [48;2;33;57;8m[38;2;53;84;8m▀[38;2;214;128;113m▀[38;2;242;135;132m▀▀▀▀▀▀▀▀▀▀▀▀▀▀▀▀▀▀▀▀▀▀▀[38;2;204;121;110m▀ [48;2;53;71;34m [48;2;0;0;0m    [m
