[48;2;0;0;0m            [48;2;147;147;147m[38;2;0;0;0m▀[48;2;226;226;226m[38;2;150;150;150m▀[48;2;116;130;101m[38;2;166;177;157m▀[48;2;35;59;10m[38;2;72;93;51m▀[48;2;33;57;8m     [48;2;35;59;10m[38;2;69;90;48m▀[48;2;108;123;93m[38;2;107;114;101m▀[48;2;147;147;147m[38;2;0;0;0m▀[48;2;0;0;0m            [m
[48;2;0;0;0m          [48;2;147;147;147m[38;2;0;0;0m▀[48;2;160;170;152m[38;2;147;147;147m▀[48;2;69;90;48m[38;2;110;124;96m▀[48;2;46;75;8m[38;2;52;74;29m▀[48;2;156;150;76m[38;2;41;64;17m▀[48;2;227;195;122m[38;2;45;74;8m▀[48;2;243;206;132m[38;2;152;148;73m▀[48;2;255;214;140m[38;2;234;199;127m▀[48;2;242;206;131m[38;2;147;144;69m▀[48;2;241;205;130m[38;2;137;138;63m▀[48;2;243;207;132m[38;2;157;151;76m▀[48;2;227;196;122m[38;2;46;75;8m▀[48;2;153;142;79m[38;2;40;63;16m▀[48;2;37;61;13m[38;2;78;97;58m▀[48;2;100;115;85m[38;2;106;112;100m▀[48;2;147;147;147m[38;2;0;0;0m▀[48;2;0;0;0m          [m
[48;2;0;0;0m         [48;2;128;135;121m[38;2;146;146;146m▀[48;2;69;92;45m[38;2;123;142;96m▀[48;2;47;77;8m[38;2;61;85;32m▀[48;2;157;151;76m[38;2;51;80;14m▀[48;2;115;127;47m[38;2;55;88;8m▀[48;2;43;70;8m[38;2;66;87;22m▀[48;2;70;91;24m[38;2;176;158;93m▀[48;2;66;88;21m[38;2;166;158;81m▀[48;2;45;74;8m[38;2;81;97;31m▀[48;2;77;102;46m[38;2;71;84;31m▀[48;2;104;122;86m▀[48;2;82;105;52m▀[48;2;46;75;8m[38;2;79;95;31m▀[48;2;36;61;8m[38;2;69;91;22m▀[48;2;33;57;8m [48;2;35;59;8m[38;2;50;75;20m▀[48;2;90;106;70m[38;2;96;109;75m▀[48;2;140;140;140m[38;2;0;0;0m▀[48;2;0;0;0m         [m
[48;2;0;0;0m        [48;2;181;181;181m[38;2;138;138;138m▀[48;2;85;103;67m[38;2;96;112;81m▀[48;2;33;57;8m[38;2;40;63;15m▀[48;2;184;164;98m[38;2;150;143;75m▀[48;2;255;214;140m[38;2;238;203;129m▀[48;2;219;192;116m[38;2;131;137;57m▀[48;2;194;173;102m[38;2;43;70;8m▀[48;2;227;195;124m[38;2;131;129;64m▀[48;2;135;129;68m[38;2;112;115;53m▀[48;2;79;100;59m[38;2;71;93;46m▀[48;2;123;140;107m[38;2;115;134;94m▀ [38;2;116;135;96m▀[48;2;87;107;67m[38;2;77;99;52m▀[48;2;92;99;43m[38;2;33;57;8m▀[48;2;191;169;102m▀[48;2;146;141;72m▀[48;2;45;74;8m[38;2;47;70;24m▀[48;2;65;86;44m[38;2;114;127;101m▀[48;2;136;143;129m[38;2;138;138;138m▀[48;2;0;0;0m        [m
[48;2;0;0;0m       [48;2;122;122;122m[38;2;0;0;0m▀[48;2;97;112;82m[38;2;138;145;132m▀[48;2;42;65;18m[38;2;66;87;45m▀[48;2;190;168;101m[38;2;139;132;71m▀[48;2;255;214;140m[38;2;232;198;126m▀    [48;2;135;129;68m [48;2;79;100;59m [48;2;123;140;107m [48;2;106;135;76m[38;2;123;140;107m▀[48;2;102;134;68m▀[48;2;87;107;67m [48;2;116;116;57m [48;2;255;214;140m [38;2;234;201;126m▀[48;2;231;197;126m[38;2;144;139;71m▀[48;2;137;130;70m[38;2;41;64;17m▀[48;2;80;98;61m[38;2;95;111;80m▀[48;2;187;187;187m[38;2;128;128;128m▀[48;2;0;0;0m       [m
[48;2;0;0;0m       [48;2;149;155;143m[38;2;187;187;187m▀[48;2;65;86;44m[38;2;80;98;61m▀[48;2;51;81;8m[38;2;43;71;8m▀[48;2;197;178;101m[38;2;194;174;101m▀[48;2;255;214;140m     [48;2;142;139;68m[38;2;135;129;68m▀[48;2;47;81;6m[38;2;62;94;26m▀[48;2;84;112;54m[38;2;106;135;74m▀[48;2;123;140;107m[38;2;112;137;87m▀[48;2;101;120;83m[38;2;110;136;82m▀[48;2;62;86;34m[38;2;87;107;67m▀[48;2;125;127;57m[38;2;116;116;57m▀[48;2;255;214;140m  [48;2;229;198;123m[38;2;220;192;117m▀[48;2;132;132;62m[38;2;109;118;47m▀[48;2;54;77;31m[38;2;65;85;43m▀[48;2;118;130;109m[38;2;146;153;140m▀[48;2;0;0;0m       [m
[48;2;0;0;0m       [48;2;118;130;109m [48;2;54;77;31m [48;2;126;129;58m [48;2;227;197;121m [48;2;255;214;140m     [48;2;199;179;103m[38;2;148;147;68m▀[48;2;91;102;39m[38;2;45;73;8m▀[48;2;39;65;8m[38;2;60;85;31m▀[48;2;45;74;8m[38;2;89;114;56m▀[48;2;40;67;8m[38;2;65;89;35m▀[48;2;81;94;34m[38;2;43;70;8m▀[48;2;191;174;97m[38;2;131;137;57m▀[48;2;255;214;140m  [48;2;225;195;120m [48;2;121;125;55m [48;2;54;77;31m [48;2;118;130;109m [48;2;0;0;0m       [m
[48;2;0;0;0m       [48;2;118;130;109m [48;2;54;77;31m [48;2;130;126;66m[38;2;115;122;51m▀[48;2;229;196;124m[38;2;223;194;118m▀[48;2;255;214;140m      [48;2;194;176;100m[38;2;146;141;72m▀[48;2;130;131;61m[38;2;38;65;8m▀[48;2;86;97;37m[38;2;33;57;8m▀[48;2;134;132;65m[38;2;75;87;33m▀[48;2;255;214;140m[38;2;181;162;96m▀   [48;2;220;192;117m[38;2;229;198;123m▀[48;2;109;118;47m[38;2;132;132;62m▀[48;2;80;98;61m[38;2;65;86;44m▀[48;2;187;187;187m[38;2;149;155;143m▀[48;2;0;0;0m       [m
[48;2;0;0;0m      [48;2;192;192;192m[38;2;74;74;74m▀[48;2;74;93;54m[38;2;106;119;92m▀[48;2;33;57;8m[38;2;46;69;23m▀[48;2;51;81;8m[38;2;39;66;8m▀[48;2;151;149;71m[38;2;193;172;101m▀[48;2;190;173;97m[38;2;255;214;140m▀[48;2;232;200;125m▀[48;2;255;214;140m      [38;2;197;178;102m▀[38;2;183;169;92m▀    [48;2;216;190;114m[38;2;234;201;126m▀[48;2;98;111;40m[38;2;143;139;70m▀[48;2;47;70;24m[38;2;70;90;50m▀[48;2;108;121;95m[38;2;162;166;158m▀[48;2;67;67;67m[38;2;0;0;0m▀[48;2;0;0;0m      [m
[48;2;0;0;0m    [48;2;54;54;54m[38;2;0;0;0m▀[48;2;109;123;95m[38;2;54;55;53m▀[48;2;45;68;21m[38;2;158;163;152m▀[48;2;38;64;8m[38;2;62;83;41m▀[48;2;91;108;33m[38;2;38;64;8m▀[48;2;216;189;114m[38;2;94;110;36m▀[48;2;255;214;140m[38;2;114;126;46m▀[48;2;154;151;73m[38;2;75;101;20m▀[48;2;106;121;41m[38;2;149;148;69m▀[38;2;198;178;102m▀▀[48;2;191;174;97m[38;2;230;199;124m▀[48;2;255;214;140m          [48;2;216;189;114m[38;2;198;175;105m▀[48;2;89;106;33m[38;2;38;64;8m▀[48;2;47;70;23m[38;2;68;88;47m▀[48;2;109;123;96m[38;2;172;175;168m▀[48;2;52;52;52m[38;2;0;0;0m▀[48;2;0;0;0m     [m
[48;2;0;0;0m  [48;2;40;40;40m[38;2;0;0;0m▀[48;2;111;126;97m[38;2;44;44;43m▀[48;2;42;66;18m[38;2;175;179;170m▀[48;2;36;62;8m[38;2;57;78;35m▀[48;2;216;187;116m[38;2;71;84;31m▀[48;2;255;214;140m[38;2;95;111;36m▀[38;2;218;191;115m▀                  [48;2;216;190;114m[38;2;204;179;109m▀[48;2;79;100;26m[38;2;37;63;8m▀[48;2;46;69;23m[38;2;65;85;44m▀[48;2;112;126;100m[38;2;182;184;179m▀[48;2;38;38;38m[38;2;0;0;0m▀[48;2;0;0;0m    [m
[48;2;0;0;0m [48;2;212;214;211m[38;2;32;32;32m▀[48;2;124;141;106m[38;2;206;208;204m▀[48;2;41;65;17m[38;2;51;73;28m▀[48;2;54;86;8m[38;2;36;61;8m▀[48;2;225;195;120m[38;2;76;100;23m▀[48;2;255;214;140m[38;2;224;195;119m▀                     [48;2;218;191;115m[38;2;209;182;112m▀[48;2;68;94;18m[38;2;36;61;8m▀[48;2;62;82;40m[38;2;63;84;42m▀[48;2;196;197;196m[38;2;204;204;204m▀[48;2;0;0;0m    [m
[48;2;0;0;0m [48;2;222;222;222m[38;2;128;143;114m▀[48;2;47;69;23m[38;2;61;92;15m▀[48;2;33;57;8m[38;2;35;60;8m▀[38;2;53;84;8m▀[38;2;214;187;113m▀[38;2;242;205;132m▀▀▀▀▀▀▀▀▀▀▀▀▀▀▀▀▀▀▀▀▀▀▀[38;2;204;178;110m▀[48;2;47;70;23m [48;2;122;134;110m [48;2;0;0;0m    [m
