[48;2;0;0;0m         [48;2;165;165;165m[38;2;0;0;0m▀[48;2;218;218;218m▀[48;2;153;163;144m▀[48;2;70;90;51m▀[48;2;43;64;20m▀[48;2;55;81;20m▀[48;2;51;77;20m▀[48;2;43;64;20m▀[48;2;83;102;65m▀[48;2;169;176;161m▀[48;2;124;124;124m▀[48;2;0;0;0m                [m
[48;2;0;0;0m       [48;2;163;163;163m[38;2;0;0;0m▀[48;2;97;113;81m[38;2;164;164;164m▀[48;2;49;71;26m[38;2;155;166;144m▀[48;2;36;60;12m[38;2;76;96;56m▀[48;2;96;174;86m[38;2;45;68;21m▀[48;2;128;231;122m[38;2;50;79;11m▀[48;2;136;247;133m[38;2;102;180;83m▀[48;2;140;255;140m[38;2;131;238;127m▀[38;2;131;237;127m▀[48;2;132;241;130m[38;2;77;139;63m▀[48;2;126;228;122m[38;2;37;61;13m▀[48;2;82;147;67m[38;2;57;84;23m▀[48;2;56;83;22m[38;2;140;155;117m▀[48;2;138;153;114m[38;2;125;125;125m▀[48;2;125;125;125m[38;2;0;0;0m▀[48;2;0;0;0m              [m
[48;2;0;0;0m     [48;2;159;159;159m[38;2;0;0;0m▀[48;2;99;115;84m[38;2;161;161;161m▀[48;2;42;65;18m[38;2;98;113;82m▀[48;2;97;176;88m[38;2;41;64;17m▀[48;2;73;123;35m[38;2;48;77;8m▀[48;2;44;72;8m[38;2;53;84;8m▀[48;2;107;194;98m[38;2;112;200;98m▀[48;2;97;170;72m[38;2;140;255;140m▀[48;2;52;87;18m[38;2;97;170;72m▀[48;2;46;75;8m[38;2;59;102;31m▀[48;2;55;87;8m[38;2;63;107;31m▀[48;2;47;76;8m[38;2;71;119;31m▀[48;2;47;82;22m[38;2;107;189;87m▀[48;2;45;79;22m[38;2;88;159;76m▀[48;2;33;57;8m[38;2;35;60;8m▀[48;2;41;65;17m[38;2;82;103;60m▀[48;2;115;127;102m[38;2;111;117;106m▀[48;2;119;119;119m[38;2;0;0;0m▀[48;2;0;0;0m             [m
[48;2;0;0;0m    [48;2;149;149;149m[38;2;0;0;0m▀[48;2;82;100;64m[38;2;140;150;132m▀[48;2;38;61;13m[38;2;54;76;31m▀[48;2;118;214;113m[38;2;96;175;86m▀[48;2;140;255;140m[38;2;134;243;132m▀[48;2;117;213;112m[38;2;66;115;43m▀[48;2;67;115;35m[38;2;35;59;8m▀[48;2;111;199;98m[38;2;106;192;98m▀[48;2;70;126;54m[38;2;74;131;54m▀[48;2;48;78;8m[38;2;46;76;8m▀[48;2;96;120;67m[38;2;84;109;52m▀[48;2;123;140;107m[38;2;106;128;82m▀[38;2;103;123;82m▀[48;2;85;109;56m[38;2;66;87;44m▀[48;2;50;80;8m[38;2;33;57;8m▀[48;2;77;134;51m▀[48;2;76;137;61m▀[48;2;43;67;20m[38;2;80;100;60m▀[48;2;112;124;99m[38;2;118;123;113m▀[48;2;113;113;113m[38;2;0;0;0m▀[48;2;0;0;0m            [m
[48;2;0;0;0m    [48;2;152;160;144m[38;2;204;204;204m▀[48;2;53;75;30m[38;2;63;84;42m▀[48;2;53;84;8m[38;2;46;75;8m▀[48;2;123;221;113m[38;2;121;218;113m▀[48;2;140;255;140m  [38;2;121;217;109m▀[38;2;131;238;126m▀[48;2;76;134;54m[38;2;81;140;54m▀[48;2;51;82;8m[38;2;54;86;8m▀[48;2;96;120;67m [48;2;123;140;107m  [48;2;85;108;56m[38;2;81;103;56m▀[48;2;52;84;8m[38;2;49;79;8m▀[48;2;95;166;69m [48;2;127;229;119m[38;2;101;179;83m▀[48;2;85;148;58m[38;2;43;70;8m▀[48;2;46;75;8m[38;2;63;87;35m▀[48;2;107;125;85m[38;2;139;152;120m▀[48;2;162;162;162m[38;2;111;111;111m▀[48;2;0;0;0m           [m
[48;2;0;0;0m   [48;2;210;210;210m[38;2;130;130;130m▀[48;2;67;92;36m[38;2;97;120;68m▀[48;2;35;59;8m[38;2;41;65;14m▀[48;2;121;219;116m[38;2;93;165;73m▀[48;2;140;255;140m[38;2;133;241;129m▀    [48;2;86;147;54m[38;2;79;139;54m▀[48;2;49;79;8m[38;2;53;85;8m▀[48;2;91;112;67m[38;2;96;120;67m▀[48;2;123;140;107m  [48;2;77;97;56m[38;2;82;104;56m▀[48;2;67;118;44m[38;2;50;80;8m▀[48;2;120;215;108m[38;2;95;166;69m▀[48;2;140;255;140m [38;2;126;228;119m▀[48;2;105;188;91m[38;2;79;139;57m▀[48;2;45;74;8m[38;2;66;88;39m▀[48;2;103;123;79m[38;2;141;154;125m▀[48;2;168;168;168m[38;2;103;103;103m▀[48;2;0;0;0m          [m
[48;2;0;0;0m   [48;2;210;210;210m [48;2;58;79;36m [48;2;44;72;8m [48;2;123;222;116m [48;2;140;255;140m     [38;2;114;203;99m▀[48;2;73;131;58m[38;2;58;101;34m▀[48;2;40;67;8m[38;2;66;91;36m▀[48;2;65;89;37m[38;2;108;129;85m▀[48;2;54;77;32m[38;2;98;117;79m▀[48;2;33;57;8m[38;2;54;76;31m▀[48;2;85;153;72m [48;2;140;255;140m   [48;2;124;223;114m[38;2;109;193;91m▀[48;2;75;130;49m[38;2;49;79;8m▀[48;2;80;99;60m[38;2;96;113;79m▀[48;2;142;146;138m[38;2;168;168;168m▀[48;2;0;0;0m          [m
[48;2;0;0;0m   [48;2;130;130;130m[38;2;210;210;210m▀[48;2;86;103;68m[38;2;58;79;36m▀[48;2;38;62;14m[38;2;33;57;8m▀[48;2;121;219;116m [48;2;140;255;140m      [48;2;109;194;91m[38;2;80;140;58m▀[48;2;62;105;29m[38;2;37;63;8m▀[48;2;37;63;8m[38;2;33;57;8m▀[48;2;38;64;8m▀[48;2;93;165;76m[38;2;57;102;38m▀[48;2;140;255;140m[38;2;109;198;102m▀   [48;2;109;193;91m[38;2;126;228;118m▀[48;2;49;79;8m[38;2;79;139;56m▀[48;2;96;113;79m[38;2;77;96;57m▀[48;2;168;168;168m[38;2;137;142;133m▀[48;2;0;0;0m          [m
[48;2;0;0;0m    [48;2;148;157;140m[38;2;121;134;110m▀[48;2;52;74;29m[38;2;47;70;23m▀[48;2;46;75;8m[38;2;96;170;77m▀[48;2;100;176;78m[38;2;134;242;130m▀[48;2;134;242;130m[38;2;140;255;140m▀[48;2;140;255;140m     [38;2;108;192;90m▀[38;2;79;138;56m▀[38;2;80;141;56m▀[38;2;114;204;99m▀    [48;2;119;213;107m[38;2;109;193;91m▀[48;2;69;118;36m[38;2;49;79;8m▀[48;2;58;82;29m[38;2;84;102;65m▀[48;2;123;139;108m[38;2;168;173;165m▀[48;2;171;174;168m[38;2;67;67;67m▀[48;2;62;62;62m[38;2;0;0;0m▀[48;2;0;0;0m        [m
[48;2;0;0;0m   [48;2;56;56;56m[38;2;0;0;0m▀[48;2;125;139;113m[38;2;181;184;177m▀[48;2;47;70;23m[38;2;58;80;37m▀[48;2;58;104;3m[38;2;41;73;6m▀[48;2;75;128;33m[38;2;54;87;8m▀[48;2;62;100;16m[38;2;102;180;80m▀[48;2;57;90;8m[38;2;116;207;102m▀▀[48;2;99;174;75m[38;2;132;240;128m▀[48;2;133;241;129m[38;2;140;255;140m▀[48;2;140;255;140m          [38;2;119;214;107m▀[48;2;120;215;108m[38;2;68;115;34m▀[48;2;72;124;41m[38;2;57;81;29m▀[48;2;53;93;32m[38;2;117;133;102m▀[48;2;68;88;48m[38;2;158;163;154m▀[48;2;165;168;161m[38;2;56;56;56m▀[48;2;50;50;50m[38;2;0;0;0m▀[48;2;0;0;0m      [m
[48;2;0;0;0m  [48;2;40;40;40m[38;2;0;0;0m▀[48;2;198;201;196m[38;2;210;210;210m▀[48;2;55;77;33m[38;2;120;136;104m▀[48;2;36;62;8m[38;2;44;67;20m▀[48;2;121;220;116m[38;2;67;113;31m▀[48;2;140;255;140m[38;2;126;228;118m▀[38;2;90;156;60m▀[48;2;89;155;60m[38;2;62;99;15m▀[48;2;71;119;31m[38;2;57;90;8m▀▀[38;2;100;175;76m▀[48;2;114;204;99m[38;2;133;242;130m▀[48;2;140;255;140m            [38;2;118;214;113m▀[48;2;119;216;114m[38;2;50;89;29m▀[48;2;48;84;26m[38;2;66;86;45m▀[48;2;63;83;41m[38;2;171;175;168m▀[48;2;179;182;175m[38;2;45;45;45m▀[48;2;38;38;38m[38;2;0;0;0m▀[48;2;0;0;0m    [m
[48;2;0;0;0m  [48;2;216;216;216m [48;2;52;74;30m[38;2;123;139;107m▀[48;2;35;60;8m[38;2;43;66;19m▀[48;2;124;225;120m[38;2;63;104;23m▀[48;2;140;255;140m[38;2;127;229;119m▀                     [48;2;124;224;115m[38;2;118;215;113m▀[48;2;61;100;21m[38;2;36;61;8m▀[48;2;42;73;19m[38;2;59;80;38m▀[48;2;55;77;33m[38;2;187;189;184m▀[48;2;196;198;194m[38;2;30;30;30m▀[48;2;22;22;22m[38;2;0;0;0m▀[48;2;0;0;0m  [m
[48;2;0;0;0m  [48;2;216;216;216m [48;2;52;74;30m [48;2;33;57;8m[38;2;53;84;8m▀[38;2;122;220;113m▀[38;2;134;244;132m▀▀▀▀▀▀▀▀▀▀▀▀▀▀▀▀▀▀▀▀▀▀▀▀[38;2;118;215;113m▀ [38;2;51;73;28m▀[48;2;44;66;23m[38;2;206;207;205m▀[48;2;0;0;0m  [m
