[48;2;0;0;0m                                   [m
[48;2;0;0;0m      [48;2;231;231;231m[38;2;0;0;0m▀[48;2;57;90;8m[38;2;231;231;231m▀[48;2;33;57;8m▀▀[38;2;123;140;107m▀[38;2;231;231;231m▀▀[48;2;123;140;107m▀[48;2;231;231;231m[38;2;0;0;0m▀[48;2;0;0;0m                    [m
[48;2;0;0;0m   [48;2;231;231;231m[38;2;0;0;0m▀[48;2;57;90;8m[38;2;231;231;231m▀[48;2;33;57;8m[38;2;123;140;107m▀ [48;2;140;181;255m[38;2;33;57;8m▀[38;2;57;90;8m▀▀▀▀[38;2;33;57;8m▀▀[48;2;33;57;8m [38;2;123;140;107m▀[48;2;231;231;231m[38;2;0;0;0m▀[48;2;0;0;0m                  [m
[48;2;0;0;0m  [48;2;123;140;107m[38;2;231;231;231m▀[48;2;33;57;8m[38;2;123;140;107m▀ [48;2;140;181;255m [48;2;33;57;8m[38;2;140;181;255m▀[48;2;57;90;8m▀[48;2;140;181;255m [48;2;33;57;8m▀▀▀▀▀[48;2;57;90;8m▀[48;2;33;57;8m  [38;2;231;231;231m▀[48;2;231;231;231m[38;2;0;0;0m▀[48;2;0;0;0m                [m
[48;2;231;231;231m[38;2;0;0;0m▀[48;2;123;140;107m[38;2;231;231;231m▀[48;2;33;57;8m [48;2;57;90;8m[38;2;33;57;8m▀[48;2;140;181;255m [38;2;57;90;8m▀[48;2;33;57;8m [48;2;57;90;8m [48;2;140;181;255m [48;2;33;57;8m [48;2;123;140;107m   ▀[48;2;33;57;8m  [48;2;57;90;8m[38;2;33;57;8m▀[48;2;33;57;8m [38;2;123;140;107m▀[48;2;231;231;231m[38;2;0;0;0m▀[48;2;0;0;0m               [m
[48;2;140;255;255m[38;2;82;68;44m▀[38;2;116;101;63m▀▀[48;2;254;237;142m▀[48;2;82;68;44m [38;2;140;181;255m▀[48;2;140;181;255m  [38;2;57;90;8m▀[48;2;33;57;8m [48;2;123;140;107m   ▀[48;2;33;57;8m [48;2;140;181;255m  ▀[48;2;57;90;8m[38;2;33;57;8m▀[48;2;33;57;8m[38;2;123;140;107m▀[48;2;231;231;231m[38;2;0;0;0m▀[48;2;0;0;0m              [m
[48;2;254;238;151m[38;2;94;132;199m▀▀[38;2;254;237;142m▀[48;2;255;140;140m [48;2;254;237;142m [48;2;82;68;44m [48;2;142;182;253m[38;2;140;181;255m▀[48;2;140;181;255m  [48;2;33;57;8m [48;2;123;140;107m   [48;2;57;90;8m[38;2;66;123;0m▀[38;2;33;57;8m▀[48;2;140;181;255m    [48;2;33;57;8m [48;2;57;90;8m[38;2;123;140;107m▀[48;2;231;231;231m[38;2;0;0;0m▀[48;2;0;0;0m             [m
[48;2;254;237;142m[38;2;253;240;168m▀ [48;2;140;255;255m [48;2;254;238;151m [48;2;254;237;142m[38;2;254;237;143m▀[48;2;106;92;58m [38;2;142;182;253m▀[48;2;140;181;255m  [48;2;57;90;8m[38;2;33;57;8m▀[48;2;33;57;8m[38;2;57;90;8m▀[48;2;57;90;8m[38;2;123;140;107m▀[48;2;33;57;8m▀ [48;2;140;181;255m     [48;2;33;57;8m [48;2;123;140;107m [48;2;0;0;0m[38;2;231;231;231m▀             [m
[48;2;255;140;140m [48;2;254;238;153m [48;2;94;132;199m[38;2;254;238;153m▀[48;2;140;181;255m[38;2;254;238;147m▀[38;2;254;237;142m▀▀[48;2;254;237;142m[38;2;106;92;58m▀[48;2;82;68;44m [48;2;140;181;255m [38;2;57;90;8m▀[48;2;57;90;8m[38;2;33;57;8m▀[48;2;33;57;8m  [48;2;140;181;255m[38;2;57;90;8m▀     [48;2;57;90;8m[38;2;33;57;8m▀[48;2;33;57;8m[38;2;123;140;107m▀[48;2;123;140;107m[38;2;231;231;231m▀[48;2;0;0;0m             [m
[48;2;254;237;142m[38;2;234;221;152m▀[38;2;254;238;153m▀[38;2;94;132;199m▀▀[48;2;82;68;44m▀[38;2;254;237;142m▀ [48;2;140;181;255m[38;2;82;68;44m▀   [38;2;57;90;8m▀        [38;2;33;57;8m▀[48;2;57;90;8m▀[48;2;33;57;8m[38;2;123;140;107m▀[38;2;231;231;231m▀[38;2;0;0;0m▀[48;2;231;231;231m▀[48;2;0;0;0m         [m
[48;2;155;112;39m[38;2;82;68;44m▀[48;2;245;174;51m▀[48;2;203;152;63m▀[48;2;154;110;33m▀[48;2;74;64;45m [48;2;57;90;8m[38;2;140;181;255m▀▀▀▀[48;2;140;181;255m             [38;2;57;90;8m▀▀[48;2;57;90;8m[38;2;33;57;8m▀[48;2;33;57;8m [38;2;123;140;107m▀[48;2;57;90;8m[38;2;231;231;231m▀[48;2;231;231;231m[38;2;0;0;0m▀[48;2;0;0;0m      [m
[48;2;154;110;33m[38;2;189;130;31m▀[48;2;171;124;42m[38;2;248;174;45m▀[48;2;154;110;33m[38;2;199;144;49m▀[48;2;74;64;45m [48;2;140;181;255m[38;2;57;90;8m▀▀▀▀▀[48;2;57;90;8m [38;2;140;181;255m▀[48;2;140;181;255m               [38;2;33;57;8m▀[48;2;57;90;8m▀[48;2;33;57;8m [38;2;231;231;231m▀[48;2;231;231;231m[38;2;0;0;0m▀[48;2;0;0;0m    [m
[48;2;0;0;0m[38;2;154;110;33m▀▀▀[38;2;74;64;45m▀[38;2;33;57;8m▀▀▀▀▀▀▀▀▀▀▀▀▀▀▀▀▀▀▀▀▀▀▀▀▀▀[38;2;123;140;107m▀    [m
