[48;2;0;0;0m                                   [m
[48;2;0;0;0m                                   [m
[48;2;0;0;0m                  [48;2;225;225;225m[38;2;0;0;0m▀▀[48;2;104;123;88m▀[48;2;44;74;9m[38;2;225;225;225m▀[48;2;26;44;9m▀▀[48;2;104;123;88m▀[38;2;0;0;0m▀[48;2;225;225;225m▀[48;2;0;0;0m        [m
[48;2;0;0;0m               [48;2;225;225;225m[38;2;0;0;0m▀[48;2;104;123;88m[38;2;225;225;225m▀[48;2;26;44;9m▀ [48;2;44;74;9m[38;2;26;44;9m▀▀[48;2;252;78;166m▀▀▀▀[48;2;44;74;9m▀[48;2;26;44;9m [38;2;104;123;88m▀[48;2;225;225;225m[38;2;0;0;0m▀[48;2;0;0;0m      [m
[48;2;0;0;0m             [48;2;225;225;225m[38;2;0;0;0m▀[48;2;26;44;9m[38;2;225;225;225m▀ [48;2;78;59;11m[38;2;26;44;9m▀[48;2;139;24;10m[38;2;44;74;9m▀[48;2;153;36;17m[38;2;252;78;166m▀[48;2;139;24;10m[38;2;26;44;9m▀[48;2;26;44;9m [48;2;252;78;166m [48;2;26;44;9m[38;2;252;78;166m▀[38;2;44;74;9m▀▀[48;2;44;74;9m [48;2;26;44;9m▀ [38;2;104;123;88m▀[48;2;225;225;225m[38;2;0;0;0m▀[48;2;0;0;0m     [m
[48;2;0;0;0m            [48;2;197;104;39m[38;2;0;0;0m▀[48;2;219;142;46m[38;2;134;97;55m▀[48;2;225;158;60m[38;2;224;166;71m▀[48;2;209;139;56m[38;2;207;102;39m▀[48;2;200;134;59m[38;2;225;158;60m▀[48;2;167;74;28m[38;2;207;102;39m▀[48;2;152;57;23m[38;2;197;71;26m▀[48;2;219;182;113m[38;2;169;52;17m▀[48;2;252;78;166m[38;2;26;44;9m▀ [48;2;26;44;9m [48;2;104;123;88m    [48;2;26;44;9m  [38;2;225;225;225m▀[48;2;225;225;225m[38;2;0;0;0m▀[48;2;0;0;0m    [m
[48;2;0;0;0m         [48;2;210;114;40m[38;2;133;50;19m▀[48;2;221;140;51m[38;2;187;93;36m▀[48;2;210;114;40m[38;2;213;120;47m▀[48;2;140;58;23m[38;2;210;114;40m▀[48;2;195;132;50m[38;2;215;129;45m▀[48;2;232;202;156m[38;2;152;64;26m▀[48;2;216;171;65m[38;2;216;174;135m▀[48;2;209;154;51m[38;2;233;208;148m▀[48;2;135;11;14m[38;2;91;0;4m▀[48;2;156;23;21m[38;2;116;13;15m▀[48;2;199;123;68m[38;2;227;190;90m▀[48;2;252;78;166m  [48;2;26;44;9m [48;2;104;123;88m[38;2;60;116;2m▀   [48;2;26;44;9m [48;2;252;78;166m[38;2;44;74;9m▀[48;2;26;44;9m [38;2;225;225;225m▀[48;2;225;225;225m[38;2;0;0;0m▀[48;2;0;0;0m   [m
[48;2;0;0;0m         [48;2;222;221;221m[38;2;182;61;21m▀[48;2;158;71;16m[38;2;197;71;26m▀[48;2;206;145;43m[38;2;94;13;10m▀[48;2;217;165;79m[38;2;227;190;90m▀[48;2;134;22;20m[38;2;183;102;61m▀[48;2;158;28;26m[38;2;154;51;42m▀[48;2;189;86;49m[38;2;227;195;123m▀[48;2;222;188;120m[38;2;218;179;82m▀[48;2;223;165;99m[38;2;186;99;10m▀[48;2;219;157;94m[38;2;181;59;14m▀[48;2;225;185;122m[38;2;223;173;91m▀[48;2;252;78;166m  [48;2;26;44;9m [48;2;44;74;9m[38;2;104;123;88m▀[48;2;104;123;88m  [48;2;53;107;2m▀[48;2;26;44;9m [48;2;252;78;166m [38;2;26;44;9m▀[48;2;26;44;9m [48;2;104;123;88m[38;2;225;225;225m▀[48;2;0;0;0m   [m
[48;2;0;0;0m        [48;2;225;225;225m[38;2;0;0;0m▀[48;2;26;44;9m[38;2;104;123;88m▀ [48;2;44;74;9m[38;2;195;132;50m▀[48;2;232;202;156m[38;2;235;197;106m▀[48;2;224;161;90m[38;2;230;195;128m▀[48;2;218;179;82m[38;2;165;19;21m▀[48;2;224;172;86m[38;2;222;174;98m▀[48;2;231;181;85m[38;2;221;178;78m▀[48;2;121;14;15m[38;2;211;157;118m▀[48;2;135;11;14m[38;2;125;17;19m▀[48;2;242;221;153m[38;2;226;164;106m▀[48;2;252;78;166m   [48;2;26;44;9m [38;2;104;123;88m▀▀ [48;2;44;74;9m [48;2;252;78;166m [38;2;44;74;9m▀[48;2;26;44;9m [48;2;104;123;88m [48;2;0;0;0m   [m
[48;2;0;0;0m      [48;2;225;225;225m[38;2;0;0;0m▀[48;2;26;44;9m[38;2;225;225;225m▀ [48;2;44;74;9m[38;2;26;44;9m▀[48;2;252;78;166m [38;2;44;74;9m▀[48;2;44;74;9m[38;2;110;51;3m▀[48;2;116;37;1m[38;2;125;17;19m▀[48;2;158;28;26m▀[48;2;190;49;37m[38;2;145;37;39m▀[48;2;232;188;99m [48;2;240;203;130m[38;2;156;23;21m▀[48;2;231;181;85m▀[48;2;242;206;117m[38;2;244;220;161m▀[48;2;252;78;166m   [38;2;26;44;9m▀[48;2;26;44;9m  [48;2;44;74;9m [48;2;252;78;166m  [38;2;44;74;9m▀[48;2;26;44;9m [48;2;225;225;225m [48;2;0;0;0m   [m
[48;2;0;0;0m   [48;2;225;225;225m[38;2;0;0;0m▀[48;2;104;123;88m[38;2;225;225;225m▀[48;2;26;44;9m▀ [48;2;252;78;166m[38;2;26;44;9m▀     [48;2;44;74;9m [38;2;83;57;4m▀[38;2;214;166;72m▀[48;2;113;19;19m[38;2;218;158;62m▀[48;2;116;13;15m[38;2;233;187;88m▀[48;2;215;129;45m[38;2;231;179;76m▀[48;2;228;174;76m [48;2;252;78;166m        [48;2;44;74;9m[38;2;252;78;166m▀[48;2;26;44;9m [48;2;225;225;225m[38;2;26;44;9m▀[48;2;0;0;0m[38;2;225;225;225m▀   [m
[48;2;225;225;225m[38;2;0;0;0m▀▀[48;2;26;44;9m[38;2;225;225;225m▀  [48;2;252;78;166m[38;2;26;44;9m▀         [38;2;44;74;9m▀▀[48;2;174;52;110m[38;2;144;19;19m▀[48;2;214;166;65m[38;2;152;40;26m▀[48;2;195;132;50m[38;2;209;139;56m▀[48;2;252;78;166m[38;2;44;74;9m▀       [48;2;26;44;9m  [48;2;225;225;225m [48;2;0;0;0m    [m
[48;2;0;0;0m[38;2;225;225;225m▀[38;2;104;123;88m▀[38;2;26;44;9m▀▀▀▀▀▀▀▀▀▀▀▀▀▀▀▀[38;2;32;48;9m▀[38;2;201;149;50m▀[38;2;32;47;9m▀[38;2;26;44;9m▀▀▀▀▀▀▀▀[38;2;104;123;88m▀     [m
