[48;2;0;0;0m      [48;2;232;232;232m[38;2;0;0;0m▀▀▀▀▀▀[48;2;0;0;0m                  [m
[48;2;0;0;0m   [48;2;232;232;232m[38;2;0;0;0m▀▀[48;2;3;54;0m[38;2;232;232;232m▀[38;2;116;141;106m▀▀▀[38;2;28;90;0m▀▀[38;2;232;232;232m▀▀[48;2;232;232;232m[38;2;0;0;0m▀▀[48;2;0;0;0m               [m
[48;2;0;0;0m [48;2;232;232;232m[38;2;0;0;0m▀[48;2;116;141;106m[38;2;232;232;232m▀[48;2;3;54;0m[38;2;116;141;106m▀ [48;2;0;255;255m[38;2;3;54;0m▀[38;2;28;90;0m▀    [38;2;3;54;0m▀▀[48;2;28;90;0m▀[48;2;3;54;0m[38;2;116;141;106m▀[48;2;116;141;106m[38;2;232;232;232m▀[48;2;232;232;232m[38;2;0;0;0m▀[48;2;0;0;0m             [m
[48;2;232;232;232m [48;2;3;54;0m[38;2;116;141;106m▀[48;2;2;24;0m[38;2;4;5;3m▀[48;2;92;92;92m[38;2;66;66;66m▀[48;2;203;204;203m[38;2;69;74;67m▀[48;2;186;186;186m[38;2;33;40;31m▀[48;2;51;50;51m[38;2;0;22;22m▀[48;2;0;0;0m[38;2;0;23;23m▀[38;2;0;1;0m▀[48;2;54;68;49m[38;2;2;5;1m▀[48;2;28;90;0m[38;2;1;16;1m▀[48;2;44;52;38m[38;2;55;59;53m▀[48;2;177;177;177m[38;2;81;84;76m▀[48;2;205;205;205m[38;2;47;50;44m▀[48;2;101;101;101m[38;2;1;2;0m▀[48;2;0;0;0m[38;2;1;3;0m▀ [48;2;124;124;124m[38;2;25;25;25m▀[48;2;0;0;0m            [m
[48;2;3;54;0m[38;2;116;141;106m▀ [48;2;0;255;255m [38;2;0;165;164m▀[38;2;47;50;45m▀[38;2;86;91;83m▀[38;2;57;76;76m▀[48;2;3;54;0m[38;2;0;0;0m▀[48;2;28;90;0m[38;2;4;32;0m▀[48;2;116;141;106m  [38;2;101;122;91m▀[48;2;28;90;0m[38;2;22;31;20m▀[38;2;76;78;76m▀[48;2;0;255;255m[38;2;72;75;70m▀[38;2;5;5;4m▀[48;2;3;54;0m[38;2;1;31;0m▀[38;2;232;232;232m▀[48;2;232;232;232m[38;2;0;0;0m▀[48;2;0;0;0m           [m
[48;2;3;54;0m [48;2;28;90;0m [48;2;0;255;255m     [48;2;3;54;0m[38;2;28;90;0m▀[48;2;28;90;0m [48;2;116;141;106m   [48;2;3;54;0m [48;2;28;90;0m [48;2;0;255;255m  ▀[48;2;3;54;0m [48;2;116;141;106m[38;2;232;232;232m▀[48;2;232;232;232m[38;2;0;0;0m▀[48;2;0;0;0m          [m
[48;2;3;54;0m [48;2;28;90;0m[38;2;0;255;255m▀[48;2;0;255;255m     [38;2;28;90;0m▀[48;2;3;54;0m▀[48;2;116;141;106m   [48;2;3;54;0m [48;2;0;255;255m▀   [38;2;3;54;0m▀[48;2;3;54;0m [48;2;232;232;232m [48;2;0;0;0m          [m
[48;2;3;54;0m [48;2;28;90;0m[38;2;0;255;255m▀[48;2;0;255;255m      [48;2;3;54;0m [38;2;28;90;0m▀[38;2;116;141;106m▀  [48;2;0;255;255m    [48;2;28;90;0m [48;2;3;54;0m [48;2;232;232;232m [48;2;0;0;0m          [m
[48;2;3;54;0m [38;2;28;90;0m▀[48;2;0;255;255m       [48;2;28;90;0m[38;2;3;54;0m▀[48;2;3;54;0m [48;2;0;255;255m▀     [38;2;28;90;0m▀[48;2;3;54;0m [38;2;232;232;232m▀[48;2;28;90;0m[38;2;0;0;0m▀[48;2;232;232;232m▀[48;2;0;0;0m        [m
[48;2;116;141;106m[38;2;3;54;0m▀[48;2;3;54;0m [48;2;28;90;0m[38;2;0;255;255m▀[48;2;0;255;255m                [38;2;3;54;0m▀▀[48;2;3;54;0m [38;2;116;141;106m▀[38;2;232;232;232m▀[48;2;116;141;106m[38;2;0;0;0m▀[48;2;232;232;232m▀[48;2;0;0;0m    [m
[48;2;232;232;232m[38;2;116;141;106m▀[48;2;3;54;0m [48;2;0;255;255m[38;2;28;90;0m▀[48;2;28;90;0m    [38;2;0;255;255m▀▀[48;2;0;255;255m             [38;2;28;90;0m▀[38;2;3;54;0m▀[48;2;3;54;0m [38;2;116;141;106m▀[38;2;232;232;232m▀[48;2;232;232;232m[38;2;0;0;0m▀[48;2;0;0;0m  [m
[48;2;116;141;106m [48;2;3;54;0m [48;2;0;255;255m    [38;2;28;90;0m▀▀▀                [38;2;3;54;0m▀▀[48;2;3;54;0m [38;2;232;232;232m▀[48;2;116;141;106m[38;2;0;0;0m▀[m
[48;2;0;0;0m[38;2;116;141;106m▀[38;2;3;54;0m▀▀▀▀▀▀▀▀▀▀▀▀▀▀▀▀▀▀▀▀▀▀▀▀▀▀▀▀[38;2;116;141;106m▀[m
