[48;2;0;0;0m                              [m
[48;2;0;0;0m      [48;2;232;232;232m[38;2;0;0;0m▀▀▀▀▀▀▀[48;2;0;0;0m                 [m
[48;2;0;0;0m   [48;2;232;232;232m[38;2;0;0;0m▀▀[48;2;3;54;0m[38;2;232;232;232m▀▀[38;2;116;141;106m▀ [38;2;28;90;0m▀ [38;2;116;141;106m▀▀[38;2;232;232;232m▀▀[48;2;232;232;232m[38;2;0;0;0m▀[48;2;0;0;0m              [m
[48;2;0;0;0m  [48;2;116;141;106m[38;2;232;232;232m▀[48;2;3;54;0m[38;2;116;141;106m▀ [48;2;237;141;255m[38;2;3;54;0m▀[38;2;28;90;0m▀[48;2;28;90;0m[38;2;237;141;255m▀[48;2;237;141;255m    [38;2;28;90;0m▀▀[38;2;3;54;0m▀[48;2;3;54;0m [38;2;232;232;232m▀[48;2;232;232;232m[38;2;0;0;0m▀[48;2;0;0;0m            [m
[48;2;0;0;0m [48;2;116;141;106m[38;2;232;232;232m▀[48;2;3;54;0m [48;2;8;44;0m[38;2;4;5;3m▀[48;2;92;92;92m[38;2;66;66;66m▀[48;2;203;204;203m[38;2;97;85;100m▀[48;2;186;186;186m[38;2;37;43;31m▀[48;2;51;50;51m[38;2;1;2;0m▀[48;2;0;0;0m[38;2;2;4;0m▀[38;2;4;2;5m▀[48;2;0;22;1m[38;2;2;5;1m▀[48;2;116;141;106m[38;2;1;16;1m▀[48;2;55;60;54m[38;2;55;59;53m▀[48;2;177;177;177m[38;2;79;82;77m▀[48;2;205;205;205m[38;2;48;54;44m▀[48;2;101;101;101m[38;2;1;2;0m▀[48;2;0;0;0m[38;2;1;3;0m▀ [48;2;137;137;137m[38;2;25;25;25m▀[48;2;0;0;0m           [m
[48;2;232;232;232m [48;2;3;54;0m [48;2;28;90;0m[38;2;3;54;0m▀[48;2;237;141;255m [38;2;153;89;167m▀[38;2;55;51;57m▀[38;2;103;95;105m▀[38;2;51;57;47m▀[38;2;1;1;2m▀[48;2;3;54;0m[38;2;1;16;1m▀[48;2;0;124;0m[38;2;116;141;106m▀[48;2;116;141;106m [38;2;101;122;91m▀[38;2;44;49;42m▀[48;2;3;54;0m[38;2;76;78;76m▀[48;2;237;141;255m[38;2;73;78;70m▀[38;2;4;5;4m▀[48;2;28;90;0m[38;2;1;31;0m▀[48;2;3;54;0m[38;2;232;232;232m▀[48;2;116;141;106m[38;2;0;0;0m▀[48;2;0;0;0m          [m
[48;2;116;141;106m[38;2;232;232;232m▀[48;2;3;54;0m [48;2;28;90;0m [48;2;237;141;255m      [48;2;3;54;0m [48;2;116;141;106m    [48;2;3;54;0m [48;2;237;141;255m   [38;2;3;54;0m▀[48;2;3;54;0m [48;2;116;141;106m[38;2;232;232;232m▀[48;2;0;0;0m         [m
[48;2;3;54;0m [38;2;28;90;0m▀[48;2;237;141;255m       [38;2;3;54;0m▀[48;2;3;54;0m[38;2;28;90;0m▀[48;2;116;141;106m  [48;2;28;90;0m[38;2;116;141;106m▀[38;2;3;54;0m▀[48;2;237;141;255m    [48;2;28;90;0m▀[48;2;3;54;0m [48;2;232;232;232m [48;2;0;0;0m        [m
[48;2;232;232;232m[38;2;116;141;106m▀[48;2;3;54;0m [48;2;237;141;255m       [38;2;28;90;0m▀[48;2;3;54;0m ▀[38;2;116;141;106m▀ [48;2;28;90;0m [48;2;237;141;255m    [38;2;28;90;0m▀[48;2;3;54;0m [48;2;116;141;106m [48;2;0;0;0m        [m
[48;2;28;90;0m[38;2;116;141;106m▀[48;2;3;54;0m [48;2;28;90;0m[38;2;237;141;255m▀[48;2;237;141;255m       [38;2;28;90;0m▀[48;2;28;90;0m[38;2;3;54;0m▀▀[48;2;237;141;255m[38;2;28;90;0m▀      [48;2;3;54;0m [38;2;116;141;106m▀[48;2;232;232;232m[38;2;0;0;0m▀[48;2;0;0;0m       [m
[48;2;3;54;0m [48;2;28;90;0m[38;2;3;54;0m▀ [38;2;237;141;255m▀▀▀▀▀[48;2;237;141;255m            [38;2;28;90;0m▀[38;2;3;54;0m▀[48;2;3;54;0m [38;2;232;232;232m▀[48;2;232;232;232m[38;2;0;0;0m▀[48;2;0;0;0m     [m
[48;2;3;54;0m [48;2;28;90;0m[38;2;237;141;255m▀[48;2;237;141;255m[38;2;28;90;0m▀▀▀[48;2;28;90;0m [48;2;237;141;255m▀[48;2;28;90;0m   [38;2;237;141;255m▀▀[48;2;237;141;255m          [38;2;28;90;0m▀[48;2;28;90;0m[38;2;3;54;0m▀[48;2;3;54;0m [48;2;116;141;106m[38;2;232;232;232m▀[48;2;232;232;232m[38;2;0;0;0m▀[48;2;0;0;0m   [m
[48;2;0;0;0m[38;2;3;54;0m▀▀▀▀▀▀▀▀▀▀▀▀▀▀▀▀▀▀▀▀▀▀▀▀▀▀[38;2;232;232;232m▀   [m
