[48;2;0;0;0m                 [48;2;252;123;8m[38;2;0;0;0m▀[48;2;0;0;0m                        [m
[48;2;0;0;0m               [48;2;237;106;4m[38;2;0;0;0m▀[48;2;253;125;4m[38;2;244;115;5m▀[48;2;254;130;4m[38;2;254;137;5m▀ [48;2;252;123;8m[38;2;0;0;0m▀[48;2;0;0;0m                      [m
[48;2;0;0;0m               [48;2;244;104;3m[38;2;237;106;4m▀[48;2;253;125;4m   [48;2;254;130;4m[38;2;253;125;4m▀[48;2;0;0;0m     [48;2;168;10;1m[38;2;0;0;0m▀[48;2;171;18;2m▀▀[48;2;168;10;1m▀[48;2;0;0;0m             [m
[48;2;0;0;0m           [48;2;168;10;1m[38;2;0;0;0m▀▀▀[48;2;198;54;2m▀[48;2;253;125;4m[38;2;244;115;5m▀   [38;2;254;130;4m▀[48;2;254;130;4m[38;2;237;106;4m▀[48;2;232;68;2m[38;2;187;23;0m▀[48;2;215;40;0m[38;2;182;6;2m▀[38;2;187;23;0m▀[38;2;196;22;1m▀[38;2;206;29;0m▀[48;2;204;35;0m[38;2;215;40;0m▀[48;2;196;22;1m▀[48;2;188;39;2m[38;2;196;22;1m▀[48;2;237;106;4m[38;2;177;30;2m▀[48;2;0;0;0m            [m
[48;2;0;0;0m      [48;2;168;10;1m[38;2;0;0;0m▀[48;2;187;23;0m[38;2;171;18;2m▀[48;2;215;40;0m[38;2;182;6;2m▀[38;2;187;23;0m▀[38;2;196;22;1m▀[38;2;206;29;0m▀ [48;2;215;52;2m▀[48;2;237;100;3m[38;2;232;88;4m▀[48;2;250;117;5m[38;2;253;125;4m▀[48;2;253;125;4m [48;2;254;138;9m▀[48;2;253;125;4m [48;2;244;115;5m[38;2;254;130;4m▀[48;2;254;130;4m[38;2;254;137;5m▀[48;2;237;106;4m[38;2;237;100;3m▀[48;2;188;39;2m[38;2;224;58;2m▀[48;2;168;10;1m[38;2;215;40;0m▀[48;2;171;18;2m[38;2;204;35;0m▀[48;2;198;54;2m[38;2;196;22;1m▀[48;2;232;88;4m[38;2;168;10;1m▀[48;2;253;125;4m[38;2;188;39;2m▀[48;2;232;88;4m[38;2;230;98;3m▀[48;2;232;68;2m[38;2;250;117;5m▀[48;2;182;6;2m[38;2;0;0;0m▀[48;2;0;0;0m           [m
[48;2;0;0;0m      [48;2;250;117;5m[38;2;213;72;3m▀[48;2;254;137;5m[38;2;177;30;2m▀[48;2;220;85;2m[38;2;168;10;1m▀[48;2;177;30;2m[38;2;187;23;0m▀▀[48;2;168;10;1m[38;2;204;35;0m▀▀[48;2;188;39;2m[38;2;215;52;2m▀[48;2;177;30;2m[38;2;230;98;3m▀▀[48;2;188;39;2m[38;2;220;85;2m▀[38;2;213;72;3m▀[48;2;177;30;2m▀[48;2;198;54;2m [48;2;213;72;3m[38;2;177;30;2m▀[48;2;230;98;3m[38;2;171;18;2m▀[48;2;237;106;4m[38;2;188;39;2m▀[48;2;254;137;5m[38;2;204;67;2m▀[48;2;244;115;5m[38;2;230;98;3m▀[48;2;215;40;0m[38;2;237;100;3m▀[48;2;232;68;2m[38;2;255;146;5m▀[48;2;215;40;0m[38;2;244;104;3m▀[48;2;182;6;2m[38;2;196;3;0m▀ [48;2;187;23;0m[38;2;0;0;0m▀[48;2;0;0;0m[38;2;116;105;3m▀          [m
[48;2;0;0;0m     [48;2;116;105;3m[38;2;0;0;0m▀[48;2;177;30;2m[38;2;215;52;2m▀[48;2;196;3;0m[38;2;244;104;3m▀[38;2;232;88;4m▀[48;2;215;52;2m[38;2;253;125;4m▀[48;2;250;117;5m [48;2;237;100;3m[38;2;252;123;8m▀[48;2;232;88;4m[38;2;237;106;4m▀[48;2;254;130;4m[38;2;230;98;3m▀[48;2;254;138;9m[38;2;244;115;5m▀[48;2;232;88;4m[38;2;237;106;4m▀[48;2;237;100;3m▀[48;2;254;137;5m[38;2;244;115;5m▀[48;2;232;88;4m[38;2;254;137;5m▀[48;2;215;52;2m[38;2;252;123;8m▀[48;2;255;108;3m[38;2;254;138;9m▀[48;2;224;58;2m[38;2;244;115;5m▀[48;2;182;6;2m[38;2;232;88;4m▀[48;2;207;41;33m[38;2;253;125;4m▀[48;2;171;18;2m[38;2;232;68;2m▀[48;2;123;29;3m[38;2;182;6;2m▀[48;2;175;113;73m[38;2;196;3;0m▀[48;2;0;0;0m[38;2;182;6;2m▀[48;2;220;85;2m[38;2;177;30;2m▀[48;2;0;0;0m             [m
[48;2;0;0;0m     [38;2;116;105;3m▀[48;2;224;58;2m[38;2;0;0;0m▀[48;2;204;67;2m[38;2;187;23;0m▀[48;2;187;23;0m[38;2;0;0;0m▀[48;2;206;120;101m[38;2;196;22;1m▀[48;2;83;46;5m[38;2;214;59;22m▀[48;2;140;21;3m[38;2;196;3;0m▀[48;2;207;52;90m[38;2;182;6;2m▀[38;2;224;58;2m▀[48;2;198;35;61m[38;2;215;52;2m▀[48;2;123;29;3m[38;2;196;3;0m▀[48;2;140;21;3m▀[48;2;207;52;90m[38;2;232;68;2m▀[48;2;228;76;154m[38;2;196;22;1m▀[48;2;111;44;5m[38;2;182;6;2m▀[48;2;83;46;5m[38;2;207;41;33m▀[48;2;106;67;5m[38;2;198;35;61m▀[38;2;207;52;90m▀[48;2;83;46;5m[38;2;227;80;114m▀[48;2;139;34;3m[38;2;111;44;5m▀[48;2;83;46;5m[38;2;55;58;6m▀[48;2;120;136;94m[38;2;112;128;33m▀[48;2;0;0;0m               [m
[48;2;0;0;0m        [48;2;223;217;218m[38;2;210;100;80m▀[48;2;33;57;8m[38;2;146;80;56m▀[48;2;83;87;5m[38;2;58;69;6m▀[48;2;203;138;131m[38;2;156;112;65m▀[48;2;255;140;255m[38;2;235;138;223m▀[48;2;245;126;201m [48;2;219;102;114m[38;2;224;83;68m▀[48;2;248;132;231m[38;2;83;87;5m▀[48;2;232;104;162m[38;2;83;46;5m▀[48;2;209;87;145m[38;2;207;52;90m▀[48;2;64;93;10m[38;2;58;69;6m▀[38;2;87;106;2m▀[48;2;120;136;94m[38;2;116;122;80m▀[48;2;123;140;107m[38;2;146;111;75m▀[38;2;167;105;53m▀[48;2;33;57;8m [48;2;57;90;8m[38;2;33;57;8m▀▀[48;2;33;57;8m [48;2;123;140;107m[38;2;231;231;231m▀[48;2;0;0;0m              [m
[48;2;0;0;0m       [48;2;231;231;231m [48;2;33;57;8m[38;2;120;136;94m▀[48;2;57;90;8m[38;2;33;57;8m▀[48;2;255;140;255m[38;2;56;88;9m▀       [48;2;57;90;8m[38;2;33;57;8m▀ [48;2;123;140;107m   [48;2;33;57;8m[38;2;57;90;8m▀[48;2;57;90;8m [48;2;255;140;255m [48;2;57;90;8m[38;2;33;57;8m▀[48;2;33;57;8m [48;2;231;231;231m [48;2;0;0;0m             [m
[48;2;0;0;0m     [48;2;184;225;180m[38;2;0;0;0m▀[48;2;115;180;53m[38;2;198;224;167m▀[48;2;141;181;56m[38;2;140;193;83m▀[48;2;157;183;101m[38;2;89;141;49m▀[48;2;182;199;169m[38;2;136;146;121m▀[48;2;231;231;231m[38;2;227;185;226m▀[48;2;235;233;239m[38;2;223;195;228m▀[48;2;238;237;241m▀▀[38;2;227;185;226m▀[48;2;232;230;234m▀[38;2;218;174;223m▀[48;2;224;223;227m[38;2;217;158;208m▀[48;2;177;181;174m[38;2;71;89;53m▀[48;2;64;93;10m[38;2;57;90;8m▀[48;2;123;140;107m   [48;2;33;57;8m▀[48;2;57;90;8m [48;2;255;140;255m  [48;2;33;57;8m [38;2;123;140;107m▀[48;2;231;231;231m [48;2;0;0;0m            [m
[48;2;0;0;0m     [48;2;88;186;105m[38;2;98;190;109m▀[48;2;136;185;108m[38;2;115;180;53m▀[48;2;159;174;120m[38;2;141;181;56m▀[48;2;177;197;137m [48;2;190;214;138m[38;2;215;232;198m▀[48;2;164;198;93m▀▀▀▀[48;2;171;201;106m▀[48;2;193;215;146m[38;2;230;237;218m▀[48;2;180;203;116m[38;2;238;245;233m▀[48;2;166;189;119m[38;2;230;237;218m▀[48;2;246;156;245m[38;2;214;189;225m▀[48;2;33;57;8m [38;2;123;140;107m▀[48;2;57;90;8m▀[48;2;33;57;8m[38;2;57;90;8m▀ [48;2;255;140;255m   [48;2;33;57;8m▀ [48;2;231;231;231m [48;2;0;0;0m            [m
[48;2;0;0;0m     [38;2;238;245;233m▀[48;2;231;231;231m[38;2;253;253;253m▀[48;2;33;57;8m[38;2;116;128;104m▀[38;2;90;112;62m▀[48;2;173;176;113m[38;2;184;200;98m▀[48;2;207;215;80m[38;2;170;196;51m▀[48;2;192;210;54m[38;2;162;191;29m▀[38;2;163;192;30m▀[38;2;162;191;29m▀[48;2;207;215;80m[38;2;178;201;73m▀[48;2;173;176;113m[38;2;181;197;92m▀[48;2;248;132;231m[38;2;152;153;138m▀[48;2;255;140;255m[38;2;232;132;232m▀ [38;2;57;90;8m▀[48;2;33;57;8m  [48;2;57;90;8m[38;2;33;57;8m▀[48;2;255;140;255m[38;2;57;90;8m▀   [48;2;33;57;8m▀[48;2;123;140;107m[38;2;33;57;8m▀[48;2;231;231;231m [48;2;0;0;0m            [m
[48;2;0;0;0m     [48;2;231;231;231m[38;2;0;0;0m▀[48;2;33;57;8m[38;2;123;140;107m▀[48;2;57;90;8m[38;2;33;57;8m▀[48;2;255;140;255m[38;2;57;90;8m▀[38;2;186;141;195m▀[48;2;61;100;27m[38;2;201;204;124m▀[48;2;108;136;72m[38;2;223;223;115m▀[48;2;150;170;101m[38;2;224;226;115m▀[48;2;108;136;72m[38;2;223;223;115m▀[48;2;61;100;27m[38;2;201;204;124m▀[48;2;57;90;8m[38;2;186;141;195m▀[48;2;255;140;255m          [48;2;33;57;8m[38;2;57;90;8m▀ [48;2;231;231;231m [48;2;0;0;0m             [m
[48;2;0;0;0m    [48;2;231;231;231m [48;2;33;57;8m  [38;2;255;140;255m▀▀▀▀[48;2;40;64;17m▀[48;2;177;181;174m[38;2;136;146;121m▀[48;2;47;70;26m[38;2;56;88;9m▀[48;2;33;57;8m[38;2;57;90;8m▀▀▀▀[38;2;255;140;255m▀▀▀▀▀▀▀▀▀ [48;2;231;231;231m[38;2;123;140;107m▀[48;2;0;0;0m             [m
