[48;2;0;0;0m          [48;2;237;106;4m [48;2;253;125;4m [38;2;254;130;4m▀  [48;2;0;0;0m                           [m
[48;2;0;0;0m          [48;2;247;121;4m[38;2;244;104;3m▀[48;2;253;125;4m   [48;2;254;130;4m [48;2;237;106;4m[38;2;0;0;0m▀[48;2;187;23;0m▀[48;2;182;6;2m▀[48;2;196;22;1m▀[48;2;206;29;0m▀[48;2;187;23;0m [48;2;215;40;0m[38;2;168;10;1m▀[38;2;171;18;2m▀[48;2;196;3;0m[38;2;168;10;1m▀[48;2;188;39;2m[38;2;0;0;0m▀[48;2;0;0;0m                 [m
[48;2;0;0;0m  [48;2;171;18;2m[38;2;0;0;0m▀[48;2;182;6;2m▀[48;2;187;23;0m▀[48;2;196;22;1m▀[48;2;206;29;0m[38;2;168;10;1m▀[48;2;215;40;0m▀[48;2;206;29;0m▀[48;2;232;88;4m[38;2;198;54;2m▀[48;2;253;125;4m [48;2;247;121;4m[38;2;254;130;4m▀[48;2;253;125;4m   [48;2;254;137;5m▀[48;2;237;106;4m[38;2;232;68;2m▀[48;2;215;52;2m[38;2;215;40;0m▀[48;2;215;40;0m [48;2;204;35;0m▀[48;2;196;22;1m▀[48;2;168;10;1m[38;2;204;35;0m▀[48;2;188;39;2m[38;2;187;23;0m▀[48;2;230;98;3m[38;2;188;39;2m▀[48;2;250;117;5m[38;2;237;106;4m▀[48;2;0;0;0m                 [m
[48;2;0;0;0m [48;2;213;72;3m[38;2;168;10;1m▀[48;2;187;23;0m [48;2;168;10;1m[38;2;215;40;0m▀[48;2;187;23;0m▀▀[48;2;204;35;0m▀[48;2;215;40;0m [48;2;215;52;2m [48;2;230;98;3m[38;2;237;100;3m▀[38;2;247;121;4m▀[48;2;220;85;2m[38;2;253;125;4m▀[48;2;213;72;3m[38;2;254;130;4m▀[38;2;253;125;4m▀[48;2;204;67;2m[38;2;244;115;5m▀[48;2;177;30;2m[38;2;253;125;4m▀[48;2;171;18;2m[38;2;237;100;3m▀[48;2;188;39;2m[38;2;198;54;2m▀[48;2;204;67;2m[38;2;168;10;1m▀[48;2;230;98;3m▀[48;2;237;100;3m[38;2;198;54;2m▀[48;2;255;146;5m[38;2;232;88;4m▀[48;2;237;100;3m[38;2;253;125;4m▀[48;2;196;3;0m[38;2;232;88;4m▀[38;2;232;68;2m▀[48;2;0;0;0m[38;2;182;6;2m▀[48;2;116;105;3m[38;2;0;0;0m▀[48;2;0;0;0m               [m
[48;2;0;0;0m [48;2;215;52;2m[38;2;250;117;5m▀[48;2;244;104;3m[38;2;254;130;4m▀[48;2;232;88;4m[38;2;220;85;2m▀[48;2;254;130;4m[38;2;177;30;2m▀[48;2;250;117;5m▀[48;2;253;125;4m[38;2;168;10;1m▀[48;2;237;106;4m▀[48;2;230;98;3m[38;2;188;39;2m▀[48;2;237;106;4m[38;2;177;30;2m▀[48;2;244;115;5m▀[48;2;237;106;4m[38;2;188;39;2m▀[48;2;247;121;4m[38;2;177;30;2m▀[48;2;254;130;4m▀[48;2;247;121;4m[38;2;198;54;2m▀[48;2;254;138;9m[38;2;213;72;3m▀[48;2;244;115;5m[38;2;237;100;3m▀[48;2;232;88;4m[38;2;244;115;5m▀[48;2;250;117;5m[38;2;254;137;5m▀[48;2;232;68;2m[38;2;250;117;5m▀[48;2;182;6;2m[38;2;215;40;0m▀[48;2;196;3;0m[38;2;232;68;2m▀[48;2;182;6;2m[38;2;215;40;0m▀[48;2;187;23;0m[38;2;182;6;2m▀[48;2;0;0;0m▀[38;2;187;23;0m▀                [m
[48;2;116;105;3m [48;2;0;0;0m[38;2;177;30;2m▀[48;2;196;22;1m[38;2;196;3;0m▀[48;2;0;0;0m▀[48;2;196;22;1m[38;2;215;52;2m▀[48;2;214;59;22m[38;2;250;117;5m▀[48;2;196;3;0m[38;2;238;100;9m▀[38;2;232;88;4m▀[48;2;213;72;3m[38;2;254;130;4m▀[48;2;215;52;2m▀[48;2;196;3;0m[38;2;232;88;4m▀[48;2;182;6;2m[38;2;237;100;3m▀[48;2;232;68;2m[38;2;254;138;9m▀[48;2;196;22;1m[38;2;232;88;4m▀[48;2;182;6;2m[38;2;215;40;0m▀[48;2;208;53;50m[38;2;255;108;3m▀[48;2;167;63;88m[38;2;224;58;2m▀[38;2;182;6;2m▀[48;2;123;29;3m[38;2;188;39;2m▀[48;2;111;44;5m[38;2;208;53;50m▀[48;2;200;198;196m[38;2;182;6;2m▀[48;2;116;105;3m[38;2;156;62;2m▀[48;2;0;0;0m [38;2;213;72;3m▀                  [m
[48;2;0;0;0m [38;2;213;72;3m▀[38;2;204;67;2m▀[48;2;187;23;0m[38;2;177;30;2m▀[48;2;203;138;131m[38;2;171;18;2m▀[48;2;56;88;9m[38;2;146;80;56m▀[48;2;83;87;5m[38;2;139;34;3m▀[48;2;133;171;228m[38;2;123;29;3m▀[48;2;83;87;5m[38;2;167;63;88m▀[48;2;156;62;2m[38;2;140;21;3m▀[48;2;83;87;5m[38;2;139;34;3m▀[48;2;161;123;157m[38;2;167;63;88m▀[48;2;139;34;3m[38;2;123;29;3m▀[48;2;116;122;80m[38;2;83;46;5m▀[48;2;112;128;33m[38;2;111;44;5m▀[48;2;108;136;72m[38;2;83;46;5m▀[48;2;106;67;5m[38;2;111;44;5m▀[48;2;126;75;5m [48;2;33;57;8m[38;2;83;46;5m▀[38;2;139;34;3m▀[38;2;83;46;5m▀[48;2;123;140;107m[38;2;214;211;193m▀[48;2;0;0;0m                    [m
[48;2;0;0;0m   [48;2;231;231;231m[38;2;223;217;218m▀[48;2;33;57;8m[38;2;123;140;107m▀[38;2;58;69;6m▀[48;2;140;181;255m[38;2;83;87;5m▀ [38;2;147;157;208m▀[38;2;156;62;2m▀[38;2;56;88;9m▀[48;2;56;88;9m[38;2;161;123;157m▀[48;2;33;57;8m[38;2;111;44;5m▀[48;2;123;140;107m [38;2;116;122;80m▀[38;2;120;136;94m▀[48;2;57;90;8m[38;2;123;140;107m▀[48;2;33;57;8m [48;2;140;181;255m[38;2;33;57;8m▀[38;2;57;90;8m▀[48;2;57;90;8m[38;2;33;57;8m▀[48;2;33;57;8m [48;2;123;140;107m[38;2;231;231;231m▀[48;2;0;0;0m                   [m
[48;2;148;191;114m[38;2;0;0;0m▀[48;2;203;213;203m▀[48;2;224;223;227m▀[48;2;166;177;152m[38;2;123;140;107m▀[38;2;33;57;8m▀[48;2;190;203;225m▀[38;2;140;181;255m▀▀[48;2;173;191;223m▀[48;2;159;180;220m▀[48;2;148;177;231m▀[48;2;140;181;255m [48;2;33;57;8m [48;2;123;140;107m   [48;2;69;123;0m[38;2;123;140;107m▀[48;2;33;57;8m [48;2;140;181;255m   [38;2;57;90;8m▀[48;2;33;57;8m [48;2;123;140;107m[38;2;231;231;231m▀[48;2;0;0;0m                  [m
[48;2;177;197;137m[38;2;157;183;101m▀[48;2;215;232;198m[38;2;182;199;169m▀[38;2;233;230;238m▀▀[38;2;238;237;241m▀▀[38;2;235;233;239m▀[48;2;230;237;218m[38;2;232;230;234m▀[48;2;238;245;233m▀[48;2;230;237;218m[38;2;224;223;227m▀[48;2;190;203;225m[38;2;200;198;196m▀[48;2;140;181;255m [48;2;33;57;8m [48;2;57;90;8m[38;2;123;140;107m▀[48;2;123;140;107m  [48;2;33;57;8m[38;2;57;90;8m▀[48;2;140;181;255m▀    [48;2;33;57;8m [48;2;123;140;107m▀[48;2;231;231;231m [48;2;0;0;0m                 [m
[48;2;166;177;152m[38;2;177;197;137m▀[48;2;184;200;98m[38;2;190;214;138m▀[48;2;170;196;51m[38;2;164;198;93m▀[48;2;162;191;29m▀[48;2;163;192;30m▀[48;2;162;191;29m▀[48;2;178;201;73m[38;2;171;201;106m▀[48;2;181;197;92m[38;2;193;215;146m▀[48;2;136;146;121m[38;2;180;203;116m▀[48;2;133;171;228m[38;2;166;189;119m▀[48;2;140;181;255m[38;2;155;188;245m▀ [48;2;57;90;8m [48;2;33;57;8m [38;2;57;90;8m▀ [48;2;57;90;8m[38;2;33;57;8m▀[48;2;140;181;255m     [48;2;33;57;8m [48;2;123;140;107m [48;2;231;231;231m[38;2;0;0;0m▀[48;2;0;0;0m                 [m
[48;2;0;0;0m[38;2;253;253;253m▀[48;2;190;213;200m[38;2;177;197;137m▀[48;2;201;204;124m[38;2;207;215;80m▀[48;2;223;223;115m[38;2;192;210;54m▀[48;2;224;226;115m▀[48;2;223;223;115m▀[48;2;201;204;124m[38;2;207;215;80m▀[48;2;114;188;190m[38;2;157;183;101m▀[48;2;140;181;255m     [38;2;57;90;8m▀[48;2;57;90;8m[38;2;33;57;8m▀[48;2;140;181;255m▀      [38;2;57;90;8m▀[48;2;33;57;8m [38;2;123;140;107m▀[48;2;123;140;107m[38;2;0;0;0m▀[48;2;231;231;231m▀[48;2;0;0;0m               [m
[48;2;0;0;0m  [38;2;190;213;200m▀[48;2;226;226;226m[38;2;166;177;152m▀[48;2;108;136;72m[38;2;150;170;101m▀[48;2;33;57;8m[38;2;97;129;72m▀[48;2;56;88;9m[38;2;61;100;27m▀[38;2;140;181;255m▀[48;2;140;181;255m                [38;2;57;90;8m▀[48;2;57;90;8m[38;2;33;57;8m▀▀[48;2;33;57;8m [38;2;231;231;231m▀[48;2;123;140;107m[38;2;0;0;0m▀[48;2;231;231;231m▀[48;2;0;0;0m           [m
[48;2;0;0;0m   [48;2;226;226;226m [48;2;177;181;174m [48;2;47;70;26m [48;2;140;181;255m[38;2;57;90;8m▀[48;2;57;90;8m     [38;2;140;181;255m▀[48;2;140;181;255m              [38;2;57;90;8m▀[38;2;33;57;8m▀[48;2;33;57;8m [38;2;57;90;8m▀[38;2;231;231;231m▀[48;2;231;231;231m[38;2;0;0;0m▀[48;2;0;0;0m         [m
[48;2;253;253;253m[38;2;0;0;0m▀[48;2;238;237;241m▀[48;2;253;253;253m▀[48;2;212;213;213m[38;2;224;223;227m▀[48;2;177;181;174m[38;2;152;153;138m▀[38;2;51;82;38m▀[38;2;140;181;255m▀[48;2;116;128;104m▀[48;2;47;70;26m▀[48;2;33;57;8m▀▀▀[38;2;57;90;8m▀▀[38;2;140;181;255m▀▀▀▀▀▀▀▀▀▀▀▀▀▀▀▀[38;2;57;90;8m▀  [48;2;123;140;107m[38;2;231;231;231m▀[48;2;0;0;0m        [m
