[48;2;0;0;0m                                                                                                                                [m
[48;2;0;0;0m                                                                                                                                [m
[48;2;0;0;0m                                                                                                                                [m
[48;2;0;0;0m                                                                                                                                [m
[48;2;0;0;0m                                                                                                                                [m
[48;2;0;0;0m                                                                                                                                [m
[48;2;0;0;0m                                                                                                                                [m
[48;2;0;0;0m                                                                                                                                [m
[48;2;0;0;0m                                                                                                                                [m
[48;2;0;0;0m                                                                                                                                [m
[48;2;0;0;0m                                                                                                                                [m
[48;2;0;0;0m                                                                                                                                [m
[48;2;0;0;0m                                                                                                                                [m
[48;2;0;0;0m                                                                                                                                [m
[48;2;0;0;0m                                                                                                                                [m
[48;2;0;0;0m                                                                                                                                [m
[48;2;0;0;0m                                                                                                                                [m
[48;2;0;0;0m                                                           [48;2;0;2;0m[38;2;0;0;0m▀▀▀▀▀▀▀▀▀▀▀▀[48;2;0;0;0m                                                         [m
[48;2;0;0;0m                                                      [48;2;0;2;0m[38;2;0;0;0m▀▀                   ▀▀[48;2;0;0;0m                                                   [m
[48;2;0;0;0m                                                  [48;2;0;2;0m[38;2;0;0;0m▀▀     [48;2;56;82;118m[38;2;0;2;0m▀[48;2;101;138;195m▀[48;2;129;165;237m[38;2;9;17;23m▀[48;2;132;177;247m[38;2;52;74;105m▀[38;2;82;104;151m▀[38;2;95;118;169m▀[38;2;101;138;195m▀[38;2;108;149;212m▀[38;2;101;138;195m▀▀[38;2;92;130;186m▀[38;2;95;118;169m▀[38;2;56;82;118m▀[48;2;129;165;237m[38;2;9;17;23m▀[48;2;208;210;207m[38;2;0;2;0m▀[48;2;165;168;166m▀[48;2;86;86;84m▀[48;2;0;2;0m     [38;2;0;0;0m▀▀[48;2;0;0;0m                                               [m
[48;2;0;0;0m                                                [48;2;0;2;0m[38;2;0;0;0m▀    [48;2;63;88;125m[38;2;0;2;0m▀[48;2;117;157;221m[38;2;9;17;23m▀[48;2;132;177;247m[38;2;85;118;168m▀[38;2;117;157;221m▀              [48;2;253;255;252m   [38;2;208;210;207m▀[38;2;108;110;107m▀[48;2;208;210;207m[38;2;0;2;0m▀[48;2;122;124;121m▀[48;2;0;2;0m    [38;2;0;0;0m▀[48;2;0;0;0m                                             [m
[48;2;0;0;0m                                             [48;2;0;2;0m[38;2;0;0;0m▀    [48;2;63;88;125m[38;2;0;2;0m▀[48;2;129;165;237m[38;2;36;52;75m▀[48;2;132;177;247m[38;2;108;149;212m▀                  [48;2;253;255;252m       [38;2;216;219;215m▀[48;2;234;236;233m[38;2;66;67;65m▀[48;2;122;124;121m[38;2;0;2;0m▀[48;2;0;2;0m    [48;2;0;0;0m                                           [m
[48;2;0;0;0m                                           [48;2;0;2;0m[38;2;0;0;0m▀   [48;2;9;17;23m[38;2;0;2;0m▀[48;2;101;138;195m▀[48;2;132;177;247m[38;2;95;118;169m▀                     [48;2;253;255;252m         [38;2;247;252;255m▀[38;2;154;157;155m▀[48;2;154;157;155m[38;2;0;2;0m▀[48;2;0;2;0m   [38;2;0;0;0m▀[48;2;0;0;0m                                         [m
[48;2;0;0;0m                                         [48;2;0;2;0m[38;2;0;0;0m▀   [48;2;9;17;23m[38;2;0;2;0m▀[48;2;108;149;212m[38;2;9;17;23m▀[48;2;132;177;247m[38;2;108;149;212m▀                       [48;2;253;255;252m           [38;2;247;252;255m▀[48;2;243;244;241m[38;2;130;133;130m▀[48;2;98;99;97m[38;2;0;2;0m▀[48;2;0;2;0m   [48;2;0;0;0m                                        [m
[48;2;0;0;0m                                        [48;2;0;2;0m[38;2;0;0;0m▀   [48;2;101;138;195m[38;2;9;17;23m▀[48;2;132;177;247m[38;2;117;149;214m▀                 [48;2;137;172;245m[38;2;132;177;247m▀[48;2;101;138;195m▀[48;2;56;82;118m▀[48;2;0;2;0m[38;2;117;157;221m▀[38;2;101;138;195m▀[38;2;95;118;169m▀[38;2;82;104;151m▀[38;2;85;118;168m▀[38;2;182;182;181m▀[38;2;189;192;188m▀[38;2;234;236;233m▀[48;2;108;110;107m[38;2;253;255;252m▀[48;2;189;192;188m▀[48;2;253;255;252m        [38;2;225;227;224m▀[48;2;147;150;148m[38;2;0;2;0m▀[48;2;0;2;0m   [48;2;0;0;0m                                       [m
[48;2;0;0;0m                                       [48;2;0;2;0m   [48;2;57;71;104m[38;2;0;2;0m▀[48;2;129;165;237m[38;2;82;104;151m▀[48;2;132;177;247m                 [48;2;129;165;237m[38;2;132;177;247m▀[48;2;52;74;105m[38;2;129;165;237m▀[48;2;0;2;0m[38;2;56;82;118m▀            [38;2;130;133;130m▀[48;2;66;67;65m[38;2;234;236;233m▀[48;2;243;244;241m[38;2;253;255;252m▀[48;2;253;255;252m      [38;2;234;236;233m▀[48;2;165;168;166m[38;2;25;27;24m▀[48;2;0;2;0m   [48;2;0;0;0m                                      [m
[48;2;0;0;0m                                     [48;2;0;2;0m[38;2;0;0;0m▀   [48;2;85;118;168m[38;2;9;17;23m▀[48;2;132;177;247m[38;2;117;157;221m▀     [48;2;129;165;237m[38;2;132;177;247m▀[48;2;36;52;75m[38;2;118;163;231m▀[48;2;0;2;0m[38;2;82;104;151m▀[38;2;47;58;86m▀[38;2;82;104;151m▀[48;2;57;71;104m[38;2;129;165;237m▀[48;2;137;172;245m[38;2;132;177;247m▀[48;2;132;177;247m     [48;2;129;165;237m▀[48;2;9;17;23m[38;2;82;104;151m▀[48;2;0;2;0m  [48;2;9;17;23m[38;2;0;2;0m▀[48;2;80;108;152m[38;2;9;17;23m▀[48;2;94;135;185m[38;2;48;66;97m▀[38;2;80;108;152m▀[38;2;85;118;168m▀  [48;2;185;189;192m[38;2;173;175;173m▀[38;2;154;157;155m▀[38;2;108;110;107m▀[48;2;165;168;166m[38;2;0;2;0m▀[48;2;25;27;24m▀[48;2;0;2;0m  [48;2;25;27;24m[38;2;165;168;166m▀[48;2;234;236;233m[38;2;253;255;252m▀[48;2;253;255;252m [48;2;122;124;121m[38;2;243;244;241m▀[48;2;0;2;0m[38;2;154;157;155m▀[38;2;86;86;84m▀[38;2;140;142;140m▀[48;2;66;67;65m[38;2;234;236;233m▀[48;2;234;236;233m[38;2;225;227;224m▀[48;2;32;45;66m[38;2;0;2;0m▀[48;2;0;2;0m   [48;2;0;0;0m                                     [m
[48;2;0;0;0m                                    [48;2;0;2;0m[38;2;0;0;0m▀   [48;2;101;138;195m[38;2;32;45;66m▀[48;2;132;177;247m[38;2;129;165;237m▀      [48;2;56;82;118m[38;2;92;130;186m▀[48;2;0;2;0m     [48;2;82;104;151m[38;2;101;138;195m▀[48;2;132;177;247m     [48;2;85;118;168m▀[48;2;0;2;0m   [48;2;91;125;175m[38;2;69;97;140m▀[48;2;94;135;185m      [48;2;185;189;192m    [48;2;165;168;166m[38;2;130;133;130m▀[48;2;0;2;0m   [48;2;189;192;188m[38;2;208;210;207m▀[48;2;154;157;155m[38;2;199;202;198m▀[48;2;0;2;0m     [48;2;98;99;97m[38;2;173;175;173m▀[48;2;101;138;195m[38;2;82;104;151m▀[48;2;0;2;0m   [48;2;0;0;0m                                     [m
[48;2;0;0;0m                                   [48;2;0;2;0m[38;2;0;0;0m▀   [48;2;117;149;214m[38;2;63;88;125m▀[48;2;132;177;247m        [48;2;57;71;104m[38;2;21;31;46m▀[48;2;0;2;0m     [48;2;69;97;140m[38;2;52;74;105m▀[48;2;132;177;247m     [48;2;82;104;151m [48;2;0;2;0m  [48;2;9;17;23m [48;2;94;135;185m[38;2;92;130;186m▀      [48;2;185;189;192m    [38;2;182;182;181m▀[48;2;44;45;42m[38;2;0;2;0m▀[48;2;0;2;0m  [48;2;130;133;130m[38;2;165;168;166m▀[48;2;147;150;148m[38;2;130;133;130m▀[48;2;0;2;0m     [48;2;86;86;84m[38;2;25;27;24m▀[48;2;132;177;247m[38;2;118;163;231m▀[48;2;56;82;118m[38;2;0;2;0m▀[48;2;0;2;0m   [48;2;0;0;0m                                    [m
[48;2;0;0;0m                                  [48;2;0;2;0m[38;2;0;0;0m▀   [48;2;108;149;212m[38;2;56;82;118m▀[48;2;132;177;247m         [48;2;118;163;231m[38;2;82;104;151m▀[48;2;9;17;23m[38;2;0;2;0m▀[48;2;0;2;0m   [48;2;21;31;46m▀[48;2;129;165;237m[38;2;92;130;186m▀[48;2;132;177;247m     [48;2;63;88;125m[38;2;69;97;140m▀[48;2;0;2;0m  [48;2;32;45;66m[38;2;21;31;46m▀[48;2;94;135;185m       [48;2;185;189;192m     [48;2;117;117;115m[38;2;86;86;84m▀[48;2;0;2;0m  [38;2;66;67;65m▀[48;2;234;236;233m[38;2;182;182;181m▀[48;2;66;67;65m[38;2;0;2;0m▀[48;2;0;2;0m   [48;2;25;27;24m▀[48;2;225;227;224m[38;2;154;157;155m▀[48;2;132;177;247m [48;2;118;163;231m[38;2;101;138;195m▀[48;2;0;2;0m   [38;2;0;0;0m▀[48;2;0;0;0m                                   [m
[48;2;0;0;0m                                 [48;2;0;2;0m[38;2;0;0;0m▀   [48;2;101;138;195m[38;2;52;74;105m▀[48;2;132;177;247m           [38;2;108;149;212m▀[38;2;32;45;66m▀[48;2;118;163;231m[38;2;0;2;0m▀[48;2;132;177;247m[38;2;47;58;86m▀[38;2;117;157;221m▀      [48;2;52;74;105m[38;2;56;82;118m▀[48;2;0;2;0m  [48;2;36;52;75m [48;2;94;135;185m       [48;2;185;189;192m     [48;2;130;133;130m [48;2;0;2;0m   [48;2;234;236;233m[38;2;225;227;224m▀[48;2;253;255;252m▀[38;2;98;99;97m▀[48;2;234;236;233m[38;2;0;2;0m▀[48;2;253;255;252m[38;2;66;67;65m▀[38;2;208;210;207m▀ [48;2;132;177;247m  [48;2;129;165;237m[38;2;82;104;151m▀[48;2;32;45;66m[38;2;0;2;0m▀[48;2;0;2;0m   [48;2;0;0;0m                                  [m
[48;2;0;0;0m                                 [48;2;0;2;0m   [48;2;82;104;151m[38;2;21;31;46m▀[48;2;132;177;247m[38;2;137;172;245m▀                      [48;2;32;45;66m[38;2;57;71;104m▀[48;2;0;2;0m  [48;2;48;66;97m[38;2;45;63;89m▀[48;2;94;135;185m       [48;2;185;189;192m     [48;2;117;117;115m[38;2;122;124;121m▀[48;2;0;2;0m   [48;2;253;255;252m[38;2;243;244;241m▀      [48;2;132;177;247m   [38;2;101;138;195m▀[48;2;69;97;140m[38;2;0;2;0m▀[48;2;0;2;0m   [38;2;0;0;0m▀[48;2;0;0;0m                                [m
[48;2;0;0;0m                                [48;2;0;2;0m   [48;2;47;58;86m[38;2;0;2;0m▀[48;2;132;177;247m[38;2;117;149;214m▀                       [48;2;57;71;104m[38;2;21;31;46m▀[48;2;0;2;0m  [48;2;36;52;75m[38;2;52;74;105m▀[48;2;94;135;185m       [48;2;185;189;192m     [48;2;86;86;84m[38;2;108;110;107m▀[48;2;0;2;0m  [48;2;86;86;84m[38;2;44;45;42m▀[48;2;253;255;252m       [48;2;132;177;247m    [38;2;129;165;237m▀[48;2;117;149;214m[38;2;32;45;66m▀[48;2;0;2;0m   [38;2;0;0;0m▀[48;2;0;0;0m                               [m
[48;2;0;0;0m                               [48;2;0;2;0m[38;2;0;0;0m▀   [48;2;117;157;221m[38;2;95;118;169m▀[48;2;132;177;247m                        [48;2;85;118;168m[38;2;69;97;140m▀[48;2;0;2;0m  [38;2;9;17;23m▀[48;2;91;125;175m[38;2;94;135;185m▀[48;2;94;135;185m      [48;2;185;189;192m     [48;2;66;67;65m[38;2;86;86;84m▀[48;2;0;2;0m  [48;2;122;124;121m[38;2;98;99;97m▀[48;2;253;255;252m       [48;2;132;177;247m      [48;2;137;172;245m[38;2;85;118;168m▀[48;2;52;74;105m[38;2;0;2;0m▀[48;2;0;2;0m   [38;2;0;0;0m▀[48;2;0;0;0m                             [m
[48;2;0;0;0m                               [48;2;0;2;0m   [48;2;69;97;140m[38;2;9;17;23m▀[48;2;132;177;247m[38;2;137;172;245m▀                        [48;2;108;149;212m[38;2;101;138;195m▀[48;2;0;2;0m   [48;2;75;104;147m[38;2;85;118;168m▀[48;2;94;135;185m      [48;2;185;189;192m    [48;2;165;168;166m[38;2;185;189;192m▀[48;2;0;2;0m[38;2;25;27;24m▀  [48;2;182;182;181m[38;2;140;142;140m▀[48;2;253;255;252m       [48;2;132;177;247m       [38;2;117;157;221m▀[48;2;92;130;186m[38;2;9;17;23m▀[48;2;0;2;0m   [38;2;0;0;0m▀[48;2;0;0;0m                            [m
[48;2;0;0;0m                               [48;2;0;2;0m   [48;2;117;149;214m[38;2;92;130;186m▀[48;2;132;177;247m                         [48;2;129;165;237m[38;2;117;157;221m▀[48;2;0;2;0m   [48;2;56;82;118m[38;2;63;88;125m▀[48;2;94;135;185m      [48;2;185;189;192m    [48;2;108;110;107m[38;2;140;142;140m▀[48;2;0;2;0m  [48;2;25;27;24m[38;2;0;2;0m▀[48;2;243;244;241m[38;2;216;219;215m▀[48;2;253;255;252m       [48;2;132;177;247m        [38;2;137;172;245m▀[48;2;108;149;212m[38;2;57;71;104m▀[48;2;0;2;0m   [38;2;0;0;0m▀[48;2;0;0;0m                           [m
[48;2;0;0;0m                              [48;2;0;2;0m   [48;2;36;52;75m[38;2;9;17;23m▀[48;2;132;177;247m[38;2;129;165;237m▀                          [48;2;69;97;140m[38;2;32;45;66m▀[48;2;0;2;0m  [48;2;9;17;23m[38;2;45;63;89m▀[48;2;91;125;175m[38;2;94;135;185m▀[48;2;94;135;185m     [48;2;185;189;192m   [48;2;173;175;173m[38;2;185;189;192m▀[48;2;0;2;0m[38;2;44;45;42m▀  [48;2;173;175;173m[38;2;122;124;121m▀[48;2;253;255;252m        [48;2;132;177;247m          [48;2;108;149;212m[38;2;56;82;118m▀[48;2;0;2;0m   [38;2;0;0;0m▀[48;2;0;0;0m                          [m
[48;2;0;0;0m                              [48;2;0;2;0m   [48;2;69;97;140m[38;2;56;82;118m▀[48;2;132;177;247m                           [48;2;129;165;237m[38;2;101;138;195m▀[48;2;9;17;23m[38;2;0;2;0m▀[48;2;0;2;0m  [48;2;48;66;97m[38;2;69;97;140m▀[48;2;94;135;185m     [48;2;185;189;192m   [48;2;117;117;115m[38;2;140;142;140m▀[48;2;0;2;0m  [48;2;25;27;24m[38;2;0;2;0m▀[48;2;243;244;241m[38;2;216;219;215m▀[48;2;253;255;252m        [48;2;132;177;247m          [38;2;137;172;245m▀[48;2;85;118;168m[38;2;32;45;66m▀[48;2;0;2;0m   [48;2;0;0;0m                          [m
[48;2;0;0;0m                              [48;2;0;2;0m   [48;2;92;130;186m[38;2;82;104;151m▀[48;2;132;177;247m                            [48;2;101;138;195m[38;2;63;88;125m▀[48;2;0;2;0m  [38;2;9;17;23m▀[48;2;56;82;118m[38;2;91;125;175m▀[48;2;94;135;185m    [48;2;185;189;192m  [48;2;165;168;166m[38;2;185;189;192m▀[48;2;0;2;0m[38;2;44;45;42m▀  [48;2;173;175;173m[38;2;122;124;121m▀[48;2;253;255;252m         [48;2;132;177;247m           [48;2;117;157;221m[38;2;101;138;195m▀[48;2;0;2;0m   [38;2;0;0;0m▀[48;2;0;0;0m                         [m
[48;2;0;0;0m                              [48;2;0;2;0m   [48;2;95;118;169m[38;2;92;130;186m▀[48;2;132;177;247m                            [38;2;137;172;245m▀[48;2;92;130;186m[38;2;32;45;66m▀[48;2;0;2;0m  [38;2;9;17;23m▀[48;2;56;82;118m[38;2;91;125;175m▀[48;2;94;135;185m   [48;2;185;189;192m [48;2;173;175;173m[38;2;185;189;192m▀[48;2;25;27;24m[38;2;117;117;115m▀[48;2;0;2;0m  [48;2;98;99;97m[38;2;0;2;0m▀[48;2;253;255;252m[38;2;216;219;215m▀         [48;2;132;177;247m            [48;2;9;17;23m [48;2;0;2;0m   [48;2;0;0;0m                         [m
[48;2;0;0;0m                              [48;2;0;2;0m   [48;2;63;88;125m[38;2;82;104;151m▀[48;2;132;177;247m                             [38;2;129;165;237m▀[48;2;101;138;195m[38;2;21;31;46m▀[48;2;0;2;0m   [48;2;32;45;66m[38;2;80;108;152m▀[48;2;94;135;185m  [48;2;182;182;181m[38;2;185;189;192m▀[48;2;25;27;24m[38;2;130;133;130m▀[48;2;0;2;0m  [48;2;66;67;65m[38;2;0;2;0m▀[48;2;247;252;255m[38;2;189;192;188m▀[48;2;253;255;252m          [48;2;132;177;247m           [48;2;118;163;231m[38;2;129;165;237m▀[48;2;0;2;0m    [48;2;0;0;0m                         [m
[48;2;0;0;0m                              [48;2;0;2;0m   [48;2;21;31;46m[38;2;57;71;104m▀[48;2;132;177;247m                               [48;2;118;163;231m[38;2;63;88;125m▀[48;2;21;31;46m[38;2;0;2;0m▀[48;2;0;2;0m  [38;2;52;74;105m▀[48;2;75;104;147m[38;2;94;135;185m▀[48;2;75;73;72m[38;2;140;142;140m▀[48;2;0;2;0m  [48;2;25;27;24m[38;2;0;2;0m▀[48;2;234;236;233m[38;2;173;175;173m▀[48;2;253;255;252m           [48;2;132;177;247m           [48;2;101;138;195m[38;2;117;157;221m▀[48;2;0;2;0m   [48;2;0;0;0m                          [m
[48;2;0;0;0m                              [38;2;0;2;0m▀[48;2;0;2;0m   [48;2;85;118;168m[38;2;117;149;214m▀[48;2;132;177;247m                               [38;2;101;138;195m▀[48;2;82;104;151m[38;2;0;2;0m▀[48;2;0;2;0m  [38;2;9;17;23m▀   [48;2;225;227;224m[38;2;154;157;155m▀[48;2;253;255;252m            [48;2;132;177;247m           [48;2;57;71;104m[38;2;82;104;151m▀[48;2;0;2;0m   [48;2;0;0;0m                          [m
[48;2;0;0;0m                               [48;2;0;2;0m   [38;2;36;52;75m▀[48;2;117;149;214m[38;2;132;177;247m▀[48;2;132;177;247m                               [38;2;129;165;237m▀[48;2;117;149;214m[38;2;36;52;75m▀[48;2;0;2;0m    [48;2;208;210;207m[38;2;122;124;121m▀[48;2;253;255;252m             [48;2;132;177;247m          [48;2;108;149;212m[38;2;129;165;237m▀[48;2;0;2;0m   [48;2;132;177;247m[38;2;0;2;0m▀[48;2;0;0;0m                          [m
[48;2;0;0;0m                                [48;2;0;2;0m   [48;2;9;3;1m[38;2;82;104;151m▀[48;2;118;163;231m[38;2;132;177;247m▀[48;2;132;177;247m                                [48;2;137;172;245m[38;2;85;118;168m▀[48;2;57;71;104m[38;2;0;2;0m▀[48;2;0;2;0m [48;2;189;192;188m[38;2;86;86;84m▀[48;2;253;255;252m              [48;2;132;177;247m          [48;2;85;118;168m[38;2;101;138;195m▀[48;2;0;2;0m   [48;2;0;0;0m                           [m
[48;2;0;0;0m                                [38;2;0;2;0m▀[48;2;0;2;0m   [38;2;63;88;125m▀[48;2;108;149;212m[38;2;132;177;247m▀[48;2;132;177;247m                                [38;2;117;157;221m▀[48;2;225;227;224m[38;2;44;45;42m▀[48;2;253;255;252m[38;2;243;244;241m▀              [48;2;132;177;247m          [48;2;57;71;104m[38;2;69;97;140m▀[48;2;0;2;0m   [48;2;0;0;0m                           [m
[48;2;0;0;0m                                [48;2;0;2;0m     [38;2;47;58;86m▀[48;2;95;118;169m[38;2;137;172;245m▀[48;2;132;177;247m                                [48;2;253;255;252m                [48;2;132;177;247m          [48;2;75;104;147m[38;2;52;74;105m▀[48;2;0;2;0m   [48;2;0;0;0m                           [m
[48;2;0;0;0m                               [48;2;0;2;0m   [48;2;16;17;11m[38;2;0;2;0m▀[48;2;113;95;62m[38;2;0;5;9m▀[48;2;0;2;0m  [38;2;9;17;23m▀[48;2;47;58;86m[38;2;117;157;221m▀[48;2;129;165;237m[38;2;132;177;247m▀[48;2;132;177;247m                              [48;2;253;255;252m                [48;2;132;177;247m        [48;2;137;172;245m▀[48;2;221;203;185m[38;2;156;175;238m▀[48;2;145;122;77m[38;2;103;102;111m▀[48;2;0;2;0m   [38;2;0;0;0m▀[48;2;0;0;0m                          [m
[48;2;0;0;0m                             [48;2;0;2;0m[38;2;0;0;0m▀   [48;2;89;72;48m[38;2;0;2;0m▀[48;2;254;214;138m[38;2;113;95;62m▀ [48;2;226;189;124m[38;2;36;42;58m▀[48;2;36;42;58m[38;2;0;2;0m▀[48;2;0;2;0m  [38;2;56;82;118m▀[48;2;82;104;151m[38;2;137;172;245m▀[48;2;132;177;247m                             [48;2;253;255;252m                [48;2;132;177;247m       [48;2;156;175;238m[38;2;132;177;247m▀[48;2;251;214;152m[38;2;207;195;196m▀[48;2;254;214;138m  [48;2;145;122;77m[38;2;16;17;11m▀[48;2;0;2;0m   [38;2;0;0;0m▀[48;2;0;0;0m                         [m
[48;2;0;0;0m                           [48;2;0;2;0m[38;2;0;0;0m▀   [48;2;32;27;18m[38;2;0;2;0m▀[48;2;226;189;124m[38;2;62;53;35m▀[48;2;254;214;138m    [38;2;180;148;97m▀[48;2;131;135;124m[38;2;9;17;23m▀[48;2;0;2;0m   [48;2;9;17;23m[38;2;101;138;195m▀[48;2;117;149;214m[38;2;132;177;247m▀[48;2;132;177;247m                           [48;2;253;255;252m                [48;2;132;177;247m     [48;2;137;172;245m▀[48;2;221;203;185m[38;2;148;188;253m▀[48;2;254;214;138m[38;2;238;206;167m▀    [48;2;145;122;77m[38;2;16;17;11m▀[48;2;0;2;0m   [38;2;0;0;0m▀[48;2;0;0;0m                        [m
[48;2;0;0;0m                         [48;2;0;2;0m[38;2;0;0;0m▀    [48;2;204;169;107m[38;2;16;17;11m▀[48;2;254;214;138m[38;2;226;189;124m▀       [38;2;89;72;48m▀[48;2;46;39;24m[38;2;0;2;0m▀[48;2;0;2;0m  [38;2;9;17;23m▀[38;2;101;138;195m▀[48;2;92;130;186m[38;2;132;177;247m▀[48;2;132;177;247m                         [48;2;253;255;252m                [48;2;132;177;247m   [48;2;166;184;233m▀[48;2;221;203;185m▀[48;2;254;214;138m[38;2;207;195;196m▀       [48;2;226;189;124m[38;2;62;53;35m▀[48;2;0;2;0m    [48;2;0;0;0m                       [m
[48;2;0;0;0m                      [48;2;0;2;0m[38;2;0;0;0m▀▀   [48;2;16;17;11m[38;2;0;2;0m▀[48;2;204;169;107m▀[48;2;254;214;138m[38;2;180;148;97m▀          [38;2;226;189;124m▀[38;2;46;39;24m▀[48;2;89;72;48m[38;2;0;2;0m▀[48;2;0;2;0m   [38;2;63;88;125m▀[48;2;9;17;23m[38;2;117;157;221m▀[48;2;95;118;169m[38;2;132;177;247m▀[48;2;129;165;237m▀[48;2;132;177;247m                     [48;2;253;255;252m              [48;2;253;248;235m[38;2;253;255;252m▀[48;2;255;235;205m▀[48;2;241;208;163m[38;2;137;172;245m▀[48;2;254;214;138m[38;2;166;184;233m▀[38;2;221;203;185m▀           [38;2;145;122;77m▀[48;2;62;53;35m[38;2;0;2;0m▀[48;2;0;2;0m   [48;2;0;0;0m                      [m
[48;2;0;0;0m                    [48;2;0;2;0m[38;2;0;0;0m▀    [48;2;113;95;62m[38;2;0;2;0m▀[48;2;254;214;138m[38;2;62;53;35m▀[38;2;226;189;124m▀               [38;2;113;95;62m▀[48;2;180;148;97m[38;2;0;2;0m▀[48;2;46;48;52m▀[48;2;0;2;0m   [38;2;9;17;23m▀[38;2;82;104;151m▀[38;2;117;149;214m▀[48;2;32;45;66m[38;2;132;177;247m▀[48;2;69;97;140m▀[48;2;95;118;169m▀[48;2;108;149;212m▀[48;2;129;165;237m▀[48;2;132;177;247m              [48;2;253;255;252m     [48;2;253;248;235m[38;2;253;255;252m▀▀▀[48;2;255;235;205m▀[48;2;253;226;178m▀[48;2;254;214;138m▀[38;2;253;248;235m▀[38;2;255;235;205m▀[38;2;253;226;178m▀                 [38;2;226;189;124m▀[48;2;113;95;62m[38;2;0;2;0m▀[48;2;0;2;0m   [38;2;0;0;0m▀[48;2;0;0;0m                    [m
[48;2;0;0;0m                  [48;2;0;2;0m[38;2;0;0;0m▀    [48;2;180;148;97m[38;2;0;2;0m▀[48;2;254;214;138m[38;2;145;122;77m▀                     [38;2;113;95;62m▀[48;2;226;189;124m[38;2;16;22;33m▀[48;2;145;122;77m[38;2;0;2;0m▀[48;2;46;48;52m▀[48;2;0;2;0m      [38;2;9;17;23m▀[48;2;75;73;72m[38;2;117;149;214m▀[48;2;238;206;167m[38;2;132;177;247m▀▀[48;2;229;206;173m▀[48;2;221;203;185m▀▀▀▀▀▀[48;2;229;206;173m▀▀[48;2;251;214;152m[38;2;137;172;245m▀[48;2;254;214;138m[38;2;166;184;233m▀[38;2;253;248;235m▀[38;2;255;235;205m▀[38;2;253;226;178m▀▀[38;2;251;214;152m▀                           [38;2;226;189;124m▀[48;2;113;95;62m[38;2;0;2;0m▀[48;2;0;2;0m   [38;2;0;0;0m▀[48;2;0;0;0m                   [m
[48;2;0;0;0m                [48;2;0;2;0m[38;2;0;0;0m▀    [48;2;180;148;97m[38;2;0;2;0m▀[48;2;254;214;138m[38;2;180;148;97m▀                           [38;2;204;169;107m▀[38;2;113;95;62m▀[38;2;62;53;35m▀[38;2;0;2;0m▀[48;2;226;189;124m▀[48;2;180;148;97m▀[48;2;204;169;107m▀[48;2;254;214;138m[38;2;145;122;77m▀                                              [38;2;226;189;124m▀[48;2;113;95;62m[38;2;16;17;11m▀[48;2;0;2;0m   [48;2;0;0;0m                   [m
[48;2;0;0;0m               [48;2;0;2;0m    [48;2;204;169;107m[38;2;22;11;11m▀[48;2;254;214;138m[38;2;204;169;107m▀                                                                                    [38;2;226;189;124m▀[48;2;62;53;35m[38;2;0;2;0m▀[48;2;0;2;0m   [48;2;0;0;0m                  [m
[48;2;0;0;0m             [48;2;0;2;0m[38;2;0;0;0m▀   [48;2;113;95;62m[38;2;0;2;0m▀[48;2;254;214;138m[38;2;145;122;77m▀                                                                                       [48;2;226;189;124m▀[48;2;0;2;0m   [38;2;0;0;0m▀[48;2;0;0;0m                 [m
[48;2;0;0;0m            [48;2;0;2;0m[38;2;0;0;0m▀   [48;2;180;148;97m[38;2;32;27;18m▀[48;2;254;214;138m                                                                                          [48;2;113;95;62m[38;2;46;39;24m▀[48;2;0;2;0m   [48;2;0;0;0m                 [m
[48;2;0;0;0m           [48;2;0;2;0m[38;2;0;0;0m▀   [48;2;204;169;107m[38;2;62;53;35m▀[48;2;254;214;138m                                                                                           [38;2;226;189;124m▀[48;2;32;27;18m[38;2;0;2;0m▀[48;2;0;2;0m   [48;2;0;0;0m                [m
[48;2;0;0;0m           [48;2;0;2;0m   [48;2;113;95;62m[38;2;46;39;24m▀[48;2;254;214;138m                                                                                             [48;2;113;95;62m[38;2;62;53;35m▀[48;2;0;2;0m   [48;2;0;0;0m                [m
[48;2;0;0;0m          [48;2;0;2;0m   [48;2;32;27;18m[38;2;0;2;0m▀[48;2;254;214;138m[38;2;226;189;124m▀                                                                                             [48;2;180;148;97m[38;2;145;122;77m▀[48;2;0;2;0m   [48;2;0;0;0m                [m
[48;2;0;0;0m          [48;2;0;2;0m   [48;2;113;95;62m[38;2;89;72;48m▀[48;2;254;214;138m                                                                                              [48;2;180;148;97m [48;2;0;2;0m   [48;2;0;0;0m                [m
[48;2;0;0;0m          [48;2;0;2;0m   [38;2;46;39;24m▀[38;2;89;72;48m▀▀▀▀▀▀▀▀▀▀▀▀▀▀▀▀▀▀▀▀▀▀▀▀▀▀▀▀▀▀▀▀▀▀▀▀▀▀▀▀▀▀▀▀▀▀▀▀▀▀▀▀▀▀▀▀▀▀▀▀▀▀▀▀▀▀▀▀▀▀▀▀▀▀▀▀▀▀▀▀▀▀▀▀▀▀▀▀▀▀▀▀▀▀[38;2;62;53;35m▀   [48;2;0;0;0m                [m
[48;2;0;0;0m          [48;2;0;2;0m                                                                                                      [48;2;0;0;0m                [m
