[48;2;0;0;0m                                   [m
[48;2;0;0;0m      [48;2;231;231;231m[38;2;0;0;0m▀[48;2;57;90;8m[38;2;231;231;231m▀[48;2;33;57;8m▀▀[38;2;123;140;107m▀[38;2;231;231;231m▀▀[48;2;123;140;107m▀[48;2;231;231;231m[38;2;0;0;0m▀[48;2;0;0;0m                    [m
[48;2;0;0;0m   [48;2;231;231;231m[38;2;0;0;0m▀[48;2;57;90;8m[38;2;231;231;231m▀[48;2;33;57;8m[38;2;123;140;107m▀ [48;2;140;181;255m[38;2;33;57;8m▀[38;2;57;90;8m▀▀▀▀[38;2;33;57;8m▀▀[48;2;33;57;8m [38;2;123;140;107m▀[48;2;231;231;231m[38;2;0;0;0m▀[48;2;0;0;0m                  [m
[48;2;0;0;0m  [48;2;123;140;107m[38;2;231;231;231m▀[48;2;33;57;8m[38;2;123;140;107m▀ [48;2;140;181;255m [48;2;33;57;8m[38;2;140;181;255m▀[48;2;57;90;8m▀[48;2;140;181;255m [48;2;33;57;8m▀▀▀▀▀[48;2;57;90;8m▀[48;2;33;57;8m  [38;2;231;231;231m▀[48;2;231;231;231m[38;2;0;0;0m▀[48;2;0;0;0m                [m
[48;2;231;231;231m[38;2;0;0;0m▀[48;2;123;140;107m[38;2;231;231;231m▀[48;2;33;57;8m [48;2;57;90;8m[38;2;33;57;8m▀[48;2;140;181;255m [38;2;57;90;8m▀[48;2;33;57;8m [48;2;57;90;8m [48;2;140;181;255m [48;2;33;57;8m [48;2;123;140;107m   ▀[48;2;33;57;8m  [48;2;57;90;8m[38;2;33;57;8m▀[48;2;33;57;8m [38;2;123;140;107m▀[48;2;231;231;231m[38;2;0;0;0m▀[48;2;0;0;0m               [m
[48;2;34;24;14m  [48;2;47;37;27m[38;2;47;36;30m▀[48;2;47;36;30m[38;2;47;37;27m▀[48;2;47;37;28m▀[48;2;47;37;27m[38;2;47;37;28m▀[48;2;140;181;255m  [38;2;57;90;8m▀[48;2;33;57;8m [48;2;123;140;107m   ▀[48;2;33;57;8m [48;2;140;181;255m  ▀[48;2;57;90;8m[38;2;33;57;8m▀[48;2;33;57;8m[38;2;123;140;107m▀[48;2;231;231;231m[38;2;0;0;0m▀[48;2;0;0;0m              [m
[48;2;52;42;33m  [48;2;64;54;45m [38;2;65;55;46m▀▀▀ [48;2;64;55;40m[38;2;64;54;45m▀[48;2;140;181;255m [48;2;33;57;8m [48;2;123;140;107m   [48;2;57;90;8m[38;2;66;123;0m▀[38;2;33;57;8m▀[48;2;140;181;255m    [48;2;33;57;8m [48;2;57;90;8m[38;2;123;140;107m▀[48;2;231;231;231m[38;2;0;0;0m▀[48;2;0;0;0m             [m
[48;2;242;242;242m[38;2;241;242;244m▀▀[48;2;254;255;255m    [48;2;181;181;181m [48;2;140;181;255m  [48;2;57;90;8m[38;2;33;57;8m▀[48;2;33;57;8m[38;2;57;90;8m▀[48;2;57;90;8m[38;2;123;140;107m▀[48;2;33;57;8m▀ [48;2;140;181;255m     [48;2;33;57;8m [48;2;123;140;107m [48;2;0;0;0m[38;2;231;231;231m▀             [m
[48;2;141;63;27m[38;2;242;242;242m▀▀[48;2;154;75;36m[38;2;254;255;255m▀[48;2;155;75;40m▀▀[48;2;155;77;39m▀[48;2;144;81;40m[38;2;181;181;181m▀[48;2;140;181;255m  [38;2;57;90;8m▀[48;2;57;90;8m[38;2;33;57;8m▀[48;2;33;57;8m  [48;2;140;181;255m[38;2;57;90;8m▀     [48;2;57;90;8m[38;2;33;57;8m▀[48;2;33;57;8m[38;2;123;140;107m▀[48;2;123;140;107m[38;2;231;231;231m▀[48;2;0;0;0m             [m
[48;2;252;249;244m[38;2;138;63;31m▀[48;2;254;255;255m[38;2;237;214;200m▀[48;2;245;253;255m[38;2;151;76;44m▀[48;2;220;199;180m[38;2;155;75;40m▀[48;2;151;76;36m[38;2;154;75;36m▀[48;2;154;75;36m [48;2;140;181;255m[38;2;140;132;144m▀    [38;2;57;90;8m▀        [38;2;33;57;8m▀[48;2;57;90;8m▀[48;2;33;57;8m[38;2;123;140;107m▀[38;2;231;231;231m▀[38;2;0;0;0m▀[48;2;231;231;231m▀[48;2;0;0;0m         [m
[48;2;172;156;140m   [48;2;249;255;255m [48;2;155;77;39m[38;2;156;76;39m▀[48;2;154;75;36m [48;2;57;90;8m[38;2;140;181;255m▀▀▀[48;2;140;181;255m             [38;2;57;90;8m▀▀[48;2;57;90;8m[38;2;33;57;8m▀[48;2;33;57;8m [38;2;123;140;107m▀[48;2;57;90;8m[38;2;231;231;231m▀[48;2;231;231;231m[38;2;0;0;0m▀[48;2;0;0;0m      [m
[48;2;136;60;24m[38;2;254;255;255m▀[48;2;157;101;76m▀[48;2;154;75;34m[38;2;248;242;242m▀[48;2;154;75;36m[38;2;220;199;180m▀[48;2;151;75;43m[38;2;154;75;34m▀[48;2;154;75;36m [48;2;140;181;255m[38;2;57;90;8m▀▀▀[48;2;57;90;8m [38;2;140;181;255m▀[48;2;140;181;255m               [38;2;33;57;8m▀[48;2;57;90;8m▀[48;2;33;57;8m [38;2;231;231;231m▀[48;2;231;231;231m[38;2;0;0;0m▀[48;2;0;0;0m    [m
[48;2;0;0;0m[38;2;141;63;25m▀▀[38;2;154;75;36m▀[38;2;155;75;40m▀[38;2;154;75;36m▀▀[38;2;33;57;8m▀▀▀▀▀▀▀▀▀▀▀▀▀▀▀▀▀▀▀▀▀▀▀▀[38;2;123;140;107m▀    [m
