[48;2;0;0;0m                    [48;2;237;107;4m [48;2;253;125;4m [38;2;254;130;4m▀  [48;2;0;0;0m                 [m
[48;2;0;0;0m                    [48;2;244;116;4m[38;2;237;107;4m▀[48;2;253;125;4m   [48;2;254;130;4m [48;2;237;107;4m[38;2;0;0;0m▀[48;2;187;26;0m▀[48;2;181;11;1m▀[48;2;187;26;0m▀[48;2;195;27;1m▀[48;2;205;29;0m[38;2;173;18;1m▀[48;2;213;42;0m[38;2;171;13;1m▀[48;2;225;40;0m▀[48;2;195;18;1m▀[48;2;180;34;1m[38;2;0;0;0m▀[48;2;0;0;0m       [m
[48;2;0;0;0m            [48;2;171;13;1m[38;2;0;0;0m▀▀[48;2;183;22;1m▀[48;2;195;27;1m▀[48;2;205;29;0m[38;2;158;5;5m▀[48;2;214;36;0m[38;2;171;13;1m▀[48;2;205;29;0m▀[48;2;229;89;2m[38;2;198;57;1m▀[48;2;253;125;4m    [38;2;247;120;4m▀[48;2;255;137;8m[38;2;254;130;4m▀[48;2;242;103;3m[38;2;231;66;2m▀[48;2;218;53;0m[38;2;214;36;0m▀[48;2;217;42;0m[38;2;213;42;0m▀[48;2;205;33;0m[38;2;217;42;0m▀[48;2;187;26;0m[38;2;213;42;0m▀[48;2;181;11;1m[38;2;205;33;0m▀[48;2;187;35;1m[38;2;189;19;0m▀[48;2;230;99;2m[38;2;189;45;2m▀[48;2;250;118;5m[38;2;237;107;4m▀[48;2;0;0;0m       [m
[48;2;0;0;0m           [48;2;209;71;4m[38;2;163;10;1m▀[48;2;187;35;1m[38;2;189;19;0m▀[48;2;161;0;0m[38;2;217;42;0m▀[48;2;189;19;0m▀▀[48;2;205;33;0m▀[38;2;214;36;0m▀[48;2;212;50;4m[38;2;218;53;0m▀[48;2;230;99;2m[38;2;237;100;3m▀[38;2;247;120;4m▀[48;2;217;82;2m[38;2;254;130;4m▀[48;2;212;76;2m▀[38;2;253;125;4m▀[48;2;198;57;1m[38;2;250;118;5m▀[48;2;173;27;2m[38;2;253;125;4m▀[48;2;167;17;0m[38;2;237;107;4m▀[48;2;189;45;2m[38;2;200;46;2m▀[48;2;203;68;2m[38;2;172;5;1m▀[48;2;230;99;2m[38;2;171;13;1m▀[48;2;237;107;4m[38;2;195;51;2m▀[48;2;255;146;5m[38;2;229;89;2m▀[48;2;242;103;3m[38;2;253;125;4m▀[48;2;187;2;0m[38;2;234;86;3m▀[48;2;194;0;0m[38;2;234;69;2m▀[48;2;0;0;0m[38;2;181;11;1m▀[48;2;113;117;0m[38;2;0;0;0m▀[48;2;0;0;0m     [m
[48;2;0;0;0m           [48;2;212;50;4m[38;2;250;118;5m▀[48;2;244;106;3m[38;2;254;130;4m▀[48;2;234;86;3m[38;2;222;89;3m▀[48;2;253;125;4m[38;2;180;34;1m▀[48;2;247;120;4m[38;2;178;28;2m▀[48;2;253;125;4m[38;2;163;10;1m▀[48;2;237;107;4m[38;2;171;13;1m▀[48;2;229;89;2m[38;2;187;35;1m▀[48;2;244;116;4m[38;2;173;27;2m▀[38;2;174;33;2m▀[48;2;237;107;4m[38;2;189;45;2m▀[48;2;247;120;4m[38;2;180;34;1m▀[48;2;255;137;8m[38;2;178;28;2m▀[48;2;253;125;4m[38;2;195;51;2m▀[48;2;255;137;8m[38;2;212;76;2m▀[48;2;250;118;5m[38;2;230;99;2m▀[48;2;236;90;4m[38;2;244;106;3m▀[48;2;253;125;4m[38;2;253;137;5m▀[48;2;231;66;2m[38;2;244;106;3m▀[48;2;172;5;1m[38;2;213;42;0m▀[48;2;163;10;1m[38;2;234;69;2m▀[48;2;199;91;91m[38;2;217;42;0m▀[48;2;178;28;2m[38;2;187;2;0m▀[48;2;0;0;0m[38;2;180;4;0m▀[38;2;187;26;0m▀      [m
[48;2;0;0;0m          [48;2;122;98;2m[38;2;111;101;8m▀[48;2;0;0;0m[38;2;173;27;2m▀[48;2;195;18;1m[38;2;194;11;1m▀[48;2;0;0;0m[38;2;194;0;0m▀[48;2;195;18;1m[38;2;217;60;2m▀[48;2;213;42;0m[38;2;250;118;5m▀[48;2;207;8;0m[38;2;230;99;2m▀[48;2;194;0;0m[38;2;234;86;3m▀[48;2;217;60;2m[38;2;254;130;4m▀[48;2;224;52;2m[38;2;253;137;5m▀[48;2;194;0;0m[38;2;229;89;2m▀[48;2;180;4;0m[38;2;237;100;3m▀[48;2;231;66;2m[38;2;253;137;5m▀[48;2;207;8;0m[38;2;228;84;3m▀[48;2;181;8;8m[38;2;212;50;4m▀[48;2;174;33;2m[38;2;255;108;3m▀[48;2;151;21;2m[38;2;227;60;2m▀[48;2;162;53;39m[38;2;172;5;1m▀[48;2;151;71;52m[38;2;187;35;1m▀[48;2;108;35;5m[38;2;151;21;2m▀[48;2;55;59;6m[38;2;133;39;3m▀[48;2;89;100;2m[38;2;113;59;3m▀[48;2;59;67;5m[38;2;127;123;89m▀[48;2;222;187;173m[38;2;217;82;2m▀[48;2;0;0;0m        [m
[48;2;0;0;0m           [38;2;218;66;3m▀[38;2;203;68;2m▀[48;2;187;26;0m[38;2;178;28;2m▀[48;2;0;0;0m[38;2;173;18;1m▀ [48;2;151;142;69m[38;2;171;13;1m▀[48;2;43;67;7m[38;2;161;54;41m▀[48;2;67;56;7m[38;2;137;27;3m▀[48;2;214;81;33m[38;2;149;30;2m▀[48;2;241;124;108m[38;2;215;60;58m▀[48;2;227;98;89m[38;2;205;47;47m▀[48;2;209;60;47m[38;2;127;33;4m▀[48;2;219;126;101m[38;2;92;35;5m▀[48;2;145;131;38m[38;2;200;78;58m▀[48;2;59;67;5m[38;2;81;47;5m▀[48;2;151;113;77m[38;2;162;97;55m▀[48;2;158;115;62m[38;2;151;113;77m▀[48;2;151;142;69m[38;2;142;106;72m▀[48;2;66;123;0m[38;2;161;54;41m▀[48;2;33;57;8m[38;2;78;47;5m▀[48;2;255;140;140m[38;2;43;67;7m▀[48;2;33;57;8m [38;2;123;140;107m▀[48;2;231;231;231m[38;2;0;0;0m▀[48;2;0;0;0m       [m
[48;2;0;0;0m               [48;2;231;231;231m[38;2;0;0;0m▀[48;2;33;57;8m[38;2;87;95;4m▀ [48;2;255;140;140m[38;2;79;82;7m▀[38;2;228;102;63m▀[38;2;248;132;127m▀[38;2;227;98;89m▀[38;2;223;88;76m▀ [38;2;219;126;101m▀[48;2;33;57;8m[38;2;41;61;7m▀[48;2;123;140;107m    [48;2;33;57;8m [48;2;255;140;140m  [48;2;33;57;8m [38;2;123;140;107m▀[48;2;231;231;231m[38;2;0;0;0m▀[48;2;0;0;0m      [m
[48;2;0;0;0m              [48;2;231;231;231m[38;2;0;0;0m▀[48;2;33;57;8m[38;2;231;231;231m▀ [48;2;255;140;140m[38;2;33;57;8m▀       [48;2;57;90;8m▀[38;2;123;140;107m▀[48;2;123;140;107m  [48;2;33;57;8m[38;2;57;90;8m▀[48;2;255;140;140m[38;2;33;57;8m▀  [48;2;57;90;8m [48;2;33;57;8m [48;2;123;140;107m[38;2;231;231;231m▀[48;2;0;0;0m      [m
[48;2;0;0;0m              [48;2;33;57;8m[38;2;231;231;231m▀ [48;2;57;90;8m[38;2;33;57;8m▀[48;2;255;140;140m        [48;2;57;90;8m [48;2;33;57;8m [38;2;123;140;107m▀[38;2;57;90;8m▀ [48;2;255;140;140m▀  [48;2;57;90;8m[38;2;255;140;140m▀[48;2;33;57;8m [48;2;123;140;107m [48;2;0;0;0m      [m
[48;2;0;0;0m            [48;2;231;231;231m[38;2;0;0;0m▀[48;2;33;57;8m[38;2;231;231;231m▀ [48;2;255;140;140m[38;2;33;57;8m▀[38;2;57;90;8m▀[48;2;57;90;8m [48;2;255;140;140m        ▀[48;2;57;90;8m[38;2;33;57;8m▀▀[48;2;255;140;140m[38;2;57;90;8m▀   [48;2;33;57;8m▀ [48;2;231;231;231m [48;2;0;0;0m      [m
[48;2;0;0;0m         [48;2;231;231;231m[38;2;0;0;0m▀▀[48;2;33;57;8m[38;2;231;231;231m▀ [48;2;255;140;140m[38;2;33;57;8m▀[38;2;57;90;8m▀  [48;2;57;90;8m [38;2;255;140;140m▀▀▀[48;2;255;140;140m           [48;2;57;90;8m▀[48;2;33;57;8m [48;2;231;231;231m[38;2;123;140;107m▀[48;2;0;0;0m       [m
[48;2;0;0;0m        [48;2;123;140;107m[38;2;231;231;231m▀[48;2;33;57;8m[38;2;123;140;107m▀[48;2;57;90;8m[38;2;33;57;8m▀[48;2;255;140;140m▀[38;2;57;90;8m▀      ▀▀▀▀         [48;2;57;90;8m[38;2;255;140;140m▀[48;2;33;57;8m [48;2;231;231;231m [48;2;0;0;0m       [m
[48;2;0;0;0m      [48;2;231;231;231m[38;2;0;0;0m▀[48;2;33;57;8m[38;2;231;231;231m▀ [48;2;255;140;140m[38;2;33;57;8m▀[38;2;57;90;8m▀                     [48;2;57;90;8m[38;2;255;140;140m▀[48;2;33;57;8m [48;2;123;140;107m[38;2;231;231;231m▀[48;2;0;0;0m       [m
[48;2;0;0;0m     [48;2;231;231;231m [48;2;123;140;107m [48;2;33;57;8m [38;2;57;90;8m▀[38;2;255;140;140m▀▀▀▀▀▀▀▀▀▀▀▀▀▀▀▀▀▀▀▀▀▀▀▀  [48;2;0;0;0m       [m
