[48;2;0;0;0m            [48;2;253;125;4m[38;2;0;0;0m▀[48;2;0;0;0m                             [m
[48;2;0;0;0m          [48;2;236;106;4m[38;2;0;0;0m▀[48;2;253;125;4m[38;2;247;120;4m▀[48;2;255;130;4m[38;2;253;138;5m▀[48;2;253;125;4m [48;2;255;130;4m[38;2;0;0;0m▀[48;2;0;0;0m                           [m
[48;2;0;0;0m          [48;2;236;106;4m [48;2;253;125;4m  [38;2;255;130;4m▀[48;2;255;130;4m[38;2;253;125;4m▀[48;2;0;0;0m     [48;2;173;18;1m[38;2;0;0;0m▀[48;2;171;13;2m▀[48;2;167;17;0m▀[48;2;171;13;2m▀[48;2;0;0;0m                  [m
[48;2;0;0;0m      [48;2;158;5;5m[38;2;0;0;0m▀[48;2;171;13;2m▀▀[48;2;200;58;2m▀[48;2;253;125;4m[38;2;247;120;4m▀   [48;2;252;123;8m[38;2;255;130;4m▀[48;2;255;130;4m[38;2;236;106;4m▀[48;2;234;69;2m[38;2;187;26;0m▀[48;2;214;36;0m[38;2;181;11;1m▀[48;2;213;41;0m[38;2;187;26;0m▀[38;2;195;27;1m▀[48;2;214;36;0m[38;2;205;33;0m▀[48;2;205;33;0m[38;2;213;41;0m▀[48;2;189;19;0m[38;2;225;40;0m▀[48;2;192;38;1m[38;2;195;18;1m▀[48;2;236;106;4m[38;2;180;34;2m▀[48;2;0;0;0m                 [m
[48;2;0;0;0m [48;2;163;10;1m[38;2;0;0;0m▀[48;2;181;11;1m[38;2;171;13;2m▀[48;2;213;41;0m[38;2;183;22;1m▀[48;2;217;42;0m▀[38;2;195;27;1m▀[48;2;213;41;0m[38;2;205;29;0m▀[48;2;214;36;0m [48;2;219;55;3m▀[48;2;236;101;4m[38;2;228;90;2m▀[48;2;253;125;4m  [48;2;255;130;4m[38;2;252;123;8m▀[48;2;252;123;8m[38;2;255;130;4m▀[48;2;244;116;4m▀[48;2;247;120;4m[38;2;253;138;5m▀[48;2;236;101;4m[38;2;242;103;3m▀[48;2;199;45;1m[38;2;219;55;3m▀[48;2;171;13;2m[38;2;217;42;0m▀[48;2;167;17;0m[38;2;205;33;0m▀[48;2;196;51;2m[38;2;187;26;0m▀[48;2;228;90;2m[38;2;171;13;2m▀[48;2;252;123;8m[38;2;188;44;1m▀[48;2;234;86;4m[38;2;228;90;2m▀[48;2;234;69;2m[38;2;250;118;5m▀[48;2;181;11;1m[38;2;0;0;0m▀[48;2;0;0;0m                [m
[48;2;0;0;0m [48;2;250;119;9m[38;2;209;71;4m▀[48;2;255;130;4m[38;2;187;35;1m▀[48;2;228;90;2m[38;2;161;0;0m▀[48;2;180;34;2m[38;2;183;22;1m▀[48;2;179;27;2m[38;2;189;19;0m▀[48;2;163;10;1m[38;2;205;33;0m▀[48;2;173;18;1m▀[48;2;187;35;1m[38;2;211;50;3m▀[48;2;173;27;1m[38;2;229;98;2m▀▀[48;2;188;44;1m[38;2;212;75;2m▀[48;2;180;34;2m▀[48;2;179;27;2m▀[48;2;196;51;2m[38;2;200;58;2m▀[48;2;212;75;2m[38;2;173;27;1m▀[48;2;236;106;4m[38;2;173;18;1m▀[38;2;188;44;1m▀[48;2;253;138;5m[38;2;203;67;2m▀[48;2;243;108;4m[38;2;229;98;2m▀[48;2;213;41;0m[38;2;236;101;4m▀[48;2;234;69;2m[38;2;255;146;5m▀[48;2;217;42;0m[38;2;243;108;4m▀[48;2;187;2;0m [48;2;181;11;1m[38;2;194;0;0m▀[48;2;187;26;0m[38;2;0;0;0m▀[48;2;0;0;0m[38;2;113;117;0m▀               [m
[48;2;111;101;8m[38;2;0;0;0m▀[48;2;173;27;1m[38;2;211;50;3m▀[48;2;194;11;1m[38;2;243;108;4m▀[48;2;194;0;0m[38;2;234;86;4m▀[48;2;219;55;3m[38;2;253;125;4m▀[48;2;250;118;5m [48;2;237;100;10m[38;2;252;123;8m▀[48;2;229;85;3m[38;2;236;106;4m▀[48;2;255;130;4m[38;2;229;98;2m▀[48;2;254;137;11m[38;2;244;116;4m▀[48;2;235;91;9m▀[48;2;236;101;4m [48;2;253;138;5m[38;2;250;118;5m▀[48;2;229;85;3m[38;2;254;137;11m▀[48;2;211;50;3m[38;2;253;125;4m▀[48;2;255;108;3m[38;2;254;137;11m▀[48;2;227;60;2m[38;2;250;119;9m▀[48;2;171;3;0m[38;2;235;91;9m▀[48;2;187;35;1m[38;2;253;125;4m▀[48;2;165;30;3m[38;2;231;66;2m▀[48;2;123;26;3m[38;2;171;3;0m▀[48;2;113;59;3m[38;2;163;10;1m▀[48;2;216;198;191m[38;2;199;91;91m▀[48;2;212;75;2m[38;2;187;26;0m▀[48;2;0;0;0m                  [m
[48;2;0;0;0m[38;2;122;98;2m▀[48;2;217;65;3m[38;2;0;0;0m▀[48;2;203;67;2m[38;2;189;19;0m▀[48;2;179;27;2m[38;2;0;0;0m▀[48;2;173;18;1m[38;2;195;18;1m▀[48;2;202;131;128m[38;2;213;41;0m▀[48;2;128;27;2m[38;2;207;8;0m▀[38;2;194;0;0m▀[48;2;196;60;84m[38;2;217;56;2m▀[48;2;190;43;67m[38;2;219;55;3m▀[48;2;198;60;106m[38;2;194;0;0m▀[48;2;191;47;86m[38;2;188;6;8m▀[48;2;136;45;4m[38;2;227;60;2m▀[48;2;203;86;156m[38;2;204;16;0m▀[48;2;109;44;4m[38;2;171;3;0m▀[48;2;135;100;68m[38;2;174;33;2m▀[48;2;162;97;55m[38;2;167;33;25m▀[48;2;158;115;62m[38;2;162;53;39m▀[48;2;142;106;72m[38;2;119;46;4m▀[48;2;140;31;2m[38;2;108;35;5m▀[48;2;97;69;5m[38;2;55;59;6m▀[48;2;45;67;7m[38;2;89;100;2m▀[48;2;33;57;8m[38;2;75;89;5m▀[48;2;231;231;231m[38;2;0;0;0m▀[48;2;0;0;0m                  [m
[48;2;0;0;0m   [38;2;187;26;0m▀ [48;2;204;195;173m[38;2;185;186;143m▀[48;2;73;77;4m[38;2;93;91;3m▀[48;2;57;90;8m[38;2;62;95;7m▀[48;2;211;124;208m [48;2;210;102;114m[38;2;205;81;59m▀[48;2;211;132;231m[38;2;210;124;196m▀[48;2;202;98;162m [48;2;201;88;139m[38;2;196;60;84m▀[48;2;214;140;255m[38;2;190;130;196m▀[48;2;59;66;6m[38;2;85;108;2m▀[48;2;122;136;97m[38;2;78;118;0m▀[48;2;123;140;107m[38;2;151;113;77m▀[38;2;167;108;53m▀[38;2;127;133;99m▀[48;2;33;57;8m [48;2;214;140;255m  [38;2;57;90;8m▀[48;2;33;57;8m [38;2;123;140;107m▀[48;2;231;231;231m[38;2;0;0;0m▀[48;2;0;0;0m                [m
[48;2;0;0;0m    [48;2;231;231;231m[38;2;0;0;0m▀[48;2;33;57;8m[38;2;123;140;107m▀[48;2;57;90;8m[38;2;33;57;8m▀[48;2;214;140;255m[38;2;57;90;8m▀      [48;2;33;57;8m [48;2;57;90;8m[38;2;123;140;107m▀[48;2;123;140;107m   [48;2;33;57;8m [48;2;214;140;255m    [48;2;33;57;8m ▀[48;2;231;231;231m[38;2;0;0;0m▀[48;2;0;0;0m               [m
[48;2;0;0;0m    [48;2;231;231;231m [48;2;123;140;107m[38;2;33;57;8m▀[48;2;33;57;8m [48;2;214;140;255m       [48;2;57;90;8m[38;2;214;140;255m▀[48;2;33;57;8m [48;2;57;90;8m[38;2;123;140;107m▀[48;2;123;140;107m [48;2;33;57;8m[38;2;57;90;8m▀[48;2;57;90;8m [48;2;214;140;255m    [48;2;57;90;8m [48;2;33;57;8m [48;2;123;140;107m[38;2;231;231;231m▀[48;2;0;0;0m               [m
[48;2;0;0;0m     [48;2;123;140;107m[38;2;231;231;231m▀[48;2;33;57;8m [48;2;214;140;255m        [48;2;57;90;8m[38;2;33;57;8m▀[48;2;33;57;8m  [48;2;57;90;8m▀[48;2;214;140;255m[38;2;57;90;8m▀     [48;2;33;57;8m [48;2;123;140;107m [48;2;0;0;0m               [m
[48;2;0;0;0m    [48;2;231;231;231m [48;2;33;57;8m[38;2;57;90;8m▀ [48;2;57;90;8m [48;2;214;140;255m        ▀▀       [48;2;57;90;8m[38;2;33;57;8m▀[48;2;33;57;8m [38;2;231;231;231m▀[48;2;231;231;231m[38;2;0;0;0m▀[48;2;0;0;0m             [m
[48;2;0;0;0m   [48;2;231;231;231m [48;2;123;140;107m[38;2;231;231;231m▀[48;2;33;57;8m [48;2;214;140;255m[38;2;57;90;8m▀[48;2;57;90;8m      [38;2;214;140;255m▀▀[48;2;214;140;255m            [48;2;57;90;8m[38;2;33;57;8m▀[48;2;33;57;8m [38;2;231;231;231m▀[48;2;231;231;231m[38;2;0;0;0m▀[48;2;0;0;0m           [m
[48;2;0;0;0m   [38;2;231;231;231m▀[48;2;231;231;231m[38;2;123;140;107m▀[48;2;33;57;8m [38;2;57;90;8m▀[38;2;214;140;255m▀▀▀[38;2;57;90;8m▀[38;2;214;140;255m▀[38;2;57;90;8m▀▀▀▀▀[38;2;214;140;255m▀▀▀▀▀▀▀▀▀▀▀[38;2;57;90;8m▀ [38;2;123;140;107m▀[48;2;231;231;231m [48;2;0;0;0m          [m
