[48;2;0;0;0m                 [48;2;253;123;8m[38;2;0;0;0m▀[48;2;0;0;0m                        [m
[48;2;0;0;0m               [48;2;237;107;4m[38;2;0;0;0m▀[48;2;253;125;4m[38;2;244;116;4m▀[48;2;254;129;4m[38;2;254;137;5m▀ [48;2;253;123;8m[38;2;0;0;0m▀[48;2;0;0;0m                      [m
[48;2;0;0;0m               [48;2;245;104;3m[38;2;237;107;4m▀[48;2;253;125;4m   [48;2;254;129;4m[38;2;253;125;4m▀[48;2;0;0;0m     [48;2;171;13;1m[38;2;0;0;0m▀▀[48;2;171;17;0m▀[48;2;171;13;1m▀[48;2;0;0;0m             [m
[48;2;0;0;0m           [48;2;158;5;5m[38;2;0;0;0m▀[48;2;171;13;1m▀▀[48;2;200;58;2m▀[48;2;253;125;4m[38;2;244;116;4m▀   [38;2;254;129;4m▀[48;2;254;129;4m[38;2;237;107;4m▀[48;2;234;69;2m[38;2;188;26;1m▀[48;2;214;36;0m[38;2;181;11;1m▀[48;2;213;42;0m[38;2;188;26;1m▀[48;2;217;42;0m[38;2;195;27;1m▀[48;2;213;42;0m[38;2;205;33;0m▀[48;2;205;33;0m[38;2;213;42;0m▀[48;2;195;18;1m[38;2;225;40;0m▀[48;2;187;36;1m[38;2;195;18;1m▀[48;2;237;107;4m[38;2;180;34;1m▀[48;2;0;0;0m            [m
[48;2;0;0;0m      [48;2;163;10;2m[38;2;0;0;0m▀[48;2;189;19;0m[38;2;171;13;1m▀[48;2;213;42;0m[38;2;181;11;1m▀[38;2;183;22;1m▀[48;2;217;42;0m[38;2;195;27;1m▀[48;2;213;42;0m[38;2;205;29;0m▀[38;2;214;36;0m▀[48;2;218;53;0m[38;2;205;29;0m▀[48;2;236;101;3m[38;2;228;90;2m▀[48;2;250;118;5m[38;2;253;125;4m▀[48;2;253;125;4m [48;2;255;138;10m▀[48;2;253;125;4m [48;2;244;116;4m[38;2;254;129;4m▀[48;2;254;129;4m[38;2;254;137;5m▀[48;2;237;107;4m[38;2;241;101;4m▀[48;2;200;44;0m[38;2;218;53;0m▀[48;2;171;6;0m[38;2;217;42;0m▀[48;2;171;13;1m[38;2;205;33;0m▀[48;2;195;50;1m[38;2;195;27;1m▀[48;2;228;90;2m[38;2;171;13;1m▀[48;2;253;125;4m[38;2;187;36;1m▀[48;2;234;86;4m[38;2;230;99;3m▀[48;2;234;69;2m[38;2;250;118;5m▀[48;2;181;11;1m[38;2;0;0;0m▀[48;2;0;0;0m           [m
[48;2;0;0;0m      [48;2;250;118;5m[38;2;209;71;4m▀[48;2;254;137;5m[38;2;187;36;1m▀[48;2;222;89;3m[38;2;161;0;0m▀[48;2;180;34;1m[38;2;189;19;0m▀[48;2;178;27;1m▀[48;2;163;10;2m[38;2;205;33;0m▀[48;2;171;13;1m▀[48;2;187;36;1m[38;2;212;50;4m▀[48;2;178;27;1m[38;2;230;99;3m▀[48;2;174;28;2m▀[48;2;189;45;2m[38;2;217;82;2m▀[48;2;180;34;1m[38;2;212;76;2m▀[48;2;174;28;2m[38;2;209;71;4m▀[48;2;195;50;1m[38;2;199;58;2m▀[48;2;212;76;2m[38;2;174;28;2m▀[48;2;230;99;3m[38;2;171;17;0m▀[48;2;237;107;4m[38;2;189;45;2m▀[48;2;254;137;5m[38;2;204;68;3m▀[48;2;247;114;8m[38;2;230;99;3m▀[48;2;213;42;0m[38;2;236;101;3m▀[48;2;234;69;2m[38;2;255;146;5m▀[48;2;217;42;0m[38;2;245;104;3m▀[48;2;187;2;0m [48;2;181;3;2m[38;2;187;2;0m▀[48;2;188;26;1m[38;2;0;0;0m▀[48;2;0;0;0m[38;2;113;117;0m▀          [m
[48;2;0;0;0m     [48;2;111;101;8m[38;2;0;0;0m▀[48;2;174;28;2m[38;2;212;50;4m▀[48;2;194;11;1m[38;2;245;104;3m▀[48;2;194;0;0m[38;2;231;85;5m▀[48;2;217;56;2m[38;2;253;125;4m▀[48;2;250;118;5m [48;2;236;101;3m[38;2;253;123;8m▀[48;2;231;85;5m[38;2;237;107;4m▀[48;2;254;129;4m[38;2;230;99;3m▀[48;2;255;138;10m[38;2;244;116;4m▀[48;2;236;91;9m[38;2;237;107;4m▀[48;2;236;101;3m▀[48;2;254;137;5m[38;2;244;116;4m▀[48;2;231;85;5m[38;2;254;137;5m▀[48;2;212;50;4m[38;2;253;123;8m▀[48;2;255;108;3m[38;2;255;138;10m▀[48;2;227;60;2m[38;2;244;116;4m▀[48;2;181;3;2m[38;2;235;89;3m▀[48;2;208;42;24m[38;2;253;125;4m▀[48;2;160;24;3m[38;2;231;66;2m▀[48;2;123;26;3m[38;2;181;8;11m▀[48;2;175;113;73m[38;2;194;0;0m▀[48;2;0;0;0m[38;2;181;3;2m▀[48;2;217;82;2m[38;2;178;27;1m▀[48;2;0;0;0m             [m
[48;2;0;0;0m     [38;2;122;98;2m▀[48;2;218;66;3m[38;2;0;0;0m▀[48;2;204;68;3m[38;2;189;19;0m▀[48;2;183;22;1m[38;2;0;0;0m▀[48;2;201;121;111m[38;2;195;18;1m▀[48;2;92;35;4m[38;2;215;60;22m▀[48;2;128;27;2m[38;2;207;8;0m▀[48;2;212;54;98m[38;2;187;2;0m▀[48;2;212;55;86m[38;2;221;65;8m▀[48;2;201;43;67m[38;2;218;53;0m▀[48;2;123;26;3m[38;2;194;0;0m▀[48;2;130;19;3m[38;2;187;2;0m▀[48;2;211;64;98m[38;2;231;66;2m▀[48;2;228;86;156m[38;2;204;16;0m▀[48;2;109;44;4m[38;2;181;8;11m▀[48;2;78;47;5m[38;2;209;46;41m▀[48;2;117;56;5m[38;2;198;33;60m▀[48;2;108;68;6m[38;2;210;53;92m▀[48;2;82;51;6m[38;2;216;71;125m▀[48;2;140;31;2m[38;2;120;52;5m▀[48;2;82;46;5m[38;2;55;59;6m▀[48;2;120;136;89m[38;2;115;124;30m▀[48;2;0;0;0m               [m
[48;2;0;0;0m        [48;2;227;216;214m[38;2;201;98;82m▀[48;2;33;57;8m[38;2;149;89;63m▀[48;2;75;90;6m[38;2;62;78;5m▀[48;2;196;122;141m[38;2;158;115;76m▀[48;2;255;140;255m[38;2;235;138;223m▀[48;2;244;124;208m [48;2;228;102;114m[38;2;214;81;59m▀[48;2;248;132;231m[38;2;90;86;7m▀[48;2;228;98;162m[38;2;82;46;5m▀[48;2;223;88;139m[38;2;209;60;84m▀[48;2;57;90;8m[38;2;51;66;6m▀[48;2;75;90;6m[38;2;85;108;2m▀[48;2;122;136;97m[38;2;117;130;73m▀[48;2;123;140;107m[38;2;151;113;77m▀[38;2;167;108;53m▀[48;2;33;57;8m[38;2;44;56;7m▀[48;2;57;90;8m[38;2;33;57;8m▀▀[48;2;33;57;8m [48;2;123;140;107m[38;2;231;231;231m▀[48;2;0;0;0m              [m
[48;2;0;0;0m       [48;2;231;231;231m [48;2;33;57;8m[38;2;122;136;97m▀[48;2;57;90;8m[38;2;33;57;8m▀[48;2;255;140;255m[38;2;57;90;8m▀       [48;2;57;90;8m[38;2;33;57;8m▀ [48;2;123;140;107m   [48;2;33;57;8m[38;2;57;90;8m▀[48;2;57;90;8m [48;2;255;140;255m [48;2;57;90;8m[38;2;33;57;8m▀[48;2;33;57;8m [48;2;231;231;231m [48;2;0;0;0m             [m
[48;2;0;0;0m       [48;2;231;231;231m [48;2;33;57;8m [48;2;255;140;255m[38;2;57;90;8m▀        [48;2;57;90;8m[38;2;33;57;8m▀ [48;2;123;140;107m   [48;2;33;57;8m[38;2;57;90;8m▀[48;2;57;90;8m [48;2;255;140;255m  [48;2;33;57;8m [38;2;123;140;107m▀[48;2;231;231;231m [48;2;0;0;0m            [m
[48;2;0;0;0m       [48;2;231;231;231m [48;2;33;57;8m [48;2;57;90;8m [48;2;255;140;255m         [48;2;33;57;8m [38;2;123;140;107m▀[48;2;57;90;8m▀[48;2;33;57;8m[38;2;57;90;8m▀ [48;2;255;140;255m   [48;2;33;57;8m▀ [48;2;231;231;231m [48;2;0;0;0m            [m
[48;2;0;0;0m      [48;2;231;231;231m[38;2;0;0;0m▀[48;2;33;57;8m[38;2;123;140;107m▀ [48;2;255;140;255m[38;2;33;57;8m▀[48;2;57;90;8m [38;2;255;140;255m▀[48;2;255;140;255m       [38;2;57;90;8m▀[48;2;33;57;8m  [48;2;57;90;8m[38;2;33;57;8m▀[48;2;255;140;255m[38;2;57;90;8m▀   [48;2;33;57;8m▀[48;2;123;140;107m[38;2;33;57;8m▀[48;2;231;231;231m [48;2;0;0;0m            [m
[48;2;0;0;0m     [48;2;231;231;231m[38;2;0;0;0m▀[48;2;33;57;8m[38;2;123;140;107m▀[48;2;57;90;8m[38;2;33;57;8m▀[48;2;255;140;255m[38;2;57;90;8m▀ [48;2;57;90;8m    [38;2;255;140;255m▀▀[48;2;255;140;255m          [48;2;33;57;8m[38;2;57;90;8m▀ [48;2;231;231;231m [48;2;0;0;0m             [m
[48;2;0;0;0m    [48;2;231;231;231m [48;2;33;57;8m  [38;2;255;140;255m▀▀▀▀▀▀[38;2;57;90;8m▀▀▀▀▀[38;2;255;140;255m▀▀▀▀▀▀▀▀▀ [48;2;231;231;231m[38;2;123;140;107m▀[48;2;0;0;0m             [m
