[48;2;0;0;0m                       [48;2;253;125;4m[38;2;0;0;0m▀[48;2;0;0;0m                  [m
[48;2;0;0;0m                     [48;2;237;107;4m[38;2;0;0;0m▀[48;2;253;125;4m[38;2;247;120;4m▀[48;2;254;130;4m[38;2;253;138;4m▀[38;2;253;125;4m▀[48;2;253;125;4m[38;2;0;0;0m▀[48;2;0;0;0m                [m
[48;2;0;0;0m                     [48;2;237;107;4m [48;2;253;125;4m   [48;2;255;136;9m[38;2;253;125;4m▀[48;2;0;0;0m     [48;2;172;18;1m[38;2;0;0;0m▀[48;2;171;13;1m▀▀▀[48;2;0;0;0m       [m
[48;2;0;0;0m                 [48;2;158;5;5m[38;2;0;0;0m▀[48;2;171;13;1m▀▀[48;2;200;58;2m▀[48;2;253;125;4m[38;2;247;120;4m▀   [38;2;254;130;4m▀[48;2;254;130;4m[38;2;237;101;3m▀[48;2;231;66;2m[38;2;187;26;0m▀[48;2;214;36;0m[38;2;181;11;1m▀[48;2;213;42;0m[38;2;187;26;0m▀[38;2;205;29;0m▀▀[48;2;214;36;0m[38;2;213;42;0m▀[48;2;189;19;0m[38;2;217;42;0m▀[48;2;192;38;1m[38;2;189;19;0m▀[48;2;242;103;3m[38;2;180;34;1m▀[48;2;0;0;0m      [m
[48;2;0;0;0m            [48;2;163;10;2m[38;2;0;0;0m▀[48;2;189;19;0m[38;2;171;13;1m▀[48;2;213;42;0m[38;2;181;11;1m▀[48;2;217;42;0m[38;2;183;22;1m▀[38;2;195;27;1m▀[48;2;213;42;0m[38;2;205;29;0m▀[48;2;214;36;0m [48;2;218;53;0m▀[48;2;237;101;3m[38;2;228;90;2m▀[48;2;247;120;4m[38;2;253;125;4m▀[48;2;254;130;4m▀▀[48;2;253;125;4m [48;2;247;120;4m▀[48;2;254;130;4m[38;2;253;138;4m▀[48;2;237;107;4m[38;2;242;103;3m▀[48;2;200;44;0m[38;2;218;53;0m▀[48;2;170;5;0m[38;2;213;42;0m▀[48;2;171;13;1m[38;2;205;33;0m▀[48;2;195;50;1m[38;2;195;27;1m▀[48;2;228;90;2m[38;2;171;13;1m▀[48;2;253;125;4m[38;2;188;36;2m▀[48;2;231;85;5m[38;2;230;99;3m▀[48;2;234;69;2m[38;2;250;118;5m▀[48;2;181;11;1m[38;2;0;0;0m▀[48;2;0;0;0m     [m
[48;2;0;0;0m            [48;2;251;118;8m[38;2;209;71;4m▀[48;2;254;130;4m[38;2;188;36;2m▀[48;2;222;89;3m[38;2;161;0;0m▀[48;2;180;34;1m[38;2;189;19;0m▀[48;2;178;27;2m▀[48;2;163;10;2m[38;2;205;33;0m▀[48;2;171;13;1m▀[48;2;188;36;2m[38;2;212;50;4m▀[48;2;178;27;2m[38;2;230;99;3m▀[48;2;173;28;2m▀[48;2;188;44;2m[38;2;217;82;2m▀[48;2;180;34;1m[38;2;212;76;1m▀[48;2;178;27;2m[38;2;204;68;3m▀[48;2;195;50;1m[38;2;198;57;1m▀[48;2;212;76;1m[38;2;173;28;2m▀[48;2;230;99;3m[38;2;172;18;1m▀[48;2;244;115;4m[38;2;188;44;2m▀[48;2;253;138;4m[38;2;204;68;3m▀[48;2;245;104;3m[38;2;230;99;3m▀[48;2;213;42;0m[38;2;237;101;3m▀[48;2;234;69;2m[38;2;255;146;5m▀[48;2;213;42;0m[38;2;242;103;3m▀[48;2;187;2;0m [48;2;180;8;8m[38;2;194;0;0m▀[48;2;187;26;0m[38;2;0;0;0m▀[48;2;0;0;0m[38;2;113;117;0m▀    [m
[48;2;0;0;0m           [48;2;111;101;8m[38;2;0;0;0m▀[48;2;173;28;2m[38;2;212;50;4m▀[48;2;194;11;1m[38;2;245;104;3m▀[48;2;194;0;0m[38;2;236;90;5m▀[48;2;217;56;2m[38;2;253;125;4m▀[48;2;250;118;5m[38;2;247;120;4m▀[48;2;237;100;10m[38;2;253;125;4m▀[48;2;231;85;5m[38;2;237;107;4m▀[48;2;254;130;4m[38;2;230;99;3m▀[38;2;244;115;4m▀[48;2;236;90;5m▀[48;2;237;101;3m[38;2;230;99;3m▀[48;2;253;138;4m[38;2;247;120;4m▀[48;2;231;85;5m[38;2;255;136;9m▀[48;2;212;50;4m[38;2;251;118;8m▀[48;2;255;108;3m[38;2;255;136;9m▀[48;2;227;60;2m[38;2;251;118;8m▀[48;2;170;5;0m[38;2;234;86;4m▀[48;2;188;36;2m[38;2;253;125;4m▀[48;2;160;24;3m[38;2;231;66;2m▀[48;2;159;58;42m[38;2;180;8;8m▀[48;2;149;59;1m[38;2;194;0;0m▀[48;2;0;0;0m[38;2;180;3;0m▀[48;2;217;82;2m[38;2;178;27;2m▀[48;2;0;0;0m       [m
[48;2;0;0;0m           [38;2;122;98;2m▀[48;2;217;65;3m[38;2;0;0;0m▀[48;2;204;68;3m[38;2;189;19;0m▀[48;2;178;27;2m[38;2;0;0;0m▀[48;2;172;18;1m[38;2;195;18;1m▀[48;2;142;80;59m[38;2;215;60;22m▀[48;2;127;33;4m[38;2;207;8;0m▀[48;2;138;35;3m[38;2;187;2;0m▀[48;2;212;44;61m[38;2;217;56;2m▀[48;2;201;34;48m[38;2;224;52;2m▀[48;2;215;46;75m[38;2;194;0;0m▀[48;2;130;19;3m[38;2;180;3;0m▀[48;2;127;33;4m[38;2;231;66;2m▀[48;2;228;65;111m[38;2;204;16;0m▀[48;2;109;44;4m[38;2;170;5;0m▀[48;2;135;100;68m[38;2;180;34;1m▀[48;2;162;97;55m[38;2;146;13;2m▀[48;2;158;115;62m[38;2;138;35;3m▀[48;2;142;106;72m[38;2;107;30;4m▀[48;2;140;31;2m[38;2;108;35;5m▀[48;2;81;47;5m[38;2;55;59;6m▀[48;2;210;212;193m[38;2;145;149;65m▀[48;2;0;0;0m         [m
[48;2;0;0;0m              [38;2;187;26;0m▀[48;2;123;140;107m[38;2;213;143;136m▀[48;2;58;66;6m[38;2;62;78;5m▀[48;2;87;95;4m[38;2;93;91;3m▀[48;2;255;107;181m[38;2;235;110;158m▀[48;2;244;97;148m [48;2;228;87;81m[38;2;214;74;42m▀[48;2;248;102;164m[38;2;241;99;139m▀[48;2;227;77;116m [48;2;223;70;99m[38;2;215;46;75m▀[48;2;255;107;181m[38;2;222;104;139m▀[48;2;58;66;6m[38;2;85;108;2m▀[48;2;78;129;0m[38;2;117;130;73m▀[48;2;123;140;107m[38;2;151;113;77m▀[38;2;167;108;53m▀[38;2;127;133;99m▀[48;2;33;57;8m [48;2;57;90;8m[38;2;33;57;8m▀[48;2;33;57;8m [48;2;231;231;231m [48;2;0;0;0m        [m
[48;2;0;0;0m             [48;2;231;231;231m[38;2;0;0;0m▀[48;2;33;57;8m[38;2;231;231;231m▀ [48;2;255;107;181m[38;2;33;57;8m▀   [38;2;248;102;164m▀    [48;2;33;57;8m [48;2;123;140;107m    [48;2;33;57;8m [48;2;255;107;181m [48;2;33;57;8m  [48;2;231;231;231m [48;2;0;0;0m       [m
[48;2;0;0;0m            [48;2;123;140;107m[38;2;231;231;231m▀[48;2;33;57;8m  [48;2;57;90;8m [48;2;255;107;181m         [38;2;33;57;8m▀[48;2;33;57;8m[38;2;57;90;8m▀[48;2;123;140;107m  [48;2;33;57;8m[38;2;66;123;0m▀[48;2;57;90;8m[38;2;33;57;8m▀[48;2;255;107;181m [48;2;57;90;8m[38;2;255;107;181m▀[48;2;33;57;8m [48;2;123;140;107m [48;2;0;0;0m       [m
[48;2;0;0;0m          [48;2;231;231;231m[38;2;0;0;0m▀[48;2;33;57;8m[38;2;231;231;231m▀ [48;2;255;107;181m[38;2;33;57;8m▀[48;2;57;90;8m  [38;2;255;107;181m▀[48;2;255;107;181m         [48;2;33;57;8m   [48;2;57;90;8m[38;2;33;57;8m▀[48;2;255;107;181m[38;2;57;90;8m▀ [48;2;57;90;8m[38;2;255;107;181m▀[48;2;33;57;8m [48;2;231;231;231m[38;2;123;140;107m▀[48;2;0;0;0m       [m
[48;2;0;0;0m       [48;2;231;231;231m[38;2;0;0;0m▀▀[48;2;33;57;8m[38;2;231;231;231m▀ [48;2;255;107;181m[38;2;33;57;8m▀[38;2;57;90;8m▀  ▀[48;2;57;90;8m  [48;2;255;107;181m         [38;2;33;57;8m▀▀[38;2;57;90;8m▀  [48;2;33;57;8m[38;2;255;107;181m▀ [48;2;231;231;231m [48;2;0;0;0m       [m
[48;2;0;0;0m     [48;2;231;231;231m[38;2;0;0;0m▀[48;2;33;57;8m[38;2;231;231;231m▀[38;2;123;140;107m▀ [48;2;255;107;181m[38;2;33;57;8m▀      [38;2;57;90;8m▀▀[48;2;57;90;8m    [38;2;255;107;181m▀▀[48;2;255;107;181m       [48;2;33;57;8m[38;2;57;90;8m▀ [48;2;231;231;231m [48;2;0;0;0m        [m
[48;2;0;0;0m   [48;2;231;231;231m [48;2;123;140;107m[38;2;231;231;231m▀[48;2;33;57;8m   [38;2;255;107;181m▀▀▀▀▀▀▀▀▀▀▀▀▀▀▀▀▀▀▀▀▀▀▀ [48;2;123;140;107m[38;2;33;57;8m▀[48;2;0;0;0m[38;2;231;231;231m▀        [m
