[48;2;0;0;0m          [48;2;237;107;4m [48;2;253;125;4m [38;2;254;130;4m▀[48;2;254;130;4m[38;2;253;125;4m▀[48;2;253;125;4m [48;2;0;0;0m                           [m
[48;2;0;0;0m          [48;2;244;115;4m[38;2;245;104;3m▀[48;2;253;125;4m   [48;2;254;130;4m [48;2;236;102;2m[38;2;0;0;0m▀[48;2;187;26;0m▀[48;2;181;11;1m▀[48;2;187;26;0m▀[48;2;205;29;0m▀[38;2;172;18;1m▀[48;2;217;42;0m[38;2;171;13;1m▀[38;2;172;18;1m▀[48;2;195;18;1m[38;2;171;13;1m▀[48;2;180;34;1m[38;2;0;0;0m▀[48;2;0;0;0m                 [m
[48;2;0;0;0m  [48;2;172;18;1m[38;2;0;0;0m▀[48;2;181;11;1m▀[48;2;183;22;1m▀[48;2;195;27;1m▀[48;2;205;29;0m[38;2;158;5;5m▀[48;2;214;36;0m[38;2;171;13;1m▀[48;2;205;29;0m[38;2;163;10;2m▀[48;2;228;90;2m[38;2;200;58;2m▀[48;2;253;125;4m     [48;2;255;137;6m[38;2;254;130;4m▀[48;2;236;102;2m[38;2;234;69;2m▀[48;2;217;56;2m[38;2;214;36;0m▀[48;2;217;42;0m[38;2;213;42;0m▀[48;2;205;33;0m[38;2;217;42;0m▀[48;2;195;27;1m[38;2;213;42;0m▀[48;2;171;13;1m[38;2;205;29;0m▀[48;2;188;36;2m[38;2;189;19;0m▀[48;2;230;99;3m[38;2;188;36;2m▀[48;2;253;125;4m[38;2;236;102;2m▀[48;2;0;0;0m                 [m
[48;2;0;0;0m [48;2;209;71;4m[38;2;163;10;2m▀[48;2;187;26;0m[38;2;189;19;0m▀[48;2;158;5;5m[38;2;213;42;0m▀[48;2;189;19;0m▀[38;2;217;42;0m▀[48;2;205;33;0m[38;2;213;42;0m▀[48;2;214;36;0m [48;2;212;50;4m[38;2;217;56;2m▀[48;2;230;99;3m[38;2;236;102;2m▀[38;2;247;121;6m▀[48;2;216;81;1m[38;2;254;130;4m▀[48;2;212;76;2m▀[48;2;209;71;4m[38;2;253;125;4m▀[48;2;198;58;1m[38;2;244;115;4m▀[48;2;173;28;2m[38;2;254;130;4m▀[48;2;172;18;1m[38;2;237;107;4m▀[48;2;189;45;2m[38;2;200;44;0m▀[48;2;204;68;2m[38;2;170;5;0m▀[48;2;230;99;3m[38;2;171;13;1m▀[48;2;236;102;2m[38;2;195;50;1m▀[48;2;255;146;5m[38;2;228;90;2m▀[48;2;241;101;4m[38;2;253;125;4m▀[48;2;187;2;0m[38;2;234;86;4m▀[48;2;194;0;0m[38;2;234;69;2m▀[48;2;0;0;0m[38;2;181;11;1m▀[48;2;113;117;0m[38;2;0;0;0m▀[48;2;0;0;0m               [m
[48;2;0;0;0m [48;2;212;50;4m[38;2;250;118;5m▀[48;2;245;104;3m[38;2;254;130;4m▀[48;2;230;87;6m[38;2;222;89;3m▀[48;2;253;125;4m[38;2;180;34;1m▀[48;2;250;118;5m[38;2;178;27;2m▀[48;2;253;125;4m[38;2;163;10;2m▀[48;2;237;107;4m[38;2;171;13;1m▀[48;2;230;99;3m[38;2;188;36;2m▀[48;2;237;107;4m[38;2;173;28;2m▀[48;2;244;115;4m▀[48;2;236;102;2m[38;2;189;45;2m▀[48;2;247;121;6m[38;2;180;34;1m▀[48;2;255;137;6m[38;2;178;27;2m▀[48;2;251;125;8m[38;2;195;50;1m▀[48;2;253;141;9m[38;2;212;76;2m▀[48;2;247;121;6m[38;2;230;99;3m▀[48;2;235;89;3m[38;2;245;104;3m▀[48;2;253;125;4m[38;2;253;141;9m▀[48;2;231;66;2m[38;2;247;114;8m▀[48;2;180;8;8m[38;2;213;42;0m▀[48;2;194;0;0m[38;2;234;69;2m▀[48;2;179;4;2m[38;2;217;42;0m▀[48;2;187;26;0m[38;2;187;2;0m▀[48;2;0;0;0m[38;2;181;11;1m▀[38;2;183;22;1m▀                [m
[48;2;122;98;2m[38;2;111;101;8m▀[48;2;0;0;0m[38;2;174;33;2m▀[48;2;195;18;1m[38;2;194;11;1m▀[48;2;0;0;0m[38;2;194;0;0m▀[48;2;195;18;1m[38;2;217;56;2m▀[48;2;215;60;22m[38;2;250;118;5m▀[48;2;207;8;0m[38;2;237;100;10m▀[48;2;194;0;0m[38;2;230;87;6m▀[48;2;217;65;3m[38;2;254;130;4m▀[48;2;224;52;2m▀[48;2;194;0;0m[38;2;233;94;9m▀[48;2;185;10;8m[38;2;236;102;2m▀[48;2;231;66;2m[38;2;253;141;9m▀[48;2;204;16;0m[38;2;230;87;6m▀[48;2;170;5;0m[38;2;212;50;4m▀[48;2;174;33;2m[38;2;245;104;3m▀[48;2;146;13;2m[38;2;227;60;2m▀[48;2;138;34;4m[38;2;180;8;8m▀[48;2;107;30;4m[38;2;188;36;2m▀[48;2;108;35;5m[38;2;160;24;3m▀[48;2;55;59;6m[38;2;159;58;42m▀[48;2;145;149;65m[38;2;175;113;73m▀[48;2;0;0;0m [38;2;212;76;2m▀                  [m
[48;2;0;0;0m [38;2;217;65;3m▀[38;2;204;68;2m▀[48;2;187;26;0m[38;2;178;27;2m▀[48;2;0;0;0m[38;2;172;18;1m▀[48;2;118;130;66m[38;2;202;131;128m▀[48;2;93;91;3m[38;2;128;27;2m▀[48;2;134;239;223m[38;2;127;22;3m▀[48;2;154;217;208m[38;2;173;94;86m▀[48;2;170;70;4m[38;2;143;21;2m▀[48;2;90;86;7m[38;2;123;26;3m▀[48;2;151;171;163m[38;2;139;31;3m▀[48;2;139;31;3m[38;2;136;45;4m▀[48;2;70;91;6m[38;2;92;35;5m▀[48;2;109;131;29m[38;2;146;78;45m▀[48;2;124;126;77m[38;2;93;68;5m▀[48;2;151;113;77m[38;2;124;67;5m▀[48;2;124;67;5m[38;2;108;68;6m▀[48;2;44;56;7m[38;2;82;51;6m▀[48;2;33;57;8m[38;2;138;34;4m▀[48;2;57;90;8m[38;2;81;47;5m▀[48;2;33;57;8m[38;2;45;67;7m▀[48;2;231;231;231m [48;2;0;0;0m                   [m
[48;2;0;0;0m    [48;2;231;231;231m [48;2;33;57;8m[38;2;56;65;6m▀[48;2;57;90;8m[38;2;73;77;4m▀[48;2;140;255;255m [38;2;147;217;208m▀[38;2;177;153;114m▀[38;2;144;236;231m▀[38;2;151;171;163m▀[48;2;57;90;8m[38;2;102;43;4m▀ [48;2;123;140;107m[38;2;124;126;77m▀[38;2;122;136;97m▀ [48;2;33;57;8m[38;2;57;90;8m▀[48;2;57;90;8m [48;2;140;255;255m  [48;2;57;90;8m[38;2;33;57;8m▀[48;2;33;57;8m [48;2;231;231;231m [48;2;0;0;0m                  [m
[48;2;0;0;0m   [48;2;231;231;231m [48;2;123;140;107m[38;2;231;231;231m▀[48;2;33;57;8m [48;2;140;255;255m[38;2;57;90;8m▀     [48;2;57;90;8m[38;2;33;57;8m▀ [48;2;123;140;107m   [48;2;33;57;8m [48;2;57;90;8m [48;2;140;255;255m   [48;2;33;57;8m [38;2;123;140;107m▀[48;2;231;231;231m [48;2;0;0;0m                 [m
[48;2;0;0;0m   [48;2;231;231;231m [48;2;123;140;107m [48;2;33;57;8m [48;2;140;255;255m[38;2;57;90;8m▀      [48;2;33;57;8m [48;2;57;90;8m[38;2;123;140;107m▀[48;2;123;140;107m [48;2;33;57;8m▀ [48;2;140;255;255m    [48;2;57;90;8m[38;2;140;255;255m▀[48;2;33;57;8m [48;2;231;231;231m [48;2;0;0;0m                 [m
[48;2;0;0;0m   [38;2;231;231;231m▀[48;2;231;231;231m [48;2;33;57;8m [48;2;57;90;8m [48;2;140;255;255m      [38;2;33;57;8m▀[48;2;33;57;8m   [48;2;140;255;255m▀    [48;2;57;90;8m [48;2;33;57;8m [48;2;231;231;231m [48;2;0;0;0m                 [m
[48;2;0;0;0m    [48;2;231;231;231m [48;2;33;57;8m  [48;2;140;255;255m       [38;2;57;90;8m▀[38;2;33;57;8m▀       ▀[48;2;33;57;8m [38;2;57;90;8m▀[38;2;231;231;231m▀[48;2;123;140;107m[38;2;0;0;0m▀[48;2;231;231;231m▀[48;2;0;0;0m             [m
[48;2;0;0;0m     [48;2;123;140;107m [48;2;33;57;8m [48;2;57;90;8m [38;2;140;255;255m▀▀▀▀[48;2;140;255;255m              [38;2;33;57;8m▀[48;2;57;90;8m▀[48;2;33;57;8m [38;2;123;140;107m▀[48;2;123;140;107m[38;2;231;231;231m▀[48;2;231;231;231m[38;2;0;0;0m▀[48;2;0;0;0m          [m
[48;2;0;0;0m     [48;2;123;140;107m[38;2;231;231;231m▀[48;2;33;57;8m [48;2;140;255;255m [38;2;57;90;8m▀▀▀[48;2;57;90;8m   [48;2;140;255;255m               [38;2;33;57;8m▀[48;2;33;57;8m  [38;2;231;231;231m▀[48;2;231;231;231m[38;2;0;0;0m▀[48;2;0;0;0m        [m
[48;2;0;0;0m     [48;2;123;140;107m [48;2;33;57;8m [38;2;140;255;255m▀▀▀▀▀▀▀▀▀▀▀▀▀▀▀▀▀▀▀▀▀▀▀▀▀  [48;2;123;140;107m [48;2;0;0;0m       [m
