[48;2;0;0;0m                                                                                                                                [m
[48;2;0;0;0m                                                                                                                                [m
[48;2;0;0;0m                                                                                                                                [m
[48;2;0;0;0m                                                                                                                                [m
[48;2;0;0;0m                                                                                                                                [m
[48;2;0;0;0m                                                                                                                                [m
[48;2;0;1;0m [38;2;0;0;0m▀▀ ▀▀▀[48;2;0;0;0m                                                                                                                         [m
[48;2;0;1;0m  [48;2;22;26;37m[38;2;0;1;0m▀[48;2;21;41;22m▀[48;2;3;6;2m▀[48;2;0;1;0m[38;2;3;6;2m▀[48;2;7;10;6m[38;2;0;1;0m▀[48;2;0;1;0m  [48;2;0;0;0m                                                                                                                       [m
[48;2;239;249;249m  [38;2;111;143;202m▀[38;2;123;140;104m▀▀[48;2;126;229;227m[38;2;38;70;38m▀[48;2;103;190;190m[38;2;0;1;0m▀[48;2;30;55;53m[38;2;7;10;6m▀[48;2;0;1;0m  [48;2;0;0;0m [48;2;0;1;0m[38;2;0;0;0m▀▀   ▀ ▀[48;2;0;0;0m                                                                                                             [m
[48;2;239;249;249m       [48;2;123;140;104m[38;2;108;127;97m▀[48;2;0;1;0m  [48;2;28;21;14m[38;2;0;1;0m▀[48;2;36;70;71m▀[48;2;86;159;161m▀[48;2;118;138;107m▀[48;2;0;1;0m  [48;2;24;18;10m[38;2;3;6;2m▀[48;2;0;1;0m  [48;2;3;6;2m[38;2;0;1;0m▀[48;2;0;1;0m [48;2;0;0;0m                                                                                                           [m
[48;2;239;249;249m       [38;2;114;207;206m▀[38;2;0;1;0m▀[38;2;61;71;56m▀[38;2;123;140;104m▀[38;2;114;207;206m▀   [38;2;140;243;241m▀[38;2;90;172;173m▀[38;2;57;47;31m▀[48;2;118;138;107m[38;2;3;6;2m▀[48;2;0;1;0m  [38;2;0;0;0m▀[48;2;0;0;0m                                                                                                          [m
[48;2;239;249;249m                  [48;2;116;152;215m[38;2;239;249;249m▀[48;2;14;21;27m[38;2;0;1;0m▀[48;2;0;1;0m  [48;2;0;0;0m                                                                                                          [m
[48;2;239;249;249m       [48;2;114;207;206m[38;2;239;249;249m▀[48;2;239;249;249m          [48;2;123;140;104m[38;2;108;127;97m▀[48;2;35;28;19m[38;2;3;6;2m▀[48;2;0;1;0m  [48;2;0;0;0m                                                                                                          [m
[48;2;239;249;249m     [48;2;218;183;120m[38;2;239;249;249m▀[48;2;0;1;0m[38;2;99;126;178m▀[38;2;4;11;14m▀[48;2;129;166;232m[38;2;239;249;249m▀[48;2;239;249;249m        [38;2;139;181;254m▀[48;2;93;117;165m[38;2;74;98;137m▀[48;2;0;1;0m [38;2;3;6;2m▀ [48;2;0;0;0m                                                                                                          [m
[48;2;239;249;249m      [48;2;55;74;105m[38;2;74;98;137m▀[48;2;0;1;0m [48;2;21;41;22m[38;2;70;126;125m▀[48;2;123;140;104m[38;2;140;243;241m▀[48;2;239;249;249m       [48;2;0;1;0m[38;2;239;249;249m▀[48;2;7;10;6m[38;2;0;1;0m▀[48;2;0;1;0m[38;2;8;17;19m▀  [48;2;0;0;0m                                                                                                          [m
[48;2;239;249;249m      [48;2;0;1;0m [38;2;7;10;6m▀[48;2;26;31;23m[38;2;90;104;81m▀[48;2;239;249;249m       [48;2;184;153;100m[38;2;239;249;249m▀[48;2;26;31;23m[38;2;75;84;63m▀[48;2;3;6;2m[38;2;0;1;0m▀[48;2;0;1;0m  [48;2;0;0;0m                                                                                                           [m
[48;2;239;249;249m     [48;2;123;140;104m[38;2;45;50;37m▀[48;2;19;33;19m[38;2;0;1;0m▀[48;2;0;1;0m[38;2;7;10;6m▀[48;2;69;58;38m[38;2;0;1;0m▀[48;2;239;249;249m      [48;2;126;229;227m[38;2;239;249;249m▀[48;2;61;71;56m[38;2;113;132;102m▀[48;2;0;1;0m   [48;2;0;0;0m                                                                                                            [m
[48;2;239;249;249m     [38;2;114;207;206m▀[48;2;111;143;202m[38;2;55;74;105m▀[48;2;0;1;0m [48;2;52;99;99m[38;2;93;117;165m▀[48;2;120;221;219m[38;2;239;249;249m▀[48;2;239;249;249m     [48;2;135;239;236m[38;2;114;207;206m▀[48;2;0;1;0m   [48;2;0;0;0m[38;2;0;1;0m▀                                                                                                            [m
[48;2;239;249;249m       [48;2;0;1;0m [38;2;19;33;19m▀[48;2;85;99;76m[38;2;123;140;104m▀[48;2;239;249;249m      [48;2;96;108;80m[38;2;0;1;0m▀[48;2;0;1;0m  [48;2;0;0;0m                                                                                                             [m
[48;2;239;249;249m       [38;2;38;70;38m▀[38;2;79;92;70m▀[48;2;135;239;236m[38;2;116;152;215m▀[48;2;123;140;104m[38;2;239;249;249m▀[48;2;49;40;26m▀[48;2;239;249;249m    [48;2;134;176;249m[38;2;103;190;190m▀[48;2;35;25;45m[38;2;13;25;25m▀[48;2;0;1;0m  [48;2;3;6;2m[38;2;0;1;0m▀[48;2;0;1;0m[38;2;0;0;0m▀▀▀[48;2;0;0;0m                                                                                                        [m
[48;2;239;249;249m       [48;2;93;117;165m[38;2;239;249;249m▀[48;2;14;21;27m[38;2;111;143;202m▀[48;2;0;1;0m[38;2;63;114;113m▀[48;2;7;10;6m[38;2;21;41;22m▀[48;2;0;4;8m[38;2;0;1;0m▀[48;2;113;132;102m[38;2;77;139;136m▀[48;2;239;249;249m    [38;2;140;243;241m▀[38;2;70;126;125m▀[48;2;129;166;232m[38;2;14;8;6m▀[48;2;70;77;57m[38;2;0;1;0m▀[48;2;0;1;0m    [38;2;0;0;0m▀▀[48;2;0;0;0m                                                                                                     [m
[48;2;239;249;249m     [48;2;129;166;232m[38;2;239;249;249m▀[48;2;0;1;0m[38;2;118;138;107m▀[48;2;0;4;8m[38;2;0;1;0m▀[48;2;0;1;0m [48;2;46;62;88m▀[48;2;111;143;202m▀[48;2;140;243;241m[38;2;114;207;206m▀[48;2;239;249;249m         [48;2;129;166;232m[38;2;34;41;58m▀[48;2;103;190;190m[38;2;0;1;0m▀[48;2;21;41;22m▀[48;2;0;1;0m[38;2;7;10;6m▀[48;2;13;16;12m[38;2;0;1;0m▀[48;2;0;1;0m [38;2;0;0;0m▀▀[48;2;0;0;0m                                                                                                   [m
[48;2;239;249;249m    [48;2;0;1;0m[38;2;116;152;215m▀[38;2;83;106;152m▀  [48;2;239;249;249m[38;2;0;1;0m▀[38;2;113;132;102m▀              [38;2;105;136;193m▀[48;2;0;1;0m     [38;2;0;0;0m▀[48;2;0;0;0m        [48;2;0;1;0m▀▀▀[48;2;0;0;0m                                                                                      [m
[48;2;239;249;249m  [48;2;203;169;109m[38;2;239;249;249m▀[48;2;32;37;29m[38;2;90;104;81m▀[48;2;13;16;12m[38;2;0;1;0m▀[48;2;0;1;0m[38;2;13;16;12m▀[48;2;129;166;232m[38;2;52;68;94m▀[48;2;239;249;249m[38;2;103;190;190m▀                  [38;2;108;127;97m▀[48;2;114;207;206m[38;2;32;37;29m▀[48;2;113;132;102m[38;2;7;10;6m▀[48;2;32;37;29m[38;2;0;1;0m▀[48;2;0;1;0m [38;2;0;0;0m▀▀               ▀▀▀[48;2;0;0;0m                                                                             [m
[48;2;239;249;249m [48;2;86;159;161m[38;2;114;207;206m▀[48;2;0;1;0m[38;2;61;71;56m▀[38;2;13;16;12m▀ [48;2;239;249;249m[38;2;96;108;80m▀                    [48;2;30;57;31m[38;2;239;249;249m▀[48;2;0;1;0m▀[38;2;114;207;206m▀[38;2;38;70;38m▀[48;2;7;10;6m[38;2;0;1;0m▀[48;2;0;1;0m   [48;2;4;11;14m▀[48;2;44;82;83m▀[48;2;70;126;125m▀[48;2;90;172;173m▀[48;2;114;207;206m▀[48;2;140;243;241m▀▀[48;2;126;229;227m▀[48;2;114;207;206m▀[48;2;106;198;198m▀[48;2;86;159;161m▀[48;2;52;99;99m▀[48;2;15;32;32m▀[48;2;0;1;0m      [38;2;0;0;0m▀▀[48;2;0;0;0m                                                                         [m
[48;2;52;99;99m[38;2;239;249;249m▀[48;2;41;33;21m[38;2;123;140;104m▀[48;2;0;1;0m  [48;2;123;140;104m[38;2;65;90;127m▀[48;2;239;249;249m[38;2;140;243;241m▀                  [48;2;39;51;71m[38;2;139;181;254m▀[48;2;19;33;19m[38;2;123;140;104m▀[48;2;3;6;2m[38;2;0;1;0m▀[48;2;0;1;0m   [48;2;36;70;71m▀[48;2;114;207;206m[38;2;3;6;2m▀[48;2;135;255;255m[38;2;36;70;71m▀[38;2;86;159;161m▀[38;2;140;243;241m▀            [38;2;120;221;219m▀[38;2;81;150;150m▀[38;2;30;55;53m▀[48;2;103;190;190m[38;2;0;1;0m▀[48;2;36;70;71m▀[48;2;0;1;0m     [38;2;0;0;0m▀[48;2;0;0;0m                                                                      [m
[48;2;7;10;6m[38;2;0;1;0m▀[48;2;3;6;2m▀[48;2;24;18;10m▀[48;2;239;249;249m[38;2;75;84;63m▀                  [48;2;135;239;236m[38;2;239;249;249m▀[48;2;0;1;0m[38;2;111;143;202m▀   [48;2;63;114;113m[38;2;0;1;0m▀[48;2;135;255;255m[38;2;8;17;19m▀[38;2;103;190;190m▀                      [38;2;114;207;206m▀[38;2;48;86;88m▀[48;2;103;190;190m[38;2;3;6;2m▀[48;2;8;17;19m[38;2;0;1;0m▀[48;2;0;1;0m   [38;2;0;0;0m▀[48;2;0;0;0m                                                                    [m
[48;2;8;5;11m[38;2;13;16;12m▀[48;2;0;1;0m [48;2;239;249;249m[38;2;83;106;152m▀                [48;2;139;181;254m[38;2;239;249;249m▀[48;2;93;117;165m▀[48;2;49;40;26m[38;2;113;132;102m▀[48;2;0;1;0m  [48;2;3;6;2m [48;2;70;126;125m[38;2;0;1;0m▀[48;2;120;221;219m[38;2;63;114;113m▀[48;2;135;255;255m[38;2;128;249;251m▀                           [38;2;120;221;219m▀[48;2;140;243;241m[38;2;26;45;44m▀[48;2;44;82;83m[38;2;0;1;0m▀[48;2;0;1;0m   [38;2;0;0;0m▀[48;2;0;0;0m                                                                  [m
[48;2;26;45;44m[38;2;0;1;0m▀[48;2;140;243;241m[38;2;111;143;202m▀[48;2;239;249;249m               [48;2;129;166;232m[38;2;239;249;249m▀[48;2;75;84;63m▀[48;2;19;21;18m[38;2;114;207;206m▀[48;2;0;1;0m[38;2;3;6;2m▀[48;2;7;10;6m[38;2;0;1;0m▀[48;2;13;25;25m▀[48;2;103;190;190m▀[48;2;126;229;227m[38;2;63;114;113m▀[48;2;128;249;251m[38;2;120;221;219m▀[48;2;135;255;255m             [48;2;128;249;251m[38;2;135;255;255m▀[48;2;103;190;190m▀[48;2;81;150;150m▀[48;2;63;114;113m▀[48;2;44;82;83m▀[48;2;52;99;99m▀[48;2;63;114;113m▀[48;2;81;150;150m▀[48;2;120;221;219m▀[48;2;135;255;255m         [38;2;128;249;251m▀[48;2;135;239;236m[38;2;36;70;71m▀[48;2;26;45;44m[38;2;0;1;0m▀[48;2;0;1;0m   [38;2;0;0;0m▀[48;2;0;0;0m                                                                [m
[48;2;126;229;227m[38;2;81;150;150m▀[48;2;239;249;249m               [48;2;111;143;202m[38;2;239;249;249m▀[48;2;0;1;0m[38;2;27;35;50m▀[48;2;3;6;2m[38;2;0;1;0m▀[48;2;0;1;0m [48;2;8;17;19m▀[48;2;135;239;236m[38;2;21;38;38m▀[48;2;135;255;255m[38;2;103;190;190m▀             [48;2;114;207;206m[38;2;135;255;255m▀[48;2;13;25;25m[38;2;135;239;236m▀[48;2;0;1;0m[38;2;77;139;136m▀[38;2;15;32;32m▀        [38;2;26;45;44m▀[38;2;86;159;161m▀[48;2;36;70;71m[38;2;135;255;255m▀[48;2;126;229;227m▀[48;2;135;255;255m       [38;2;120;221;219m▀[48;2;86;159;161m[38;2;13;25;25m▀[48;2;0;1;0m   [38;2;0;0;0m▀[48;2;0;0;0m                                                               [m
[48;2;239;249;249m              [48;2;116;152;215m[38;2;239;249;249m▀[48;2;79;92;70m▀[48;2;7;10;6m[38;2;0;1;0m▀[48;2;0;1;0m  [48;2;44;82;83m▀[48;2;135;239;236m[38;2;90;172;173m▀[48;2;135;255;255m  [48;2;114;207;206m[38;2;135;255;255m▀[48;2;36;70;71m▀[48;2;13;25;25m▀[48;2;52;99;99m▀[48;2;140;243;241m▀[48;2;135;255;255m       [48;2;26;45;44m[38;2;114;207;206m▀[48;2;0;1;0m[38;2;13;25;25m▀  [48;2;3;6;2m[38;2;0;1;0m▀[48;2;45;50;37m▀[48;2;85;99;76m▀[48;2;109;122;93m▀[48;2;118;138;107m▀[48;2;113;132;102m▀[48;2;109;122;93m▀[48;2;75;84;63m▀[48;2;32;37;29m▀[48;2;0;1;0m   [38;2;15;32;32m▀[48;2;70;126;125m[38;2;128;249;251m▀[48;2;135;255;255m  [48;2;120;221;219m[38;2;135;255;255m▀[48;2;44;82;83m▀[48;2;13;25;25m▀[48;2;44;82;83m▀[48;2;126;229;227m▀[48;2;135;255;255m[38;2;128;249;251m▀[48;2;90;172;173m[38;2;21;38;38m▀[48;2;0;1;0m   [38;2;0;0;0m▀[48;2;0;0;0m                                                              [m
[48;2;0;1;0m[38;2;38;70;38m▀[38;2;114;207;206m▀[48;2;46;62;88m[38;2;139;181;254m▀[48;2;118;138;107m[38;2;239;249;249m▀[48;2;239;249;249m        [48;2;218;183;120m▀[48;2;0;1;0m▀[38;2;102;114;86m▀[48;2;13;16;12m[38;2;0;1;0m▀[48;2;0;1;0m [48;2;13;25;25m▀[48;2;120;221;219m[38;2;63;114;113m▀[48;2;135;255;255m[38;2;128;249;251m▀  [48;2;48;86;88m[38;2;114;207;206m▀[48;2;0;1;0m[38;2;4;11;14m▀   [38;2;30;55;53m▀[48;2;90;172;173m[38;2;135;255;255m▀[48;2;135;255;255m     [48;2;70;126;125m[38;2;114;207;206m▀[48;2;0;1;0m   [48;2;79;92;70m[38;2;7;10;6m▀[48;2;123;140;104m[38;2;102;114;86m▀        [38;2;79;92;70m▀[48;2;48;56;42m[38;2;3;6;2m▀[48;2;0;1;0m  [38;2;4;11;14m▀[48;2;114;207;206m[38;2;140;243;241m▀[48;2;70;126;125m[38;2;135;239;236m▀[48;2;0;1;0m[38;2;13;25;25m▀   [38;2;15;32;32m▀[48;2;77;139;136m[38;2;140;243;241m▀[48;2;135;255;255m [48;2;77;139;136m[38;2;30;55;53m▀[48;2;0;1;0m   [48;2;0;0;0m                                                              [m
[48;2;0;1;0m [38;2;0;4;8m▀[48;2;3;6;2m[38;2;0;1;0m▀[48;2;0;1;0m[38;2;3;6;2m▀[38;2;32;37;29m▀[38;2;114;207;206m▀[48;2;55;74;105m[38;2;239;249;249m▀[48;2;129;166;232m▀[48;2;239;249;249m    [48;2;0;1;0m[38;2;77;139;136m▀[48;2;7;10;6m[38;2;0;1;0m▀[48;2;0;1;0m[38;2;7;10;6m▀ [48;2;63;114;113m[38;2;0;1;0m▀[48;2;135;255;255m[38;2;106;198;198m▀[38;2;128;249;251m▀  [48;2;140;243;241m[38;2;135;255;255m▀[48;2;0;1;0m[38;2;8;17;19m▀     [48;2;36;70;71m[38;2;52;99;99m▀[48;2;135;255;255m     [48;2;30;55;53m[38;2;36;70;71m▀[48;2;0;1;0m  [48;2;13;16;12m[38;2;3;6;2m▀[48;2;123;140;104m[38;2;113;132;102m▀          [48;2;96;108;80m[38;2;79;92;70m▀[48;2;0;1;0m   [48;2;70;126;125m[38;2;90;172;173m▀[48;2;13;25;25m[38;2;30;55;53m▀[48;2;0;1;0m     [48;2;15;32;32m▀[48;2;135;255;255m [38;2;114;207;206m▀[48;2;8;17;19m[38;2;0;1;0m▀[48;2;0;1;0m   [48;2;0;0;0m                                                             [m
[48;2;0;0;0m[38;2;0;1;0m▀▀[48;2;0;1;0m   [38;2;3;6;2m▀  [38;2;113;132;102m▀[38;2;129;166;232m▀[48;2;74;98;137m[38;2;239;249;249m▀[48;2;123;140;104m▀[48;2;0;1;0m   [48;2;86;159;161m[38;2;4;11;14m▀[48;2;135;255;255m[38;2;128;249;251m▀     [48;2;30;55;53m[38;2;0;4;8m▀[48;2;0;1;0m     [48;2;81;150;150m[38;2;52;99;99m▀[48;2;135;255;255m     [48;2;21;38;38m[38;2;26;45;44m▀[48;2;0;1;0m  [48;2;21;26;18m[38;2;19;21;18m▀[48;2;123;140;104m           [38;2;113;132;102m▀[48;2;7;10;6m[38;2;0;1;0m▀[48;2;0;1;0m  [48;2;30;55;53m[38;2;48;86;88m▀[48;2;52;99;99m[38;2;30;55;53m▀[48;2;0;1;0m     [48;2;63;114;113m▀[48;2;135;255;255m  [48;2;81;150;150m[38;2;44;82;83m▀[48;2;0;1;0m   [48;2;0;0;0m                                                             [m
[48;2;0;0;0m     [38;2;0;1;0m▀[48;2;0;1;0m  [38;2;3;6;2m▀ [48;2;3;6;2m[38;2;0;1;0m▀[48;2;0;1;0m[38;2;32;37;29m▀  [48;2;52;99;99m[38;2;0;1;0m▀[48;2;135;239;236m[38;2;128;249;251m▀[48;2;135;255;255m      [38;2;103;190;190m▀[48;2;86;159;161m[38;2;0;1;0m▀[48;2;4;11;14m▀[48;2;0;1;0m [48;2;21;38;38m▀[48;2;114;207;206m[38;2;13;25;25m▀[48;2;135;255;255m[38;2;128;249;251m▀     [48;2;8;17;19m[38;2;13;25;25m▀[48;2;0;1;0m  [48;2;32;37;29m[38;2;26;31;23m▀[48;2;123;140;104m            [48;2;48;56;42m▀[48;2;0;1;0m  [38;2;4;11;14m▀[48;2;135;239;236m[38;2;120;221;219m▀[48;2;103;190;190m[38;2;3;6;2m▀[48;2;8;17;19m[38;2;0;1;0m▀[48;2;0;1;0m [48;2;13;25;25m▀[48;2;103;190;190m[38;2;4;11;14m▀[48;2;135;255;255m[38;2;120;221;219m▀  [38;2;126;229;227m▀[48;2;30;55;53m[38;2;3;6;2m▀[48;2;0;1;0m   [48;2;0;0;0m                                                            [m
[48;2;0;0;0m        [38;2;0;1;0m▀[48;2;0;1;0m    [48;2;52;99;99m[38;2;13;25;25m▀[48;2;135;239;236m[38;2;128;249;251m▀[48;2;135;255;255m         ▀[38;2;120;221;219m▀        [48;2;0;1;0m[38;2;0;4;8m▀  [48;2;45;50;37m[38;2;39;43;34m▀[48;2;123;140;104m            [48;2;39;43;34m[38;2;45;50;37m▀[48;2;0;1;0m  [48;2;3;6;2m[38;2;0;1;0m▀[48;2;135;255;255m[38;2;140;243;241m▀  [38;2;120;221;219m▀      [48;2;128;249;251m[38;2;86;159;161m▀[48;2;26;45;44m[38;2;0;1;0m▀[48;2;0;1;0m   [48;2;0;0;0m                                                           [m
[48;2;0;0;0m         [48;2;0;1;0m   [48;2;52;99;99m[38;2;3;6;2m▀[48;2;135;255;255m[38;2;114;207;206m▀                   [48;2;135;239;236m[38;2;140;243;241m▀[48;2;0;1;0m   [48;2;48;56;42m[38;2;45;50;37m▀[48;2;123;140;104m            [48;2;21;26;18m[38;2;26;31;23m▀[48;2;0;1;0m  [48;2;21;38;38m[38;2;8;17;19m▀[48;2;135;255;255m           [38;2;106;198;198m▀[48;2;52;99;99m[38;2;3;6;2m▀[48;2;0;1;0m   [38;2;0;0;0m▀[48;2;0;0;0m                                                         [m
[48;2;0;0;0m        [48;2;0;1;0m   [48;2;30;55;53m[38;2;0;1;0m▀[48;2;135;255;255m[38;2;114;207;206m▀                     [48;2;21;38;38m[38;2;3;6;2m▀[48;2;0;1;0m  [48;2;21;26;18m[38;2;39;43;34m▀[48;2;123;140;104m            [48;2;3;6;2m[38;2;13;16;12m▀[48;2;0;1;0m  [48;2;36;70;71m[38;2;30;55;53m▀[48;2;135;255;255m            [38;2;140;243;241m▀[48;2;114;207;206m[38;2;21;38;38m▀[48;2;3;6;2m[38;2;0;1;0m▀[48;2;0;1;0m   [48;2;0;0;0m                                                        [m
[48;2;0;0;0m       [48;2;0;1;0m[38;2;0;0;0m▀  [48;2;3;6;2m[38;2;0;1;0m▀[48;2;126;229;227m[38;2;77;139;136m▀[48;2;135;255;255m                      [48;2;52;99;99m[38;2;36;70;71m▀[48;2;0;1;0m  [38;2;3;6;2m▀[48;2;108;127;97m[38;2;118;138;107m▀[48;2;123;140;104m          [48;2;109;122;93m▀[48;2;0;1;0m   [48;2;52;99;99m[38;2;44;82;83m▀[48;2;135;255;255m              [38;2;77;139;136m▀[48;2;36;70;71m[38;2;0;1;0m▀[48;2;0;1;0m   [38;2;0;0;0m▀[48;2;0;0;0m                                                      [m
[48;2;0;0;0m       [48;2;0;1;0m   [48;2;63;114;113m[38;2;30;55;53m▀[48;2;135;255;255m                       [48;2;90;172;173m[38;2;77;139;136m▀[48;2;0;1;0m   [48;2;79;92;70m[38;2;96;108;80m▀[48;2;123;140;104m          [48;2;48;56;42m[38;2;79;92;70m▀[48;2;0;1;0m   [48;2;114;207;206m[38;2;77;139;136m▀[48;2;135;255;255m               [38;2;126;229;227m▀[48;2;90;172;173m[38;2;8;17;19m▀[48;2;0;1;0m   [38;2;0;0;0m▀[48;2;0;0;0m                                                     [m
[48;2;0;0;0m      [48;2;0;1;0m[38;2;0;0;0m▀   [48;2;126;229;227m[38;2;90;172;173m▀[48;2;135;255;255m                       [48;2;140;243;241m[38;2;114;207;206m▀[48;2;0;1;0m   [48;2;39;43;34m[38;2;61;71;56m▀[48;2;123;140;104m         [48;2;113;132;102m[38;2;123;140;104m▀[48;2;3;6;2m[38;2;21;26;18m▀[48;2;0;1;0m  [48;2;36;70;71m[38;2;4;11;14m▀[48;2;135;255;255m[38;2;128;249;251m▀                 [48;2;120;221;219m[38;2;36;70;71m▀[48;2;3;6;2m[38;2;0;1;0m▀[48;2;0;1;0m   [48;2;0;0;0m                                                    [m
[48;2;0;0;0m      [48;2;0;1;0m   [48;2;52;99;99m[38;2;21;38;38m▀[48;2;135;255;255m                         [48;2;63;114;113m▀[48;2;0;1;0m  [38;2;3;6;2m▀[48;2;85;99;76m[38;2;113;132;102m▀[48;2;123;140;104m        [48;2;54;63;49m[38;2;85;99;76m▀[48;2;0;1;0m   [48;2;106;198;198m[38;2;77;139;136m▀[48;2;135;255;255m                   [48;2;135;239;236m[38;2;70;126;125m▀[48;2;4;11;14m[38;2;0;1;0m▀[48;2;0;1;0m  [38;2;0;0;0m▀[48;2;0;0;0m                                                   [m
[48;2;0;0;0m      [48;2;0;1;0m   [48;2;81;150;150m[38;2;70;126;125m▀[48;2;135;255;255m                         [38;2;114;207;206m▀[48;2;15;32;32m[38;2;0;1;0m▀[48;2;0;1;0m  [48;2;3;6;2m[38;2;45;50;37m▀[48;2;113;132;102m[38;2;123;140;104m▀[48;2;123;140;104m      [48;2;113;132;102m▀[48;2;3;6;2m[38;2;21;26;18m▀[48;2;0;1;0m  [48;2;36;70;71m[38;2;4;11;14m▀[48;2;135;255;255m[38;2;128;249;251m▀                    [48;2;114;207;206m[38;2;52;99;99m▀[48;2;0;1;0m   [38;2;0;0;0m▀[48;2;0;0;0m                                                  [m
[48;2;0;0;0m      [48;2;0;1;0m   [48;2;106;198;198m[38;2;90;172;173m▀[48;2;135;255;255m                          [48;2;126;229;227m[38;2;70;126;125m▀[48;2;3;6;2m[38;2;0;1;0m▀[48;2;0;1;0m  [48;2;7;10;6m[38;2;61;71;56m▀[48;2;113;132;102m[38;2;123;140;104m▀[48;2;123;140;104m     [48;2;21;26;18m[38;2;79;92;70m▀[48;2;0;1;0m   [48;2;114;207;206m[38;2;77;139;136m▀[48;2;135;255;255m                      [48;2;44;82;83m[38;2;15;32;32m▀[48;2;0;1;0m   [48;2;0;0;0m                                                  [m
[48;2;0;0;0m     [48;2;0;1;0m    [48;2;120;221;219m [48;2;135;255;255m                           [48;2;120;221;219m[38;2;52;99;99m▀[48;2;3;6;2m[38;2;0;1;0m▀[48;2;0;1;0m  [48;2;3;6;2m[38;2;61;71;56m▀[48;2;102;114;86m[38;2;123;140;104m▀[48;2;123;140;104m   [48;2;39;43;34m[38;2;96;108;80m▀[48;2;0;1;0m   [48;2;90;172;173m[38;2;36;70;71m▀[48;2;135;255;255m                       [48;2;90;172;173m[38;2;70;126;125m▀[48;2;0;1;0m   [48;2;0;0;0m                                                  [m
[48;2;0;0;0m      [48;2;0;1;0m   [48;2;90;172;173m[38;2;106;198;198m▀[48;2;135;255;255m                            [48;2;140;243;241m[38;2;52;99;99m▀[48;2;21;38;38m[38;2;0;1;0m▀[48;2;0;1;0m  [38;2;19;21;18m▀[48;2;48;56;42m[38;2;113;132;102m▀[48;2;123;140;104m [48;2;54;63;49m[38;2;109;122;93m▀[48;2;0;1;0m[38;2;3;6;2m▀  [48;2;81;150;150m[38;2;21;38;38m▀[48;2;135;255;255m                        [48;2;77;139;136m[38;2;86;159;161m▀[48;2;0;1;0m   [48;2;0;0;0m                                                  [m
[48;2;0;0;0m      [48;2;0;1;0m   [48;2;70;126;125m[38;2;81;150;150m▀[48;2;135;255;255m                             [38;2;106;198;198m▀[48;2;70;126;125m[38;2;3;6;2m▀[48;2;0;1;0m   [48;2;3;6;2m[38;2;79;92;70m▀[48;2;0;1;0m[38;2;3;6;2m▀  [48;2;63;114;113m[38;2;4;11;14m▀[48;2;135;255;255m[38;2;140;243;241m▀                        [48;2;52;99;99m[38;2;70;126;125m▀[48;2;0;1;0m   [48;2;0;0;0m                                                  [m
[48;2;0;0;0m      [48;2;0;1;0m   [48;2;4;11;14m[38;2;48;86;88m▀[48;2;128;249;251m[38;2;135;255;255m▀[48;2;135;255;255m                             [38;2;128;249;251m▀[48;2;120;221;219m[38;2;30;55;53m▀[48;2;4;11;14m[38;2;0;1;0m▀[48;2;0;1;0m    [48;2;44;82;83m[38;2;3;6;2m▀[48;2;135;255;255m[38;2;120;221;219m▀                        [48;2;140;243;241m[38;2;135;255;255m▀[48;2;3;6;2m[38;2;26;45;44m▀[48;2;0;1;0m   [48;2;0;0;0m                                                  [m
[48;2;0;0;0m      [38;2;0;1;0m▀[48;2;0;1;0m   [48;2;52;99;99m[38;2;90;172;173m▀[48;2;135;255;255m                               [38;2;86;159;161m▀[48;2;44;82;83m[38;2;0;1;0m▀[48;2;0;1;0m  [48;2;30;55;53m▀[48;2;135;255;255m[38;2;106;198;198m▀                         [48;2;70;126;125m[38;2;103;190;190m▀[48;2;0;1;0m   [48;2;0;0;0m                                                   [m
[48;2;0;0;0m       [48;2;0;1;0m   [38;2;4;11;14m▀[48;2;63;114;113m[38;2;128;249;251m▀[48;2;135;255;255m                               [38;2;126;229;227m▀[48;2;90;172;173m[38;2;13;25;25m▀[48;2;13;25;25m[38;2;0;1;0m▀[48;2;128;249;251m[38;2;90;172;173m▀[48;2;135;255;255m                          [48;2;63;114;113m[38;2;52;99;99m▀[48;2;0;1;0m   [48;2;0;0;0m                                                   [m
[48;2;0;0;0m        [48;2;0;1;0m   [38;2;3;6;2m▀[48;2;36;70;71m[38;2;120;221;219m▀[48;2;135;255;255m                                [38;2;114;207;206m▀                           [48;2;81;150;150m[38;2;63;114;113m▀[48;2;0;1;0m    [38;2;0;0;0m▀[48;2;0;0;0m                                                 [m
[48;2;0;0;0m        [48;2;0;1;0m     [48;2;8;17;19m[38;2;86;159;161m▀[48;2;126;229;227m[38;2;135;255;255m▀[48;2;135;255;255m                                                           [38;2;52;99;99m▀[48;2;48;86;88m[38;2;0;1;0m▀[48;2;0;1;0m     [38;2;0;0;0m▀▀▀[48;2;0;0;0m                                            [m
[48;2;0;0;0m        [48;2;0;1;0m   [48;2;3;6;2m[38;2;0;1;0m▀[48;2;0;1;0m  [38;2;36;70;71m▀[48;2;63;114;113m[38;2;135;255;255m▀[48;2;135;255;255m                                                           [38;2;128;249;251m▀[38;2;86;159;161m▀[38;2;30;55;53m▀[48;2;106;198;198m[38;2;0;1;0m▀[48;2;44;82;83m▀[48;2;3;6;2m▀[48;2;0;1;0m     [38;2;0;0;0m▀▀[48;2;0;0;0m                                        [m
[48;2;0;0;0m        [48;2;0;1;0m   [48;2;30;55;53m[38;2;8;17;19m▀[48;2;70;126;125m[38;2;0;1;0m▀[48;2;0;1;0m   [38;2;70;126;125m▀[48;2;86;159;161m[38;2;135;255;255m▀[48;2;135;255;255m                                                              [38;2;120;221;219m▀[38;2;70;126;125m▀[48;2;128;249;251m[38;2;8;17;19m▀[48;2;86;159;161m[38;2;0;1;0m▀[48;2;26;45;44m▀[48;2;0;1;0m      [38;2;0;0;0m▀▀[48;2;0;0;0m                                   [m
[48;2;0;0;0m        [48;2;0;1;0m   [48;2;70;126;125m[38;2;52;99;99m▀[48;2;135;255;255m [48;2;128;249;251m▀[48;2;44;82;83m[38;2;0;1;0m▀[48;2;0;1;0m  [38;2;3;6;2m▀[48;2;0;4;8m[38;2;90;172;173m▀[48;2;103;190;190m[38;2;135;255;255m▀[48;2;135;255;255m                                                                 [38;2;106;198;198m▀[38;2;48;86;88m▀[48;2;126;229;227m[38;2;3;6;2m▀[48;2;70;126;125m[38;2;0;1;0m▀[48;2;13;25;25m▀[48;2;0;1;0m     [38;2;0;0;0m▀▀[48;2;0;0;0m                               [m
[48;2;0;0;0m        [48;2;0;1;0m   [48;2;106;198;198m[38;2;86;159;161m▀[48;2;135;255;255m  [38;2;128;249;251m▀[48;2;135;239;236m[38;2;30;55;53m▀[48;2;26;45;44m[38;2;0;1;0m▀[48;2;0;1;0m  [38;2;4;11;14m▀[48;2;3;6;2m[38;2;106;198;198m▀[48;2;86;159;161m[38;2;135;255;255m▀[48;2;135;255;255m                                                                   [38;2;128;249;251m▀[38;2;86;159;161m▀[38;2;21;38;38m▀[48;2;86;159;161m[38;2;0;1;0m▀[48;2;21;38;38m▀[48;2;0;1;0m     [38;2;0;0;0m▀▀[48;2;0;0;0m                           [m
[48;2;0;0;0m        [48;2;0;1;0m   [48;2;114;207;206m[38;2;120;221;219m▀[48;2;135;255;255m    [38;2;126;229;227m▀[48;2;120;221;219m[38;2;13;25;25m▀[48;2;21;38;38m[38;2;0;1;0m▀[48;2;0;1;0m   [38;2;63;114;113m▀[48;2;30;55;53m[38;2;128;249;251m▀[48;2;114;207;206m[38;2;135;255;255m▀[48;2;135;255;255m                                                                    [38;2;128;249;251m▀[38;2;86;159;161m▀[48;2;128;249;251m[38;2;15;32;32m▀[48;2;81;150;150m[38;2;0;1;0m▀[48;2;13;25;25m▀[48;2;0;1;0m     [38;2;0;0;0m▀[48;2;0;0;0m                        [m
[48;2;0;0;0m        [48;2;0;1;0m   [48;2;90;172;173m[38;2;103;190;190m▀[48;2;135;255;255m      [38;2;140;243;241m▀[38;2;44;82;83m▀[48;2;70;126;125m[38;2;0;1;0m▀[48;2;3;6;2m▀[48;2;0;1;0m  [38;2;3;6;2m▀[38;2;63;114;113m▀[48;2;13;25;25m[38;2;140;243;241m▀[48;2;81;150;150m[38;2;135;255;255m▀[48;2;140;243;241m▀[48;2;135;255;255m                                                                    [38;2;128;249;251m▀[38;2;77;139;136m▀[48;2;140;243;241m[38;2;13;25;25m▀[48;2;70;126;125m[38;2;0;1;0m▀[48;2;4;11;14m▀[48;2;0;1;0m    [38;2;0;0;0m▀▀[48;2;0;0;0m                    [m
[48;2;0;0;0m        [48;2;0;1;0m   [48;2;77;139;136m[38;2;86;159;161m▀[48;2;135;255;255m         [38;2;103;190;190m▀[48;2;128;249;251m[38;2;21;38;38m▀[48;2;70;126;125m[38;2;0;1;0m▀[48;2;4;11;14m▀[48;2;0;1;0m   [38;2;4;11;14m▀[38;2;52;99;99m▀[38;2;114;207;206m▀[48;2;26;45;44m[38;2;135;255;255m▀[48;2;63;114;113m▀[48;2;90;172;173m▀[48;2;126;229;227m▀[48;2;135;255;255m                                                                  [38;2;120;221;219m▀[38;2;44;82;83m▀[48;2;103;190;190m[38;2;0;1;0m▀[48;2;21;38;38m▀[48;2;0;1;0m    [38;2;0;0;0m▀▀[48;2;0;0;0m                 [m
[48;2;0;0;0m        [48;2;0;1;0m   [48;2;26;45;44m[38;2;52;99;99m▀[48;2;135;255;255m            [38;2;120;221;219m▀[38;2;44;82;83m▀[48;2;120;221;219m[38;2;3;6;2m▀[48;2;70;126;125m[38;2;0;1;0m▀[48;2;13;25;25m▀[48;2;0;1;0m      [38;2;15;32;32m▀[38;2;52;99;99m▀[48;2;63;114;113m[38;2;135;239;236m▀[48;2;135;255;255m                                                                  [38;2;128;249;251m▀[38;2;77;139;136m▀[48;2;120;221;219m[38;2;4;11;14m▀[48;2;44;82;83m[38;2;0;1;0m▀[48;2;0;1;0m     [38;2;0;0;0m▀[48;2;0;0;0m              [m
[48;2;0;0;0m        [48;2;0;1;0m   [38;2;3;6;2m▀[48;2;106;198;198m[38;2;128;249;251m▀[48;2;135;255;255m               ▀[38;2;90;172;173m▀[38;2;36;70;71m▀[48;2;128;249;251m[38;2;4;11;14m▀[48;2;114;207;206m[38;2;0;1;0m▀[48;2;81;150;150m▀[48;2;52;99;99m▀[48;2;26;45;44m▀[48;2;48;86;88m▀[48;2;126;229;227m[38;2;52;99;99m▀[48;2;135;255;255m                                                                      [38;2;103;190;190m▀[48;2;128;249;251m[38;2;21;38;38m▀[48;2;70;126;125m[38;2;0;1;0m▀[48;2;3;6;2m▀[48;2;0;1;0m    [38;2;0;0;0m▀[48;2;0;0;0m           [m
[48;2;0;0;0m         [48;2;0;1;0m   [48;2;52;99;99m[38;2;77;139;136m▀[48;2;135;255;255m                                                                                                  [38;2;114;207;206m▀[48;2;128;249;251m[38;2;26;45;44m▀[48;2;70;126;125m[38;2;0;1;0m▀[48;2;3;6;2m▀[48;2;0;1;0m    [38;2;0;0;0m▀[48;2;0;0;0m        [m
[48;2;0;0;0m         [48;2;0;1;0m   [38;2;8;17;19m▀[38;2;48;86;88m▀▀▀▀▀▀▀▀▀▀▀▀▀▀▀▀▀▀▀▀▀▀▀▀▀▀▀▀▀▀▀▀▀▀▀▀▀▀▀▀▀▀▀▀▀▀▀▀▀▀▀▀▀▀▀▀▀▀▀▀▀▀▀▀▀▀▀▀▀▀▀▀▀▀▀▀▀▀▀▀▀▀▀▀▀▀▀▀▀▀▀▀▀▀▀▀▀▀▀▀▀[38;2;21;38;38m▀       [38;2;0;0;0m▀[48;2;0;0;0m     [m
[48;2;0;0;0m          [48;2;0;1;0m                                                                                                                  [38;2;0;0;0m▀▀[48;2;0;0;0m  [m
