[48;2;0;0;0m                                   [m
[48;2;0;0;0m                                   [m
[48;2;0;0;0m           [48;2;231;231;231m[38;2;0;0;0m▀▀▀ [48;2;123;140;107m[38;2;231;231;231m▀▀▀[48;2;166;176;157m▀[48;2;231;231;231m[38;2;0;0;0m▀[48;2;188;195;181m▀[48;2;0;0;0m              [m
[48;2;0;0;0m         [48;2;231;231;231m[38;2;0;0;0m▀[48;2;33;57;8m[38;2;231;231;231m▀[38;2;123;140;107m▀ [48;2;57;90;8m[38;2;33;57;8m▀▀[48;2;245;176;245m▀[48;2;202;140;196m[38;2;112;127;97m▀[48;2;166;107;156m▀[48;2;47;77;8m[38;2;33;57;8m▀[48;2;57;90;8m▀[48;2;43;70;8m▀[48;2;122;77;77m[38;2;152;161;142m▀[48;2;241;181;211m[38;2;0;0;0m▀[48;2;0;0;0m            [m
[48;2;0;0;0m       [48;2;231;231;231m [48;2;33;57;8m[38;2;123;140;107m▀ [48;2;255;140;255m[38;2;33;57;8m▀ [48;2;57;90;8m[38;2;255;140;255m▀[48;2;112;127;97m▀[48;2;166;107;156m[38;2;245;176;245m▀ [48;2;176;120;156m[38;2;166;107;156m▀[48;2;255;127;225m[38;2;176;120;156m▀ [48;2;166;107;156m  [48;2;136;97;77m[38;2;122;77;77m▀[48;2;33;57;8m▀[48;2;87;107;67m[38;2;161;175;142m▀[48;2;0;0;0m           [m
[48;2;0;0;0m     [48;2;231;231;231m[38;2;0;0;0m▀[48;2;123;140;107m[38;2;231;231;231m▀[48;2;33;57;8m [48;2;255;140;255m[38;2;33;57;8m▀   [48;2;127;146;97m▀[48;2;33;57;8m[38;2;69;90;48m▀[48;2;166;107;156m [48;2;122;77;77m[38;2;176;120;156m▀ [48;2;176;127;137m[38;2;122;77;77m▀▀[38;2;33;57;8m▀[48;2;122;77;77m▀ [48;2;33;57;8m [48;2;69;90;48m[38;2;123;140;107m▀[48;2;188;195;181m[38;2;0;0;0m▀[48;2;0;0;0m          [m
[48;2;0;0;0m    [48;2;231;231;231m[38;2;0;0;0m▀[48;2;123;140;107m[38;2;231;231;231m▀[48;2;33;57;8m [48;2;57;90;8m [48;2;255;140;255m   [48;2;245;176;245m[38;2;255;140;255m▀[48;2;166;107;156m[38;2;202;140;196m▀ [48;2;255;127;225m[38;2;176;120;156m▀[48;2;122;77;77m[38;2;136;97;77m▀[48;2;136;97;77m [48;2;176;127;137m   [48;2;136;97;77m[38;2;122;77;77m▀ [48;2;166;107;156m[38;2;47;77;8m▀[48;2;69;90;48m[38;2;49;87;5m▀[38;2;123;140;107m▀[48;2;188;195;181m[38;2;0;0;0m▀[48;2;0;0;0m         [m
[48;2;0;0;0m    [48;2;231;231;231m [48;2;33;57;8m [48;2;57;90;8m [48;2;255;140;255m  [48;2;245;176;245m[38;2;255;140;255m▀[48;2;166;107;156m[38;2;245;176;245m▀ [48;2;176;120;156m[38;2;166;107;156m▀[48;2;255;127;225m  [48;2;122;77;77m[38;2;136;97;77m▀[48;2;136;97;77m [48;2;176;127;137m   [48;2;136;97;77m[38;2;122;77;77m▀ [48;2;166;107;156m [48;2;176;120;156m[38;2;83;110;48m▀[48;2;69;90;48m [48;2;123;140;107m[38;2;188;195;181m▀[48;2;165;188;139m[38;2;0;0;0m▀[48;2;0;0;0m        [m
[48;2;0;0;0m    [48;2;231;231;231m [48;2;33;57;8m [48;2;57;90;8m[38;2;255;140;255m▀[48;2;255;140;255m [48;2;245;176;245m▀[48;2;166;107;156m[38;2;202;140;196m▀ [48;2;176;120;156m[38;2;166;107;156m▀ [48;2;255;127;225m  [38;2;136;97;77m▀[48;2;122;77;77m▀[48;2;176;127;137m  [48;2;136;97;77m[38;2;176;127;137m▀[48;2;122;77;77m [48;2;255;127;225m[38;2;136;97;77m▀ [48;2;166;107;156m [48;2;47;77;8m[38;2;69;90;48m▀[48;2;33;57;8m▀[48;2;152;161;142m [48;2;0;0;0m        [m
[48;2;0;0;0m    [48;2;123;140;107m[38;2;231;231;231m▀[48;2;33;57;8m [48;2;112;127;97m[38;2;57;90;8m▀[48;2;47;77;8m[38;2;245;176;245m▀[48;2;166;107;156m [48;2;176;120;156m[38;2;166;107;156m▀[48;2;255;127;225m [38;2;176;120;156m▀[48;2;176;120;156m  [38;2;255;127;225m▀[48;2;255;127;225m [48;2;136;97;77m[38;2;122;77;77m▀[48;2;122;77;77m [38;2;136;97;77m▀ [48;2;136;97;77m[38;2;122;77;77m▀[48;2;255;127;225m  [38;2;166;107;156m▀[48;2;47;77;8m[38;2;33;57;8m▀[48;2;33;57;8m [48;2;161;175;142m [48;2;0;0;0m        [m
[48;2;0;0;0m   [48;2;166;176;157m[38;2;231;231;231m▀[48;2;69;90;48m[38;2;112;127;97m▀[48;2;47;77;8m▀[48;2;166;107;156m [48;2;136;97;77m[38;2;47;77;8m▀ [38;2;255;127;225m▀▀[48;2;255;127;225m  [48;2;176;120;156m  ▀▀[38;2;122;77;77m▀▀[48;2;255;127;225m[38;2;136;97;77m▀   [48;2;136;97;77m[38;2;255;127;225m▀[48;2;122;77;77m [48;2;241;181;211m[38;2;176;127;137m▀[48;2;0;0;0m[38;2;241;181;211m▀        [m
[48;2;0;0;0m [48;2;231;231;231m[38;2;0;0;0m▀[48;2;33;57;8m[38;2;231;231;231m▀ [48;2;166;107;156m[38;2;47;77;8m▀[48;2;255;127;225m[38;2;166;107;156m▀ [38;2;136;97;77m▀▀▀[48;2;136;97;77m   [38;2;255;127;225m▀▀[48;2;255;127;225m[38;2;176;120;156m▀▀▀▀▀▀  [38;2;122;77;77m▀[48;2;122;77;77m [48;2;176;127;137m[38;2;241;181;211m▀[48;2;0;0;0m         [m
[48;2;0;0;0m [38;2;188;195;181m▀[38;2;33;57;8m▀▀▀▀▀▀▀▀▀▀▀▀▀▀▀▀▀▀▀▀▀▀▀[38;2;152;161;142m▀         [m
