[48;2;0;0;0m                                   [m
[48;2;0;0;0m                                   [m
[48;2;0;0;0m           [48;2;231;231;231m[38;2;0;0;0m▀▀▀ [48;2;123;140;107m[38;2;231;231;231m▀▀▀[48;2;145;158;132m▀[48;2;231;231;231m[38;2;0;0;0m▀[48;2;209;213;206m▀[48;2;0;0;0m              [m
[48;2;0;0;0m         [48;2;231;231;231m[38;2;0;0;0m▀[48;2;33;57;8m[38;2;231;231;231m▀[38;2;123;140;107m▀ [48;2;57;90;8m[38;2;33;57;8m▀▀[48;2;250;158;250m▀[48;2;229;140;225m[38;2;73;92;53m▀[48;2;211;123;206m▀[48;2;52;83;8m[38;2;33;57;8m▀[48;2;57;90;8m▀[48;2;38;64;8m▀[48;2;77;67;43m[38;2;191;196;186m▀[48;2;236;206;221m[38;2;0;0;0m▀[48;2;0;0;0m            [m
[48;2;0;0;0m       [48;2;231;231;231m [48;2;33;57;8m[38;2;123;140;107m▀ [48;2;255;140;255m[38;2;33;57;8m▀ [48;2;57;90;8m[38;2;255;140;255m▀[48;2;73;92;53m▀[48;2;211;123;206m[38;2;250;158;250m▀ [48;2;215;130;206m[38;2;211;123;206m▀[48;2;255;133;240m[38;2;215;130;206m▀ [48;2;211;123;206m  [48;2;97;93;43m[38;2;77;67;43m▀[48;2;33;57;8m▀[48;2;105;123;87m[38;2;196;203;186m▀[48;2;0;0;0m           [m
[48;2;0;0;0m     [48;2;231;231;231m[38;2;0;0;0m▀[48;2;123;140;107m[38;2;231;231;231m▀[48;2;33;57;8m [48;2;255;140;255m[38;2;33;57;8m▀   [48;2;92;118;53m▀[48;2;33;57;8m[38;2;51;74;28m▀[48;2;211;123;206m [48;2;77;67;43m[38;2;215;130;206m▀ [48;2;149;133;122m[38;2;77;67;43m▀▀[38;2;33;57;8m▀[48;2;77;67;43m▀ [48;2;33;57;8m [48;2;51;74;28m[38;2;123;140;107m▀[48;2;209;213;206m[38;2;0;0;0m▀[48;2;0;0;0m          [m
[48;2;0;0;0m    [48;2;231;231;231m[38;2;0;0;0m▀[48;2;123;140;107m[38;2;231;231;231m▀[48;2;33;57;8m [48;2;57;90;8m [48;2;255;140;255m   [48;2;250;158;250m[38;2;255;140;255m▀[48;2;211;123;206m[38;2;229;140;225m▀ [48;2;255;133;240m[38;2;215;130;206m▀[48;2;77;67;43m[38;2;97;93;43m▀[48;2;97;93;43m [48;2;149;133;122m   [48;2;97;93;43m[38;2;77;67;43m▀ [48;2;211;123;206m[38;2;52;83;8m▀[48;2;51;74;28m[38;2;41;72;6m▀[38;2;123;140;107m▀[48;2;209;213;206m[38;2;0;0;0m▀[48;2;0;0;0m         [m
[48;2;0;0;0m    [48;2;231;231;231m [48;2;33;57;8m [48;2;57;90;8m [48;2;255;140;255m  [48;2;250;158;250m[38;2;255;140;255m▀[48;2;211;123;206m[38;2;250;158;250m▀ [48;2;215;130;206m[38;2;211;123;206m▀[48;2;255;133;240m  [48;2;77;67;43m[38;2;97;93;43m▀[48;2;97;93;43m [48;2;149;133;122m   [48;2;97;93;43m[38;2;77;67;43m▀ [48;2;211;123;206m [48;2;215;130;206m[38;2;70;100;28m▀[48;2;51;74;28m [48;2;123;140;107m[38;2;209;213;206m▀[48;2;198;209;185m[38;2;0;0;0m▀[48;2;0;0;0m        [m
[48;2;0;0;0m    [48;2;231;231;231m [48;2;33;57;8m [48;2;57;90;8m[38;2;255;140;255m▀[48;2;255;140;255m [48;2;250;158;250m▀[48;2;211;123;206m[38;2;229;140;225m▀ [48;2;215;130;206m[38;2;211;123;206m▀ [48;2;255;133;240m  [38;2;97;93;43m▀[48;2;77;67;43m▀[48;2;149;133;122m  [48;2;97;93;43m[38;2;149;133;122m▀[48;2;77;67;43m [48;2;255;133;240m[38;2;97;93;43m▀ [48;2;211;123;206m [48;2;52;83;8m[38;2;51;74;28m▀[48;2;33;57;8m▀[48;2;191;196;186m [48;2;0;0;0m        [m
[48;2;0;0;0m    [48;2;123;140;107m[38;2;231;231;231m▀[48;2;33;57;8m [48;2;73;92;53m[38;2;57;90;8m▀[48;2;52;83;8m[38;2;250;158;250m▀[48;2;211;123;206m [48;2;215;130;206m[38;2;211;123;206m▀[48;2;255;133;240m [38;2;215;130;206m▀[48;2;215;130;206m  [38;2;255;133;240m▀[48;2;255;133;240m [48;2;97;93;43m[38;2;77;67;43m▀[48;2;77;67;43m [38;2;97;93;43m▀ [48;2;97;93;43m[38;2;77;67;43m▀[48;2;255;133;240m  [38;2;211;123;206m▀[48;2;52;83;8m[38;2;33;57;8m▀[48;2;33;57;8m [48;2;196;203;186m [48;2;0;0;0m        [m
[48;2;0;0;0m   [48;2;145;158;132m[38;2;231;231;231m▀[48;2;51;74;28m[38;2;73;92;53m▀[48;2;52;83;8m▀[48;2;211;123;206m [48;2;97;93;43m[38;2;52;83;8m▀ [38;2;255;133;240m▀▀[48;2;255;133;240m  [48;2;215;130;206m  ▀▀[38;2;77;67;43m▀▀[48;2;255;133;240m[38;2;97;93;43m▀   [48;2;97;93;43m[38;2;255;133;240m▀[48;2;77;67;43m [48;2;236;206;221m[38;2;149;133;122m▀[48;2;0;0;0m[38;2;236;206;221m▀        [m
[48;2;0;0;0m [48;2;231;231;231m[38;2;0;0;0m▀[48;2;33;57;8m[38;2;231;231;231m▀ [48;2;211;123;206m[38;2;52;83;8m▀[48;2;255;133;240m[38;2;211;123;206m▀ [38;2;97;93;43m▀▀▀[48;2;97;93;43m   [38;2;255;133;240m▀▀[48;2;255;133;240m[38;2;215;130;206m▀▀▀▀▀▀  [38;2;77;67;43m▀[48;2;77;67;43m [48;2;149;133;122m[38;2;236;206;221m▀[48;2;0;0;0m         [m
[48;2;0;0;0m [38;2;209;213;206m▀[38;2;33;57;8m▀▀▀▀▀▀▀▀▀▀▀▀▀▀▀▀▀▀▀▀▀▀▀[38;2;191;196;186m▀         [m
