[48;2;0;0;0m                                   [m
[48;2;0;0;0m                                   [m
[48;2;0;0;0m                  [48;2;152;161;142m[38;2;0;0;0m▀[48;2;161;175;142m▀[48;2;176;140;120m▀[48;2;57;90;8m[38;2;241;195;195m▀[48;2;33;57;8m▀▀[48;2;87;107;67m▀[38;2;0;0;0m▀[48;2;161;175;142m▀[48;2;0;0;0m        [m
[48;2;0;0;0m               [48;2;161;175;142m[38;2;0;0;0m▀[48;2;176;140;120m[38;2;161;175;142m▀[48;2;122;90;61m▀[48;2;33;57;8m [48;2;47;77;8m[38;2;43;70;8m▀[48;2;136;110;61m[38;2;122;90;61m▀[48;2;166;87;112m[38;2;33;57;8m▀[48;2;202;120;151m[38;2;43;70;8m▀[38;2;69;90;48m▀▀[48;2;83;110;48m[38;2;33;57;8m▀[48;2;33;57;8m [38;2;87;107;67m▀[48;2;152;161;142m[38;2;0;0;0m▀[48;2;0;0;0m      [m
[48;2;0;0;0m             [48;2;152;161;142m[38;2;0;0;0m▀[48;2;43;70;8m[38;2;152;161;142m▀[48;2;122;90;61m [48;2;136;110;61m[38;2;122;90;61m▀[48;2;255;120;165m[38;2;136;110;61m▀ [48;2;122;90;61m  [48;2;166;87;112m [48;2;69;90;48m[38;2;202;120;151m▀[38;2;83;110;48m▀▀[48;2;83;110;48m[38;2;61;103;5m▀[48;2;33;57;8m[38;2;47;77;8m▀[48;2;122;90;61m [38;2;87;107;67m▀[48;2;152;161;142m[38;2;0;0;0m▀[48;2;0;0;0m     [m
[48;2;0;0;0m            [48;2;152;161;142m[38;2;0;0;0m▀[48;2;33;57;8m[38;2;87;107;67m▀[48;2;122;90;61m [48;2;255;120;165m[38;2;136;110;61m▀   [38;2;122;90;61m▀▀[48;2;166;87;112m [48;2;69;90;48m [48;2;123;140;107m  [48;2;97;120;67m[38;2;123;140;107m▀[48;2;87;107;67m [48;2;122;90;61m  [48;2;43;70;8m[38;2;152;161;142m▀[48;2;152;161;142m[38;2;0;0;0m▀[48;2;0;0;0m    [m
[48;2;0;0;0m           [48;2;152;161;142m[38;2;0;0;0m▀[48;2;33;57;8m[38;2;87;107;67m▀[48;2;122;90;61m [48;2;255;120;165m[38;2;136;110;61m▀      [48;2;176;100;112m [48;2;33;57;8m[38;2;43;70;8m▀[48;2;123;140;107m[38;2;94;135;43m▀[48;2;97;120;67m[38;2;123;140;107m▀[48;2;87;107;67m [48;2;97;120;67m[38;2;176;140;120m▀[48;2;122;90;61m [48;2;255;120;165m[38;2;136;110;61m▀[48;2;122;90;61m[38;2;43;70;8m▀[48;2;33;57;8m[38;2;152;161;142m▀[48;2;188;195;181m[38;2;0;0;0m▀[48;2;0;0;0m   [m
[48;2;0;0;0m         [48;2;231;231;231m[38;2;0;0;0m▀[48;2;33;57;8m[38;2;152;161;142m▀ [48;2;57;90;8m[38;2;43;70;8m▀[48;2;176;100;112m[38;2;255;120;165m▀[48;2;255;120;165m       [38;2;176;100;112m▀[48;2;43;70;8m[38;2;33;57;8m▀[48;2;47;77;8m[38;2;87;107;67m▀[48;2;87;107;67m [48;2;97;120;67m▀[48;2;142;130;56m[38;2;176;140;120m▀[48;2;122;90;61m [48;2;255;120;165m [48;2;176;100;112m[38;2;43;70;8m▀[48;2;33;57;8m [48;2;166;176;157m[38;2;188;195;181m▀[48;2;0;0;0m   [m
[48;2;0;0;0m        [48;2;152;161;142m[38;2;0;0;0m▀[48;2;33;57;8m[38;2;87;107;67m▀[48;2;43;70;8m[38;2;33;57;8m▀[48;2;136;110;61m[38;2;122;90;61m▀ [48;2;176;100;112m [48;2;255;120;165m         [48;2;122;90;61m[38;2;43;70;8m▀[38;2;97;120;67m▀[38;2;176;140;120m▀ [48;2;136;110;61m [48;2;255;120;165m [48;2;166;87;112m[38;2;47;77;8m▀[48;2;69;90;48m[38;2;33;57;8m▀[48;2;123;140;107m[38;2;166;176;157m▀[48;2;0;0;0m   [m
[48;2;0;0;0m      [48;2;152;161;142m[38;2;0;0;0m▀[48;2;33;57;8m[38;2;152;161;142m▀[48;2;43;70;8m[38;2;33;57;8m▀[48;2;136;110;61m[38;2;122;90;61m▀[48;2;255;120;165m [38;2;136;110;61m▀[48;2;136;110;61m [38;2;57;90;8m▀[38;2;176;100;112m▀[48;2;176;100;112m  [38;2;255;120;165m▀▀[48;2;255;120;165m    [38;2;122;90;61m▀[48;2;122;90;61m  [48;2;136;110;61m [48;2;255;120;165m [38;2;176;100;112m▀[48;2;166;87;112m[38;2;47;77;8m▀[48;2;112;127;97m [48;2;231;231;231m [48;2;0;0;0m   [m
[48;2;0;0;0m   [48;2;231;231;231m[38;2;0;0;0m▀[48;2;87;107;67m[38;2;188;195;181m▀[48;2;33;57;8m[38;2;152;161;142m▀[48;2;43;70;8m [48;2;255;120;165m[38;2;122;90;61m▀     [48;2;136;110;61m  [38;2;255;120;165m▀▀▀▀[48;2;255;120;165m         [48;2;136;110;61m[38;2;176;100;112m▀[48;2;33;57;8m [48;2;231;231;231m[38;2;112;127;97m▀[48;2;0;0;0m[38;2;231;231;231m▀   [m
[48;2;231;231;231m[38;2;0;0;0m▀▀[48;2;69;90;48m[38;2;231;231;231m▀[48;2;33;57;8m [48;2;43;70;8m[38;2;33;57;8m▀[48;2;255;120;165m[38;2;122;90;61m▀         [38;2;136;110;61m▀▀▀▀▀▀       [48;2;122;90;61m[38;2;43;70;8m▀[48;2;33;57;8m [48;2;152;161;142m[38;2;188;195;181m▀[48;2;0;0;0m    [m
[48;2;0;0;0m[38;2;231;231;231m▀[38;2;166;176;157m▀[38;2;69;90;48m▀[38;2;33;57;8m▀▀▀▀▀▀▀▀▀▀▀▀▀▀▀▀▀▀▀▀▀▀▀▀▀▀[38;2;87;107;67m▀     [m
