[48;2;0;0;0m                                   [m
[48;2;0;0;0m                                   [m
[48;2;0;0;0m                  [48;2;191;196;186m[38;2;0;0;0m▀[48;2;196;203;186m▀[48;2;149;140;114m▀[48;2;57;90;8m[38;2;236;213;213m▀[48;2;33;57;8m▀▀[48;2;105;123;87m▀[38;2;0;0;0m▀[48;2;196;203;186m▀[48;2;0;0;0m        [m
[48;2;0;0;0m               [48;2;196;203;186m[38;2;0;0;0m▀[48;2;149;140;114m[38;2;196;203;186m▀[48;2;77;74;34m▀[48;2;33;57;8m [48;2;52;83;8m[38;2;38;64;8m▀[48;2;97;100;34m[38;2;77;74;34m▀[48;2;211;97;146m[38;2;33;57;8m▀[48;2;229;114;166m[38;2;38;64;8m▀[38;2;51;74;28m▀▀[48;2;70;100;28m[38;2;33;57;8m▀[48;2;33;57;8m [38;2;105;123;87m▀[48;2;191;196;186m[38;2;0;0;0m▀[48;2;0;0;0m      [m
[48;2;0;0;0m             [48;2;191;196;186m[38;2;0;0;0m▀[48;2;38;64;8m[38;2;191;196;186m▀[48;2;77;74;34m [48;2;97;100;34m[38;2;77;74;34m▀[48;2;255;114;173m[38;2;97;100;34m▀ [48;2;77;74;34m  [48;2;211;97;146m [48;2;51;74;28m[38;2;229;114;166m▀[38;2;70;100;28m▀▀[48;2;70;100;28m[38;2;59;97;6m▀[48;2;33;57;8m[38;2;52;83;8m▀[48;2;77;74;34m [38;2;105;123;87m▀[48;2;191;196;186m[38;2;0;0;0m▀[48;2;0;0;0m     [m
[48;2;0;0;0m            [48;2;191;196;186m[38;2;0;0;0m▀[48;2;33;57;8m[38;2;105;123;87m▀[48;2;77;74;34m [48;2;255;114;173m[38;2;97;100;34m▀   [38;2;77;74;34m▀▀[48;2;211;97;146m [48;2;51;74;28m [48;2;123;140;107m  [48;2;110;130;87m[38;2;123;140;107m▀[48;2;105;123;87m [48;2;77;74;34m  [48;2;38;64;8m[38;2;191;196;186m▀[48;2;191;196;186m[38;2;0;0;0m▀[48;2;0;0;0m    [m
[48;2;0;0;0m           [48;2;191;196;186m[38;2;0;0;0m▀[48;2;33;57;8m[38;2;105;123;87m▀[48;2;77;74;34m [48;2;255;114;173m[38;2;97;100;34m▀      [48;2;215;104;146m [48;2;33;57;8m[38;2;38;64;8m▀[48;2;123;140;107m[38;2;84;134;21m▀[48;2;110;130;87m[38;2;123;140;107m▀[48;2;105;123;87m [48;2;110;130;87m[38;2;149;140;114m▀[48;2;77;74;34m [48;2;255;114;173m[38;2;97;100;34m▀[48;2;77;74;34m[38;2;38;64;8m▀[48;2;33;57;8m[38;2;191;196;186m▀[48;2;209;213;206m[38;2;0;0;0m▀[48;2;0;0;0m   [m
[48;2;0;0;0m         [48;2;231;231;231m[38;2;0;0;0m▀[48;2;33;57;8m[38;2;191;196;186m▀ [48;2;57;90;8m[38;2;38;64;8m▀[48;2;215;104;146m[38;2;255;114;173m▀[48;2;255;114;173m       [38;2;215;104;146m▀[48;2;38;64;8m[38;2;33;57;8m▀[48;2;52;83;8m[38;2;105;123;87m▀[48;2;105;123;87m [48;2;110;130;87m▀[48;2;104;126;28m[38;2;149;140;114m▀[48;2;77;74;34m [48;2;255;114;173m [48;2;215;104;146m[38;2;38;64;8m▀[48;2;33;57;8m [48;2;145;158;132m[38;2;209;213;206m▀[48;2;0;0;0m   [m
[48;2;0;0;0m        [48;2;191;196;186m[38;2;0;0;0m▀[48;2;33;57;8m[38;2;105;123;87m▀[48;2;38;64;8m[38;2;33;57;8m▀[48;2;97;100;34m[38;2;77;74;34m▀ [48;2;215;104;146m [48;2;255;114;173m         [48;2;77;74;34m[38;2;38;64;8m▀[38;2;110;130;87m▀[38;2;149;140;114m▀ [48;2;97;100;34m [48;2;255;114;173m [48;2;211;97;146m[38;2;52;83;8m▀[48;2;51;74;28m[38;2;33;57;8m▀[48;2;123;140;107m[38;2;145;158;132m▀[48;2;0;0;0m   [m
[48;2;0;0;0m      [48;2;191;196;186m[38;2;0;0;0m▀[48;2;33;57;8m[38;2;191;196;186m▀[48;2;38;64;8m[38;2;33;57;8m▀[48;2;97;100;34m[38;2;77;74;34m▀[48;2;255;114;173m [38;2;97;100;34m▀[48;2;97;100;34m [38;2;57;90;8m▀[38;2;215;104;146m▀[48;2;215;104;146m  [38;2;255;114;173m▀▀[48;2;255;114;173m    [38;2;77;74;34m▀[48;2;77;74;34m  [48;2;97;100;34m [48;2;255;114;173m [38;2;215;104;146m▀[48;2;211;97;146m[38;2;52;83;8m▀[48;2;73;92;53m [48;2;231;231;231m [48;2;0;0;0m   [m
[48;2;0;0;0m   [48;2;231;231;231m[38;2;0;0;0m▀[48;2;105;123;87m[38;2;209;213;206m▀[48;2;33;57;8m[38;2;191;196;186m▀[48;2;38;64;8m [48;2;255;114;173m[38;2;77;74;34m▀     [48;2;97;100;34m  [38;2;255;114;173m▀▀▀▀[48;2;255;114;173m         [48;2;97;100;34m[38;2;215;104;146m▀[48;2;33;57;8m [48;2;231;231;231m[38;2;73;92;53m▀[48;2;0;0;0m[38;2;231;231;231m▀   [m
[48;2;231;231;231m[38;2;0;0;0m▀▀[48;2;51;74;28m[38;2;231;231;231m▀[48;2;33;57;8m [48;2;38;64;8m[38;2;33;57;8m▀[48;2;255;114;173m[38;2;77;74;34m▀         [38;2;97;100;34m▀▀▀▀▀▀       [48;2;77;74;34m[38;2;38;64;8m▀[48;2;33;57;8m [48;2;191;196;186m[38;2;209;213;206m▀[48;2;0;0;0m    [m
[48;2;0;0;0m[38;2;231;231;231m▀[38;2;145;158;132m▀[38;2;51;74;28m▀[38;2;33;57;8m▀▀▀▀▀▀▀▀▀▀▀▀▀▀▀▀▀▀▀▀▀▀▀▀▀▀[38;2;105;123;87m▀     [m
