[48;2;0;0;0m                  [48;2;231;231;231m[38;2;0;0;0m▀▀▀[48;2;123;140;107m▀[48;2;231;231;231m▀▀[48;2;123;140;107m▀[48;2;231;231;231m▀▀[48;2;0;0;0m        [m
[48;2;0;0;0m                [48;2;195;241;195m[38;2;0;0;0m▀[48;2;130;186;120m[38;2;152;161;142m▀[48;2;33;57;8m[38;2;161;175;142m▀[48;2;43;70;8m[38;2;166;176;157m▀[48;2;112;127;97m[38;2;33;57;8m▀[48;2;33;57;8m  [38;2;123;140;107m▀[38;2;57;90;8m▀[38;2;123;140;107m▀[38;2;231;231;231m▀[48;2;123;140;107m[38;2;0;0;0m▀[48;2;0;0;0m       [m
[48;2;0;0;0m              [48;2;161;175;142m[38;2;0;0;0m▀[48;2;43;70;8m[38;2;161;175;142m▀[48;2;33;57;8m[38;2;43;70;8m▀[48;2;47;77;8m[38;2;76;136;61m▀[48;2;33;57;8m[38;2;47;77;8m▀[48;2;47;77;8m[38;2;166;107;87m▀[48;2;166;107;87m[38;2;202;140;127m▀[48;2;127;146;97m[38;2;255;140;140m▀[48;2;33;57;8m▀▀▀[38;2;57;90;8m▀[48;2;57;90;8m[38;2;33;57;8m▀[48;2;33;57;8m [48;2;123;140;107m[38;2;231;231;231m▀[48;2;0;0;0m      [m
[48;2;0;0;0m             [48;2;97;120;67m[38;2;161;175;142m▀[48;2;69;90;48m [48;2;83;110;48m[38;2;69;90;48m▀[48;2;202;140;127m[38;2;83;110;48m▀[48;2;176;120;87m[38;2;47;77;8m▀[48;2;43;70;8m[38;2;33;57;8m▀[48;2;76;136;61m[38;2;47;77;8m▀[48;2;166;107;87m [48;2;33;57;8m[38;2;69;90;48m▀[48;2;166;176;157m[38;2;57;90;8m▀[48;2;123;140;107m  [38;2;33;57;8m▀[48;2;33;57;8m   [48;2;123;140;107m[38;2;231;231;231m▀[48;2;0;0;0m     [m
[48;2;0;0;0m            [48;2;47;77;8m[38;2;161;175;142m▀[48;2;43;70;8m [48;2;83;110;48m[38;2;69;90;48m▀[48;2;202;140;127m  [48;2;176;120;87m[38;2;166;107;87m▀ [48;2;209;186;140m [38;2;176;120;87m▀[48;2;43;70;8m[38;2;33;57;8m▀[48;2;87;107;67m[38;2;97;120;67m▀[48;2;166;176;157m [48;2;123;140;107m [38;2;66;123;0m▀[48;2;33;57;8m [48;2;255;140;140m [38;2;33;57;8m▀[48;2;33;57;8m [48;2;123;140;107m[38;2;231;231;231m▀[48;2;0;0;0m    [m
[48;2;0;0;0m           [48;2;195;241;195m [48;2;43;70;8m [48;2;33;57;8m[38;2;43;70;8m▀[48;2;202;140;127m   [48;2;166;107;87m [48;2;209;186;140m[38;2;176;120;87m▀  [48;2;76;136;61m [48;2;97;120;67m[38;2;87;107;67m▀[48;2;87;107;67m[38;2;97;120;67m▀[48;2;166;176;157m [48;2;57;90;8m[38;2;123;140;107m▀[48;2;33;57;8m [48;2;255;140;140m  [48;2;57;90;8m[38;2;33;57;8m▀[48;2;33;57;8m [48;2;231;231;231m [48;2;0;0;0m   [m
[48;2;0;0;0m          [48;2;195;241;195m [48;2;76;136;61m  [48;2;166;107;87m [38;2;176;120;87m▀[38;2;202;140;127m▀  [48;2;209;186;140m   [48;2;90;156;61m [48;2;76;136;61m[38;2;57;90;8m▀[48;2;87;107;67m [48;2;83;110;48m[38;2;166;176;157m▀[48;2;33;57;8m [48;2;57;90;8m[38;2;255;140;140m▀[48;2;255;140;140m  [38;2;57;90;8m▀[48;2;33;57;8m [48;2;123;140;107m [48;2;0;0;0m   [m
[48;2;0;0;0m         [48;2;195;241;195m[38;2;0;0;0m▀[48;2;76;136;61m  [48;2;90;156;61m [38;2;176;120;87m▀[48;2;176;120;87m[38;2;166;107;87m▀[48;2;166;107;87m [48;2;176;120;87m▀[48;2;209;186;140m    [38;2;90;156;61m▀[48;2;57;90;8m[38;2;43;70;8m▀[48;2;33;57;8m [48;2;112;127;97m [48;2;57;90;8m[38;2;33;57;8m▀[48;2;255;140;140m   [48;2;57;90;8m [48;2;33;57;8m [48;2;231;231;231m[38;2;123;140;107m▀[48;2;0;0;0m   [m
[48;2;0;0;0m       [48;2;161;175;142m[38;2;0;0;0m▀[48;2;76;136;61m[38;2;195;241;195m▀ [48;2;90;156;61m[38;2;76;136;61m▀[48;2;209;186;140m  [48;2;90;156;61m [48;2;209;186;140m        [38;2;176;120;87m▀[48;2;176;120;87m[38;2;47;77;8m▀[48;2;166;107;87m[38;2;83;110;48m▀[48;2;202;140;127m[38;2;245;176;176m▀[48;2;245;176;176m[38;2;255;140;140m▀[48;2;255;140;140m  [48;2;33;57;8m [48;2;123;140;107m[38;2;33;57;8m▀[48;2;0;0;0m[38;2;231;231;231m▀   [m
[48;2;0;0;0m    [48;2;188;195;181m[38;2;0;0;0m▀[48;2;87;107;67m[38;2;152;161;142m▀[48;2;43;70;8m[38;2;165;188;139m▀[48;2;76;136;61m[38;2;43;70;8m▀[48;2;57;90;8m▀[48;2;176;120;87m  [38;2;209;186;140m▀[48;2;209;186;140m [38;2;90;156;61m▀▀[48;2;90;156;61m  [38;2;209;186;140m▀▀[48;2;209;186;140m     [38;2;176;120;87m▀[38;2;166;107;87m▀[48;2;166;107;87m [38;2;245;176;176m▀[48;2;245;176;176m[38;2;57;90;8m▀[48;2;33;57;8m [48;2;231;231;231m [48;2;0;0;0m    [m
[48;2;0;0;0m   [48;2;188;195;181m[38;2;0;0;0m▀[48;2;33;57;8m[38;2;87;107;67m▀[48;2;43;70;8m[38;2;33;57;8m▀[48;2;90;156;61m [48;2;209;186;140m  [38;2;176;120;87m▀▀▀▀              [38;2;166;107;87m▀[48;2;166;107;87m[38;2;47;77;8m▀[48;2;33;57;8m[38;2;112;127;97m▀[48;2;231;231;231m [48;2;0;0;0m    [m
[48;2;0;0;0m [48;2;231;231;231m[38;2;0;0;0m▀[48;2;166;176;157m[38;2;231;231;231m▀[48;2;33;57;8m [48;2;57;90;8m[38;2;33;57;8m▀[48;2;209;186;140m                       [38;2;57;90;8m▀[48;2;76;136;61m[38;2;33;57;8m▀[48;2;33;57;8m[38;2;87;107;67m▀[48;2;0;0;0m    [m
[48;2;0;0;0m [38;2;231;231;231m▀[38;2;166;176;157m▀[38;2;33;57;8m▀▀▀▀▀▀▀▀▀▀▀▀▀▀▀▀▀▀▀▀▀▀▀▀▀▀▀▀    [m
