[48;2;0;0;0m                  [48;2;231;231;231m[38;2;0;0;0m▀▀▀[48;2;123;140;107m▀[48;2;231;231;231m▀▀[48;2;123;140;107m▀[48;2;231;231;231m▀▀[48;2;0;0;0m        [m
[48;2;0;0;0m                [48;2;213;236;213m[38;2;0;0;0m▀[48;2;126;163;114m[38;2;191;196;186m▀[48;2;33;57;8m[38;2;196;203;186m▀[48;2;38;64;8m[38;2;145;158;132m▀[48;2;73;92;53m[38;2;33;57;8m▀[48;2;33;57;8m  [38;2;123;140;107m▀[38;2;57;90;8m▀[38;2;123;140;107m▀[38;2;231;231;231m▀[48;2;123;140;107m[38;2;0;0;0m▀[48;2;0;0;0m       [m
[48;2;0;0;0m              [48;2;196;203;186m[38;2;0;0;0m▀[48;2;38;64;8m[38;2;196;203;186m▀[48;2;33;57;8m[38;2;38;64;8m▀[48;2;52;83;8m[38;2;54;97;34m▀[48;2;33;57;8m[38;2;52;83;8m▀[48;2;52;83;8m[38;2;211;123;114m▀[48;2;211;123;114m[38;2;229;140;133m▀[48;2;92;118;53m[38;2;255;140;140m▀[48;2;33;57;8m▀▀▀[38;2;57;90;8m▀[48;2;57;90;8m[38;2;33;57;8m▀[48;2;33;57;8m [48;2;123;140;107m[38;2;231;231;231m▀[48;2;0;0;0m      [m
[48;2;0;0;0m             [48;2;110;130;87m[38;2;196;203;186m▀[48;2;51;74;28m [48;2;70;100;28m[38;2;51;74;28m▀[48;2;229;140;133m[38;2;70;100;28m▀[48;2;215;130;114m[38;2;52;83;8m▀[48;2;38;64;8m[38;2;33;57;8m▀[48;2;54;97;34m[38;2;52;83;8m▀[48;2;211;123;114m [48;2;33;57;8m[38;2;51;74;28m▀[48;2;145;158;132m[38;2;57;90;8m▀[48;2;123;140;107m  [38;2;33;57;8m▀[48;2;33;57;8m   [48;2;123;140;107m[38;2;231;231;231m▀[48;2;0;0;0m     [m
[48;2;0;0;0m            [48;2;52;83;8m[38;2;196;203;186m▀[48;2;38;64;8m [48;2;70;100;28m[38;2;51;74;28m▀[48;2;229;140;133m  [48;2;215;130;114m[38;2;211;123;114m▀ [48;2;232;163;140m [38;2;215;130;114m▀[48;2;38;64;8m[38;2;33;57;8m▀[48;2;105;123;87m[38;2;110;130;87m▀[48;2;145;158;132m [48;2;123;140;107m [38;2;66;123;0m▀[48;2;33;57;8m [48;2;255;140;140m [38;2;33;57;8m▀[48;2;33;57;8m [48;2;123;140;107m[38;2;231;231;231m▀[48;2;0;0;0m    [m
[48;2;0;0;0m           [48;2;213;236;213m [48;2;38;64;8m [48;2;33;57;8m[38;2;38;64;8m▀[48;2;229;140;133m   [48;2;211;123;114m [48;2;232;163;140m[38;2;215;130;114m▀  [48;2;54;97;34m [48;2;110;130;87m[38;2;105;123;87m▀[48;2;105;123;87m[38;2;110;130;87m▀[48;2;145;158;132m [48;2;57;90;8m[38;2;123;140;107m▀[48;2;33;57;8m [48;2;255;140;140m  [48;2;57;90;8m[38;2;33;57;8m▀[48;2;33;57;8m [48;2;231;231;231m [48;2;0;0;0m   [m
[48;2;0;0;0m          [48;2;213;236;213m [48;2;54;97;34m  [48;2;211;123;114m [38;2;215;130;114m▀[38;2;229;140;133m▀  [48;2;232;163;140m   [48;2;74;123;34m [48;2;54;97;34m[38;2;57;90;8m▀[48;2;105;123;87m [48;2;70;100;28m[38;2;145;158;132m▀[48;2;33;57;8m [48;2;57;90;8m[38;2;255;140;140m▀[48;2;255;140;140m  [38;2;57;90;8m▀[48;2;33;57;8m [48;2;123;140;107m [48;2;0;0;0m   [m
[48;2;0;0;0m         [48;2;213;236;213m[38;2;0;0;0m▀[48;2;54;97;34m  [48;2;74;123;34m [38;2;215;130;114m▀[48;2;215;130;114m[38;2;211;123;114m▀[48;2;211;123;114m [48;2;215;130;114m▀[48;2;232;163;140m    [38;2;74;123;34m▀[48;2;57;90;8m[38;2;38;64;8m▀[48;2;33;57;8m [48;2;73;92;53m [48;2;57;90;8m[38;2;33;57;8m▀[48;2;255;140;140m   [48;2;57;90;8m [48;2;33;57;8m [48;2;231;231;231m[38;2;123;140;107m▀[48;2;0;0;0m   [m
[48;2;0;0;0m       [48;2;196;203;186m[38;2;0;0;0m▀[48;2;54;97;34m[38;2;213;236;213m▀ [48;2;74;123;34m[38;2;54;97;34m▀[48;2;232;163;140m  [48;2;74;123;34m [48;2;232;163;140m        [38;2;215;130;114m▀[48;2;215;130;114m[38;2;52;83;8m▀[48;2;211;123;114m[38;2;70;100;28m▀[48;2;229;140;133m[38;2;250;158;158m▀[48;2;250;158;158m[38;2;255;140;140m▀[48;2;255;140;140m  [48;2;33;57;8m [48;2;123;140;107m[38;2;33;57;8m▀[48;2;0;0;0m[38;2;231;231;231m▀   [m
[48;2;0;0;0m    [48;2;209;213;206m[38;2;0;0;0m▀[48;2;105;123;87m[38;2;191;196;186m▀[48;2;38;64;8m[38;2;198;209;185m▀[48;2;54;97;34m[38;2;38;64;8m▀[48;2;57;90;8m▀[48;2;215;130;114m  [38;2;232;163;140m▀[48;2;232;163;140m [38;2;74;123;34m▀▀[48;2;74;123;34m  [38;2;232;163;140m▀▀[48;2;232;163;140m     [38;2;215;130;114m▀[38;2;211;123;114m▀[48;2;211;123;114m [38;2;250;158;158m▀[48;2;250;158;158m[38;2;57;90;8m▀[48;2;33;57;8m [48;2;231;231;231m [48;2;0;0;0m    [m
[48;2;0;0;0m   [48;2;209;213;206m[38;2;0;0;0m▀[48;2;33;57;8m[38;2;105;123;87m▀[48;2;38;64;8m[38;2;33;57;8m▀[48;2;74;123;34m [48;2;232;163;140m  [38;2;215;130;114m▀▀▀▀              [38;2;211;123;114m▀[48;2;211;123;114m[38;2;52;83;8m▀[48;2;33;57;8m[38;2;73;92;53m▀[48;2;231;231;231m [48;2;0;0;0m    [m
[48;2;0;0;0m [48;2;231;231;231m[38;2;0;0;0m▀[48;2;145;158;132m[38;2;231;231;231m▀[48;2;33;57;8m [48;2;57;90;8m[38;2;33;57;8m▀[48;2;232;163;140m                       [38;2;57;90;8m▀[48;2;54;97;34m[38;2;33;57;8m▀[48;2;33;57;8m[38;2;105;123;87m▀[48;2;0;0;0m    [m
[48;2;0;0;0m [38;2;231;231;231m▀[38;2;145;158;132m▀[38;2;33;57;8m▀▀▀▀▀▀▀▀▀▀▀▀▀▀▀▀▀▀▀▀▀▀▀▀▀▀▀▀    [m
