[48;2;0;0;0m            [48;2;233;232;230m[38;2;0;0;0m▀ [48;2;32;57;8m[38;2;123;139;107m▀      ▀[48;2;233;232;230m[38;2;0;0;0m▀[48;2;0;0;0m            [m
[48;2;0;0;0m          [48;2;233;232;230m[38;2;0;0;0m▀[48;2;123;139;107m[38;2;233;232;230m▀[48;2;32;57;8m [48;2;48;88;11m[38;2;32;57;8m▀[48;2;254;214;140m▀[38;2;48;88;11m▀  ▀ ▀[38;2;32;57;8m▀[48;2;32;57;8m [38;2;123;139;107m▀[48;2;233;232;230m[38;2;0;0;0m▀[48;2;0;0;0m          [m
[48;2;0;0;0m         [48;2;123;139;107m[38;2;233;232;230m▀[48;2;32;57;8m[38;2;48;88;11m▀[48;2;48;88;11m[38;2;32;57;8m▀[48;2;254;214;140m[38;2;48;88;11m▀[48;2;48;88;11m [48;2;32;57;8m [48;2;48;88;11m[38;2;254;214;140m▀[48;2;32;57;8m[38;2;48;88;11m▀[48;2;48;88;11m[38;2;32;57;8m▀[48;2;123;139;107m▀▀[48;2;48;88;11m▀[48;2;32;57;8m[38;2;48;88;11m▀  ▀[48;2;233;232;230m[38;2;0;0;0m▀[48;2;0;0;0m         [m
[48;2;0;0;0m        [48;2;233;232;230m [48;2;32;57;8m  [48;2;254;214;140m  [38;2;48;88;11m▀[38;2;32;57;8m▀ [48;2;32;57;8m [48;2;123;139;107m    [48;2;32;57;8m [48;2;254;214;140m▀▀[48;2;48;88;11m▀[48;2;32;57;8m [48;2;123;139;107m[38;2;233;232;230m▀[48;2;0;0;0m [48;2;37;107;21m[38;2;0;0;0m▀[48;2;40;148;41m[38;2;34;141;35m▀[48;2;35;142;35m[38;2;40;148;41m▀▀[48;2;37;144;37m[38;2;38;120;23m▀[48;2;39;100;19m[38;2;0;0;0m▀[48;2;39;104;20m▀[m
[48;2;0;0;0m       [48;2;233;232;230m[38;2;0;0;0m▀[48;2;32;57;8m[38;2;123;139;107m▀ [48;2;254;214;140m      [48;2;32;57;8m [48;2;123;139;107m  [48;2;40;123;23m▀[48;2;123;139;107m [48;2;32;57;8m [48;2;254;214;140m   [38;2;32;57;8m▀[48;2;40;123;23m[38;2;35;63;9m▀[48;2;49;152;50m[38;2;126;139;113m▀[38;2;42;151;43m▀[38;2;37;144;37m▀[48;2;35;142;35m   [48;2;39;104;20m[38;2;37;107;21m▀[48;2;37;144;37m[38;2;34;141;35m▀[m
[48;2;0;0;0m       [48;2;123;139;107m[38;2;233;232;230m▀[48;2;32;57;8m [48;2;48;88;11m [48;2;254;214;140m      [48;2;48;88;11m[38;2;32;57;8m▀[48;2;32;57;8m[38;2;40;123;23m▀[48;2;123;139;107m  [48;2;32;57;8m[38;2;123;139;107m▀[48;2;48;88;11m[38;2;32;57;8m▀[48;2;254;214;140m   [38;2;48;88;11m▀[48;2;39;133;27m[38;2;46;152;48m▀[48;2;49;152;50m    [48;2;44;153;46m[38;2;35;142;35m▀[48;2;35;142;35m [48;2;39;104;20m [48;2;35;142;35m[38;2;37;144;37m▀[m
[48;2;0;0;0m       [48;2;123;139;107m [48;2;32;57;8m [48;2;48;88;11m[38;2;254;214;140m▀[48;2;254;214;140m      [38;2;48;88;11m▀[48;2;32;57;8m ▀▀ [48;2;254;214;140m▀   ▀[48;2;32;57;8m[38;2;35;63;9m▀[48;2;123;139;107m[38;2;49;152;50m▀[48;2;39;104;20m▀▀▀[48;2;37;111;22m▀[48;2;35;142;35m  [48;2;44;153;46m[38;2;37;144;37m▀[m
[48;2;0;0;0m       [48;2;123;139;107m [48;2;32;57;8m [38;2;254;214;140m▀[48;2;254;214;140m       [38;2;48;88;11m▀[38;2;32;57;8m▀[48;2;48;88;11m▀[48;2;254;214;140m     [38;2;48;88;11m▀[48;2;39;100;19m[38;2;32;57;8m▀[48;2;37;144;37m[38;2;136;142;131m▀[48;2;35;142;35m[38;2;40;148;41m▀▀[38;2;37;144;37m▀[48;2;46;152;48m▀[48;2;49;152;50m[38;2;44;153;46m▀[48;2;39;104;20m[38;2;35;142;35m▀[48;2;36;115;24m[38;2;37;144;37m▀[m
[48;2;0;0;0m      [48;2;233;232;230m [48;2;32;57;8m  [48;2;48;88;11m [38;2;254;214;140m▀▀[48;2;254;214;140m             [38;2;48;88;11m▀[48;2;39;100;19m[38;2;36;137;32m▀[48;2;35;142;35m  [48;2;37;144;37m[38;2;35;142;35m▀[48;2;49;152;50m[38;2;42;151;43m▀  [48;2;40;123;23m[38;2;37;107;21m▀[48;2;0;0;0m [m
[48;2;0;0;0m    [48;2;233;232;230m[38;2;0;0;0m▀[48;2;32;57;8m[38;2;123;139;107m▀ [48;2;48;88;11m[38;2;32;57;8m▀[48;2;254;214;140m[38;2;48;88;11m▀  ▀▀▀▀           ▀[48;2;32;57;8m[38;2;41;94;17m▀[48;2;32;58;8m[38;2;49;131;51m▀[48;2;49;152;50m    [48;2;37;107;21m[38;2;36;115;24m▀[48;2;0;0;0m [m
[48;2;0;0;0m  [48;2;233;232;230m[38;2;0;0;0m▀[48;2;32;57;8m[38;2;123;139;107m▀ [48;2;48;88;11m[38;2;32;57;8m▀[48;2;254;214;140m                     [38;2;48;88;11m▀[48;2;32;57;8m [38;2;120;133;107m▀[48;2;233;232;230m[38;2;42;151;43m▀[48;2;0;0;0m▀[38;2;36;115;24m▀  [m
[48;2;0;0;0m [48;2;123;139;107m[38;2;233;232;230m▀[48;2;48;88;11m[38;2;123;139;107m▀[48;2;32;57;8m [48;2;48;88;11m [48;2;254;214;140m                       [38;2;48;88;11m▀[48;2;32;57;8m [48;2;123;139;107m[38;2;233;232;230m▀[48;2;0;0;0m    [m
[48;2;0;0;0m [38;2;233;232;230m▀[38;2;32;57;8m▀▀▀▀▀▀▀▀▀▀▀▀▀▀▀▀▀▀▀▀▀▀▀▀▀▀▀▀[38;2;123;139;107m▀    [m
