[48;2;0;0;0m        [48;2;218;230;230m[38;2;0;0;0m▀▀▀▀▀▀[48;2;0;0;0m                     [m
[48;2;0;0;0m     [48;2;218;230;230m[38;2;0;0;0m▀▀[48;2;33;57;8m[38;2;218;230;230m▀[38;2;123;135;111m▀▀▀[38;2;45;86;12m▀▀[38;2;218;230;230m▀▀[48;2;218;230;230m[38;2;0;0;0m▀▀[48;2;0;0;0m                  [m
[48;2;0;0;0m   [48;2;218;230;230m[38;2;0;0;0m▀[48;2;123;135;111m[38;2;218;230;230m▀[48;2;33;57;8m[38;2;123;135;111m▀ [48;2;140;255;255m[38;2;33;57;8m▀[38;2;45;86;12m▀    [38;2;33;57;8m▀▀[48;2;45;86;12m▀[48;2;33;57;8m[38;2;123;135;111m▀[48;2;123;135;111m[38;2;218;230;230m▀[48;2;218;230;230m[38;2;0;0;0m▀[48;2;0;0;0m                [m
[48;2;0;0;0m  [48;2;218;230;230m [48;2;33;57;8m[38;2;123;135;111m▀ [48;2;140;255;255m[38;2;45;86;12m▀[48;2;33;57;8m  [48;2;45;86;12m[38;2;140;255;255m▀▀[48;2;33;57;8m [48;2;123;135;111m[38;2;33;57;8m▀[48;2;45;86;12m▀▀[48;2;33;57;8m[38;2;45;86;12m▀   [38;2;218;230;230m▀[48;2;218;230;230m[38;2;0;0;0m▀[48;2;0;0;0m [48;2;38;127;28m▀[48;2;36;152;33m▀▀[48;2;40;120;25m▀[48;2;0;0;0m  [48;2;45;86;12m▀[48;2;42;105;19m▀▀[48;2;0;0;0m     [m
[48;2;0;0;0m [48;2;218;230;230m[38;2;0;0;0m▀[48;2;33;57;8m[38;2;123;135;111m▀ [48;2;140;255;255m  [38;2;45;86;12m▀▀ [48;2;33;57;8m [48;2;45;86;12m [48;2;123;135;111m   [48;2;45;86;12m[38;2;33;57;8m▀▀[48;2;140;255;255m▀[38;2;45;86;12m▀[48;2;34;60;8m[38;2;33;57;8m▀[48;2;42;105;19m[38;2;218;230;230m▀[48;2;65;168;66m[38;2;42;105;19m▀[48;2;37;163;37m[38;2;40;167;40m▀[48;2;36;160;36m  [48;2;37;163;37m[38;2;35;156;34m▀[48;2;42;105;19m[38;2;42;99;17m▀[48;2;38;140;31m[38;2;42;105;19m▀[48;2;37;163;37m[38;2;37;145;33m▀[48;2;36;160;36m[38;2;40;167;40m▀[38;2;35;158;35m▀[48;2;38;140;31m[38;2;38;127;28m▀[48;2;45;86;12m[38;2;0;0;0m▀[48;2;0;0;0m   [m
[48;2;218;230;230m[38;2;0;0;0m▀ [48;2;33;57;8m [48;2;45;86;12m [48;2;140;255;255m     [48;2;33;57;8m[38;2;45;86;12m▀[48;2;45;86;12m [48;2;123;135;111m   [48;2;33;57;8m [48;2;45;86;12m [48;2;140;255;255m  [48;2;45;175;46m[38;2;38;132;29m▀[48;2;57;193;58m  [38;2;56;193;57m▀[48;2;54;190;55m[38;2;37;163;37m▀[48;2;36;161;36m[38;2;36;160;36m▀[48;2;36;160;36m [48;2;42;105;19m [48;2;35;154;34m[38;2;36;149;33m▀[48;2;36;160;36m [48;2;37;163;37m[38;2;36;160;36m▀[48;2;52;186;53m▀[48;2;57;193;58m[38;2;36;152;33m▀[48;2;54;190;55m[38;2;42;109;21m▀[48;2;38;132;29m[38;2;0;0;0m▀[48;2;0;0;0m  [m
[48;2;218;230;230m [48;2;123;135;111m [48;2;33;57;8m [48;2;45;86;12m[38;2;140;255;255m▀[48;2;140;255;255m     [38;2;45;86;12m▀[48;2;33;57;8m▀[48;2;123;135;111m   [48;2;33;57;8m [48;2;140;255;255m▀  [48;2;140;254;254m[38;2;63;173;64m▀[48;2;65;168;66m[38;2;57;193;58m▀[48;2;49;181;51m▀[48;2;52;185;53m▀[48;2;53;187;54m▀[48;2;56;193;57m[38;2;46;177;47m▀[48;2;37;163;37m[38;2;35;158;35m▀[48;2;38;142;32m[38;2;42;105;19m▀[48;2;38;164;38m[38;2;35;158;35m▀[48;2;57;193;58m[38;2;38;164;38m▀[38;2;56;193;57m▀   [48;2;35;154;34m[38;2;44;173;44m▀[48;2;0;0;0m  [m
[48;2;218;230;230m [38;2;123;135;111m▀[48;2;33;57;8m [48;2;45;86;12m[38;2;140;255;255m▀[48;2;140;255;255m      [48;2;33;57;8m [38;2;45;86;12m▀[38;2;123;135;111m▀  [48;2;140;255;255m   [48;2;140;254;254m[38;2;140;255;255m▀[48;2;40;114;22m[38;2;45;86;12m▀[48;2;38;142;32m[38;2;34;60;8m▀[48;2;35;156;34m[38;2;201;201;201m▀[48;2;35;158;35m[38;2;42;105;19m▀[48;2;37;163;37m[38;2;42;109;21m▀[48;2;44;173;44m[38;2;37;163;37m▀[48;2;37;145;33m[38;2;36;160;36m▀[48;2;36;152;33m[38;2;44;173;44m▀[48;2;38;127;28m[38;2;35;154;34m▀[48;2;0;0;0m[38;2;45;175;46m▀[48;2;42;109;21m[38;2;49;181;51m▀[48;2;42;105;19m[38;2;54;190;55m▀[48;2;42;109;21m[38;2;45;175;46m▀[48;2;0;0;0m[38;2;40;114;22m▀  [m
[48;2;0;0;0m [48;2;218;230;230m [48;2;33;57;8m [38;2;45;86;12m▀[48;2;140;255;255m       [48;2;45;86;12m[38;2;33;57;8m▀[48;2;33;57;8m [48;2;140;255;255m▀    [48;2;68;162;69m[38;2;59;186;60m▀[48;2;36;160;36m[38;2;37;163;37m▀  [48;2;44;173;44m[38;2;36;160;36m▀[48;2;57;193;58m[38;2;48;180;50m▀ [48;2;42;109;21m[38;2;42;105;19m▀[48;2;0;0;0m[38;2;40;114;22m▀[48;2;38;127;28m[38;2;37;163;37m▀[48;2;40;167;40m[38;2;38;127;28m▀[48;2;42;109;21m[38;2;0;0;0m▀[48;2;0;0;0m     [m
[48;2;0;0;0m [38;2;218;230;230m▀[48;2;123;135;111m[38;2;33;57;8m▀[48;2;33;57;8m [48;2;45;86;12m[38;2;140;255;255m▀[48;2;140;255;255m             [48;2;140;254;254m[38;2;63;173;64m▀[48;2;61;181;62m[38;2;35;158;35m▀[48;2;71;154;72m[38;2;36;160;36m▀[48;2;52;186;53m[38;2;37;163;37m▀[48;2;57;193;58m   [48;2;44;82;11m[38;2;140;141;139m▀[48;2;123;135;111m[38;2;0;0;0m▀[48;2;218;230;230m[38;2;42;105;19m▀[48;2;38;137;30m[38;2;35;156;34m▀[48;2;37;163;37m[38;2;36;149;33m▀[48;2;42;105;19m[38;2;36;62;8m▀[48;2;0;0;0m    [m
[48;2;0;0;0m  [48;2;218;230;230m[38;2;123;135;111m▀[48;2;33;57;8m [48;2;140;255;255m[38;2;45;86;12m▀[48;2;45;86;12m    [38;2;140;255;255m▀▀[48;2;140;255;255m         [38;2;140;254;254m▀[48;2;199;199;199m[38;2;65;168;66m▀[48;2;65;168;66m[38;2;57;193;58m▀▀[48;2;179;179;179m[38;2;49;181;51m▀[48;2;140;255;255m[38;2;36;62;8m▀[48;2;33;57;8m [38;2;123;135;111m▀[38;2;71;154;72m▀[48;2;221;221;221m[38;2;38;142;32m▀[48;2;0;0;0m[38;2;42;109;21m▀    [m
[48;2;0;0;0m  [48;2;123;135;111m [48;2;33;57;8m [48;2;140;255;255m    [38;2;45;86;12m▀▀▀                [38;2;33;57;8m▀▀[48;2;33;57;8m [38;2;218;230;230m▀[48;2;123;135;111m[38;2;0;0;0m▀[48;2;0;0;0m   [m
[48;2;0;0;0m  [38;2;123;135;111m▀[38;2;33;57;8m▀▀▀▀▀▀▀▀▀▀▀▀▀▀▀▀▀▀▀▀▀▀▀▀▀▀▀▀[38;2;123;135;111m▀   [m
