[48;2;0;0;0m                                   [m
[48;2;0;0;0m                                   [m
[48;2;0;0;0m           [48;2;230;219;230m[38;2;0;0;0m▀▀▀ [48;2;123;135;111m[38;2;230;219;230m▀▀▀▀[48;2;230;219;230m[38;2;0;0;0m▀▀[48;2;0;0;0m              [m
[48;2;0;0;0m         [48;2;230;219;230m[38;2;0;0;0m▀[48;2;33;57;7m[38;2;230;219;230m▀[38;2;123;135;111m▀ [48;2;53;89;9m[38;2;33;57;7m▀▀[48;2;255;140;255m▀▀▀[48;2;53;89;9m▀▀[48;2;33;57;7m [38;2;230;219;230m▀[48;2;230;219;230m[38;2;0;0;0m▀[48;2;0;0;0m            [m
[48;2;0;0;0m       [48;2;230;219;230m [48;2;33;57;7m[38;2;123;135;111m▀ [48;2;255;140;255m[38;2;33;57;7m▀ [48;2;53;89;9m[38;2;255;140;255m▀[48;2;33;57;7m▀[48;2;255;140;255m       [48;2;53;89;9m[38;2;33;57;7m▀[48;2;33;57;7m [48;2;123;135;111m[38;2;230;219;230m▀[48;2;0;0;0m           [m
[48;2;0;0;0m     [48;2;230;219;230m[38;2;0;0;0m▀[48;2;123;135;111m[38;2;230;219;230m▀[48;2;33;57;7m [48;2;255;140;255m[38;2;33;57;7m▀   [48;2;53;89;9m▀[48;2;33;57;7m [48;2;255;140;255m [48;2;33;57;7m[38;2;255;140;255m▀ [48;2;123;135;111m[38;2;33;57;7m▀▀▀[48;2;33;57;7m   [38;2;123;135;111m▀[48;2;230;219;230m[38;2;0;0;0m▀[48;2;0;0;0m          [m
[48;2;0;0;0m    [48;2;230;219;230m[38;2;0;0;0m▀[48;2;123;135;111m[38;2;230;219;230m▀[48;2;33;57;7m [48;2;53;89;9m [48;2;255;140;255m       [48;2;33;57;7m[38;2;53;89;9m▀[48;2;53;89;9m [48;2;123;135;111m   [48;2;53;89;9m[38;2;33;57;7m▀ [48;2;255;140;255m[38;2;53;89;9m▀[48;2;33;57;7m [38;2;123;135;111m▀[48;2;230;219;230m[38;2;0;0;0m▀[48;2;43;113;22m▀[48;2;40;167;40m[38;2;40;126;28m▀[48;2;35;160;35m[38;2;36;153;36m▀▀[48;2;35;156;35m[38;2;41;122;26m▀[48;2;43;113;22m[38;2;0;0;0m▀▀[48;2;37;146;34m[38;2;51;84;8m▀[48;2;40;167;40m[38;2;43;113;22m▀[m
[48;2;0;0;0m    [48;2;230;219;230m [48;2;33;57;7m [48;2;53;89;9m [48;2;255;140;255m        [48;2;33;57;7m[38;2;53;89;9m▀[48;2;53;89;9m [48;2;123;135;111m   [48;2;53;89;9m[38;2;33;57;7m▀ [48;2;255;140;255m [38;2;53;89;9m▀[48;2;40;126;28m[38;2;34;59;8m▀[48;2;57;194;58m[38;2;123;135;113m▀[38;2;35;156;35m▀[48;2;56;194;57m[38;2;36;162;37m▀[48;2;35;161;36m[38;2;35;160;35m▀[48;2;35;160;35m [38;2;35;161;36m▀[48;2;43;113;22m [48;2;36;153;36m[38;2;38;139;32m▀[48;2;35;160;35m[38;2;35;161;36m▀ [m
[48;2;0;0;0m    [48;2;230;219;230m [48;2;33;57;7m [48;2;53;89;9m[38;2;255;140;255m▀[48;2;255;140;255m        [38;2;53;89;9m▀[48;2;33;57;7m▀[48;2;123;135;111m  [48;2;53;89;9m[38;2;123;135;111m▀[48;2;33;57;7m [48;2;255;140;255m[38;2;53;89;9m▀  [48;2;38;139;32m[38;2;40;167;40m▀[48;2;57;194;58m   [38;2;54;192;55m▀[48;2;46;180;47m[38;2;35;161;36m▀[48;2;35;158;35m[38;2;35;160;35m▀[48;2;43;113;22m [48;2;35;158;35m[38;2;36;153;36m▀[48;2;38;164;38m[38;2;35;160;35m▀[48;2;56;194;57m[38;2;35;161;36m▀[m
[48;2;0;0;0m    [48;2;123;135;111m[38;2;230;219;230m▀[48;2;33;57;7m [38;2;53;89;9m▀[48;2;53;89;9m[38;2;255;140;255m▀[48;2;255;140;255m        [48;2;53;89;9m[38;2;33;57;7m▀[48;2;33;57;7m [38;2;53;89;9m▀ [48;2;53;89;9m[38;2;33;57;7m▀[48;2;255;140;255m   [48;2;53;89;9m[38;2;38;64;8m▀[48;2;33;57;7m[38;2;38;139;32m▀[48;2;215;215;215m[38;2;49;184;50m▀[48;2;43;113;22m[38;2;51;187;52m▀[38;2;53;190;54m▀[38;2;56;194;57m▀[48;2;35;161;36m [48;2;35;160;35m[38;2;37;146;34m▀[48;2;40;167;40m[38;2;38;164;38m▀[48;2;36;153;36m[38;2;57;194;58m▀[48;2;40;167;40m▀[m
[48;2;0;0;0m   [48;2;123;135;111m[38;2;230;219;230m▀[48;2;33;57;7m [48;2;53;89;9m[38;2;33;57;7m▀[48;2;255;140;255m [48;2;53;89;9m  [38;2;255;140;255m▀▀[48;2;255;140;255m      [38;2;33;57;7m▀▀[38;2;53;89;9m▀   [48;2;53;89;9m[38;2;255;140;255m▀[48;2;43;113;22m[38;2;33;57;7m▀[48;2;35;161;36m[38;2;72;131;72m▀[48;2;35;160;35m[38;2;63;160;64m▀[38;2;35;155;35m▀[38;2;35;158;35m▀[48;2;49;184;50m[38;2;35;161;36m▀[48;2;57;194;58m[38;2;44;177;45m▀[48;2;43;113;22m[38;2;37;146;34m▀[48;2;42;117;24m[38;2;36;153;36m▀[48;2;38;164;38m[38;2;38;133;31m▀[48;2;40;126;28m[38;2;0;0;0m▀[m
[48;2;0;0;0m [48;2;230;219;230m[38;2;0;0;0m▀[48;2;33;57;7m[38;2;230;219;230m▀ [48;2;255;140;255m[38;2;53;89;9m▀  ▀▀▀[48;2;53;89;9m   [38;2;255;140;255m▀▀[48;2;255;140;255m        [38;2;33;57;7m▀[48;2;43;113;22m[38;2;38;133;31m▀[48;2;34;159;35m[38;2;35;160;35m▀[48;2;35;160;35m [48;2;35;161;36m▀[48;2;57;194;58m[38;2;44;177;45m▀  [48;2;40;126;28m[38;2;43;113;22m▀[48;2;0;0;0m [48;2;43;113;22m[38;2;40;126;28m▀[48;2;35;155;35m[38;2;40;167;40m▀[m
[48;2;0;0;0m [38;2;230;219;230m▀[38;2;33;57;7m▀▀▀▀▀▀▀▀▀▀▀▀▀▀▀▀▀▀▀▀▀▀[38;2;34;59;8m▀[38;2;131;138;125m▀[38;2;38;133;31m▀[38;2;51;187;52m▀[38;2;57;194;58m▀▀▀[38;2;42;117;24m▀  [38;2;38;133;31m▀[m
