[48;2;0;0;0m                  [48;2;231;231;231m[38;2;0;0;0m▀▀▀[48;2;122;133;108m▀[48;2;231;231;231m▀▀[48;2;122;133;108m▀[48;2;231;231;231m▀▀[48;2;0;0;0m        [m
[48;2;0;0;0m                [48;2;231;231;231m[38;2;0;0;0m▀[48;2;122;133;108m[38;2;231;231;231m▀[48;2;33;57;8m▀[38;2;122;133;108m▀   ▀[38;2;54;87;8m▀[38;2;122;133;108m▀[38;2;231;231;231m▀[48;2;122;133;108m[38;2;0;0;0m▀[48;2;0;0;0m       [m
[48;2;0;0;0m              [48;2;231;231;231m[38;2;0;0;0m▀[48;2;33;57;8m[38;2;231;231;231m▀ [48;2;54;87;8m[38;2;33;57;8m▀[48;2;33;57;8m[38;2;54;87;8m▀[48;2;54;87;8m[38;2;254;140;140m▀[48;2;254;140;140m [48;2;54;87;8m▀[48;2;33;57;8m▀▀▀[38;2;54;87;8m▀[48;2;54;87;8m[38;2;33;57;8m▀[48;2;33;57;8m [48;2;122;133;108m[38;2;231;231;231m▀[48;2;0;0;0m      [m
[48;2;0;0;0m             [48;2;122;133;108m[38;2;231;231;231m▀[48;2;33;57;8m [48;2;54;87;8m[38;2;33;57;8m▀[48;2;254;140;140m[38;2;54;87;8m▀▀[48;2;33;57;8m ▀[48;2;254;140;140m [48;2;33;57;8m [48;2;122;133;108m▀  [38;2;33;57;8m▀[48;2;33;57;8m   [48;2;122;133;108m[38;2;231;231;231m▀[48;2;0;0;0m   [48;2;34;127;29m[38;2;0;0;0m▀[48;2;37;135;36m▀[m
[48;2;0;0;0m            [48;2;54;87;8m[38;2;231;231;231m▀[48;2;33;57;8m [48;2;54;87;8m[38;2;33;57;8m▀[48;2;254;140;140m      [48;2;33;57;8m [48;2;122;133;108m   [38;2;41;117;20m▀[48;2;33;57;8m [48;2;254;140;140m [38;2;33;57;8m▀[48;2;33;57;8m [48;2;119;132;108m[38;2;231;231;231m▀[48;2;38;135;37m[38;2;0;0;0m▀[48;2;40;134;40m[38;2;34;127;29m▀[48;2;37;135;36m[38;2;40;134;40m▀[48;2;36;133;34m [m
[48;2;0;0;0m           [48;2;231;231;231m [48;2;33;57;8m  [48;2;254;140;140m       [48;2;33;57;8m [48;2;122;133;108m   [48;2;54;87;8m[38;2;122;133;108m▀[48;2;33;57;8m [48;2;254;140;140m  [48;2;54;87;8m[38;2;33;57;8m▀[48;2;40;134;40m[38;2;37;123;24m▀   [38;2;36;133;34m▀[m
[48;2;0;0;0m          [48;2;231;231;231m [48;2;33;57;8m  [48;2;254;140;140m        [48;2;54;87;8m [48;2;33;57;8m[38;2;54;87;8m▀[48;2;122;133;108m [48;2;54;87;8m[38;2;122;133;108m▀[48;2;33;57;8m [48;2;54;87;8m[38;2;254;140;140m▀[48;2;254;140;140m  [38;2;54;87;8m▀[48;2;37;63;8m[38;2;38;135;37m▀[48;2;40;134;40m    [m
[48;2;0;0;0m         [48;2;231;231;231m[38;2;0;0;0m▀[48;2;33;57;8m  [48;2;54;87;8m [38;2;254;140;140m▀[48;2;254;140;140m       [38;2;54;87;8m▀[48;2;54;87;8m[38;2;33;57;8m▀[48;2;33;57;8m  [48;2;54;87;8m▀[48;2;254;140;140m   [48;2;54;87;8m [48;2;33;57;8m [48;2;129;134;110m[38;2;122;133;108m▀[48;2;38;135;37m[38;2;44;105;15m▀[48;2;37;135;36m[38;2;34;126;27m▀[38;2;34;127;29m▀[m
[48;2;0;0;0m       [48;2;231;231;231m[38;2;0;0;0m▀[48;2;33;57;8m[38;2;231;231;231m▀ [48;2;54;87;8m[38;2;33;57;8m▀[48;2;254;140;140m  [48;2;54;87;8m [48;2;254;140;140m         [38;2;54;87;8m▀▀    [48;2;33;57;8m [48;2;40;134;40m[38;2;47;97;13m▀[48;2;36;133;34m[38;2;37;135;36m▀  [48;2;40;134;40m[38;2;36;133;34m▀[m
[48;2;0;0;0m    [48;2;231;231;231m[38;2;0;0;0m▀[48;2;122;133;108m[38;2;231;231;231m▀[48;2;33;57;8m▀ [48;2;54;87;8m[38;2;33;57;8m▀[48;2;254;140;140m    [38;2;54;87;8m▀▀[48;2;54;87;8m  [38;2;254;140;140m▀▀[48;2;254;140;140m         [38;2;54;87;8m▀[48;2;33;57;8m [48;2;225;225;225m[38;2;119;132;108m▀[48;2;34;126;27m[38;2;36;133;34m▀[48;2;34;127;29m▀[48;2;40;134;40m[38;2;37;135;36m▀ [m
[48;2;0;0;0m   [48;2;231;231;231m[38;2;0;0;0m▀[48;2;33;57;8m[38;2;122;133;108m▀ [48;2;54;87;8m [48;2;254;140;140m                     [38;2;54;87;8m▀[48;2;33;57;8m [48;2;231;231;231m [48;2;0;0;0m [38;2;53;103;54m▀[48;2;34;127;29m[38;2;40;134;40m▀[48;2;40;134;40m [m
[48;2;0;0;0m [48;2;231;231;231m[38;2;0;0;0m▀[48;2;122;133;108m[38;2;231;231;231m▀[48;2;33;57;8m [48;2;54;87;8m[38;2;33;57;8m▀[48;2;254;140;140m                       [38;2;54;87;8m▀[48;2;33;57;8m [38;2;122;133;108m▀[48;2;0;0;0m    [m
[48;2;0;0;0m [38;2;231;231;231m▀[38;2;122;133;108m▀[38;2;33;57;8m▀▀▀▀▀▀▀▀▀▀▀▀▀▀▀▀▀▀▀▀▀▀▀▀▀▀▀▀    [m
