[48;2;0;0;0m                                   [m
[48;2;0;0;0m                     [48;2;231;231;231m  [48;2;126;138;114m[38;2;231;231;231m▀[48;2;231;231;231m  [48;2;0;0;0m         [m
[48;2;0;0;0m                [48;2;231;231;231m[38;2;0;0;0m▀▀[48;2;52;90;15m[38;2;231;231;231m▀[48;2;33;56;8m▀  [48;2;52;90;15m[38;2;33;56;8m▀[48;2;254;107;107m▀[48;2;52;90;15m▀[48;2;33;56;8m  [38;2;231;231;231m▀[48;2;126;138;114m▀[48;2;231;231;231m[38;2;0;0;0m▀[48;2;0;0;0m     [m
[48;2;0;0;0m              [48;2;231;231;231m[38;2;0;0;0m▀[48;2;33;56;8m[38;2;231;231;231m▀[38;2;52;90;15m▀[48;2;52;90;15m[38;2;33;56;8m▀▀[48;2;254;107;107m[38;2;52;90;15m▀[48;2;33;56;8m▀▀[48;2;254;107;107m  [48;2;52;90;15m[38;2;254;107;107m▀▀[48;2;33;56;8m▀[48;2;52;90;15m[38;2;33;56;8m▀[48;2;33;56;8m [48;2;52;90;15m[38;2;231;231;231m▀[48;2;231;231;231m[38;2;0;0;0m▀[48;2;0;0;0m    [m
[48;2;0;0;0m             [48;2;231;231;231m [48;2;33;56;8m[38;2;126;138;114m▀ [48;2;254;107;107m    [38;2;33;56;8m▀▀ [48;2;33;56;8m [48;2;52;90;15m▀[48;2;126;138;114m[38;2;52;90;15m▀▀[38;2;33;56;8m▀[48;2;33;56;8m  [48;2;52;90;15m[38;2;231;231;231m▀[48;2;231;231;231m[38;2;0;0;0m▀[48;2;0;0;0m  [48;2;46;93;31m▀[m
[48;2;0;0;0m            [48;2;231;231;231m [48;2;33;56;8m [48;2;52;90;15m[38;2;33;56;8m▀[48;2;254;107;107m        [48;2;33;56;8m [48;2;52;90;15m[38;2;126;138;114m▀[48;2;126;138;114m   [48;2;33;56;8m [48;2;254;107;107m[38;2;52;90;15m▀[48;2;33;56;8m [38;2;126;138;114m▀[48;2;80;80;80m[38;2;217;217;217m▀[48;2;57;83;57m[38;2;48;93;34m▀[38;2;52;90;43m▀[m
[48;2;0;0;0m           [48;2;126;138;114m[38;2;231;231;231m▀[48;2;33;56;8m  [48;2;254;107;107m         [48;2;33;56;8m [48;2;52;90;15m[38;2;126;138;114m▀[48;2;126;138;114m   [48;2;33;56;8m [48;2;52;90;15m[38;2;254;107;107m▀[48;2;254;107;107m[38;2;52;90;15m▀[48;2;33;56;8m [48;2;48;93;34m[38;2;54;89;48m▀[48;2;57;83;57m  [m
[48;2;0;0;0m          [48;2;126;138;114m[38;2;231;231;231m▀[48;2;33;56;8m [48;2;52;90;15m[38;2;33;56;8m▀ [38;2;254;107;107m▀[48;2;254;107;107m        [38;2;52;90;15m▀[48;2;33;56;8m▀[48;2;52;90;15m[38;2;126;138;114m▀[48;2;126;138;114m [48;2;33;56;8m▀ [48;2;254;107;107m  [48;2;33;56;8m [38;2;38;67;12m▀[48;2;0;0;0m[38;2;52;90;43m▀[48;2;46;93;25m[38;2;54;89;48m▀[m
[48;2;0;0;0m        [48;2;231;231;231m[38;2;0;0;0m▀[48;2;33;56;8m[38;2;126;138;114m▀ [48;2;254;107;107m[38;2;52;90;15m▀ ▀[48;2;52;90;15m [48;2;254;107;107m        ▀[38;2;33;56;8m▀[48;2;33;56;8m   [48;2;254;107;107m[38;2;52;90;15m▀  [48;2;33;56;8m [48;2;46;93;25m[38;2;33;56;8m▀[48;2;48;93;34m [48;2;46;93;31m[38;2;48;93;34m▀[m
[48;2;0;0;0m      [48;2;231;231;231m[38;2;0;0;0m▀[48;2;33;56;8m[38;2;231;231;231m▀[38;2;126;138;114m▀[48;2;52;90;15m[38;2;33;56;8m▀[48;2;254;107;107m    [38;2;52;90;15m▀[48;2;52;90;15m [48;2;254;107;107m         [38;2;33;56;8m▀▀   [48;2;33;56;8m[38;2;52;90;15m▀ [48;2;126;138;114m[38;2;46;93;31m▀[48;2;46;93;31m  [m
[48;2;0;0;0m    [48;2;231;231;231m[38;2;0;0;0m▀[48;2;126;138;114m[38;2;231;231;231m▀[48;2;33;56;8m[38;2;52;90;15m▀[48;2;52;90;15m[38;2;33;56;8m▀[48;2;254;107;107m[38;2;52;90;15m▀      ▀▀▀[48;2;52;90;15m  [38;2;254;107;107m▀▀[48;2;254;107;107m        [48;2;33;56;8m [48;2;126;138;114m [48;2;0;0;0m[38;2;226;226;226m▀[38;2;46;93;25m▀[48;2;54;89;48m▀[m
[48;2;0;0;0m [48;2;231;231;231m[38;2;0;0;0m▀▀[48;2;33;56;8m[38;2;231;231;231m▀[38;2;52;90;15m▀[48;2;52;90;15m[38;2;33;56;8m▀[48;2;254;107;107m                       [38;2;52;90;15m▀[48;2;33;56;8m [48;2;126;138;114m[38;2;231;231;231m▀[48;2;231;231;231m[38;2;0;0;0m▀[48;2;0;0;0m  [m
[48;2;0;0;0m [38;2;231;231;231m▀[38;2;52;90;15m▀[38;2;33;56;8m▀▀▀▀▀▀▀▀▀▀▀▀▀▀▀▀▀▀▀▀▀▀▀▀▀▀▀▀[38;2;126;138;114m▀[38;2;231;231;231m▀  [m
