[48;2;0;0;0m                                   [m
[48;2;0;0;0m                                   [m
[48;2;0;0;0m                 [48;2;230;230;230m[38;2;0;0;0m▀▀▀▀▀▀[48;2;0;0;0m            [m
[48;2;0;0;0m             [48;2;230;230;230m[38;2;0;0;0m▀▀[48;2;33;57;8m[38;2;230;230;230m▀▀[38;2;123;136;110m▀ [48;2;57;89;8m[38;2;33;57;8m▀▀[48;2;33;57;8m [38;2;57;89;8m▀[38;2;230;230;230m▀▀[48;2;230;230;230m[38;2;0;0;0m▀[48;2;0;0;0m         [m
[48;2;0;0;0m           [48;2;230;230;230m[38;2;0;0;0m▀[48;2;123;136;110m[38;2;230;230;230m▀[48;2;33;57;8m[38;2;123;136;110m▀ [48;2;254;107;247m[38;2;33;57;8m▀[38;2;57;89;8m▀      ▀[38;2;33;57;8m▀[48;2;33;57;8m [48;2;123;136;110m[38;2;230;230;230m▀[48;2;0;0;0m        [m
[48;2;0;0;0m          [48;2;230;230;230m[38;2;0;0;0m▀[48;2;33;57;8m[38;2;230;230;230m▀ [48;2;254;107;247m[38;2;57;89;8m▀  [48;2;57;89;8m [48;2;33;57;8m [48;2;57;89;8m[38;2;254;107;247m▀▀[48;2;33;57;8m [48;2;123;136;110m[38;2;33;57;8m▀▀▀[48;2;33;57;8m   [48;2;230;230;230m [48;2;0;0;0m   [48;2;50;105;13m[38;2;0;0;0m▀[48;2;44;166;42m[38;2;43;130;25m▀[48;2;40;158;35m[38;2;40;152;32m▀▀[m
[48;2;0;0;0m         [48;2;230;230;230m[38;2;0;0;0m▀[48;2;33;57;8m[38;2;123;136;110m▀ [48;2;254;107;247m[38;2;57;89;8m▀   ▀[38;2;33;57;8m▀ [48;2;57;89;8m [48;2;33;57;8m [48;2;123;136;110m   [48;2;57;89;8m [48;2;33;57;8m  [38;2;123;136;110m▀[48;2;230;230;230m[38;2;0;0;0m▀[48;2;41;143;30m[38;2;47;114;17m▀[48;2;56;171;56m[38;2;41;136;28m▀[38;2;42;163;39m▀[38;2;41;161;37m▀[48;2;41;161;37m[38;2;40;158;35m▀[48;2;40;158;35m [m
[48;2;0;0;0m        [48;2;123;136;110m[38;2;230;230;230m▀[48;2;33;57;8m[38;2;57;89;8m▀[48;2;57;89;8m[38;2;33;57;8m▀[48;2;254;107;247m        [48;2;57;89;8m [48;2;33;57;8m[38;2;57;89;8m▀[48;2;123;136;110m   [48;2;57;89;8m [48;2;33;57;8m▀[48;2;254;107;247m[38;2;33;57;8m▀[48;2;33;57;8m [48;2;123;136;110m[38;2;230;230;230m▀[48;2;68;159;69m[38;2;46;169;44m▀[48;2;56;171;56m   [38;2;54;171;54m▀[48;2;48;171;46m[38;2;41;161;37m▀[m
[48;2;0;0;0m       [48;2;123;136;110m[38;2;230;230;230m▀[48;2;33;57;8m  [48;2;254;107;247m          [48;2;33;57;8m [48;2;57;89;8m[38;2;123;136;110m▀[48;2;123;136;110m  [48;2;33;57;8m[38;2;57;89;8m▀[48;2;254;107;247m▀ [48;2;57;89;8m[38;2;33;57;8m▀[48;2;33;57;8m[38;2;57;89;8m▀[48;2;230;230;230m[38;2;201;201;201m▀[48;2;0;0;0m[38;2;40;152;32m▀[48;2;50;105;13m[38;2;51;172;50m▀[38;2;53;171;52m▀[38;2;54;171;54m▀[48;2;47;114;17m[38;2;56;171;56m▀[m
[48;2;0;0;0m     [48;2;230;230;230m[38;2;0;0;0m▀[48;2;57;89;8m[38;2;230;230;230m▀[48;2;33;57;8m [48;2;57;89;8m[38;2;33;57;8m▀[48;2;254;107;247m [48;2;57;89;8m [48;2;254;107;247m         ▀[48;2;33;57;8m [38;2;57;89;8m▀  [48;2;254;107;247m  [48;2;33;57;8m  [48;2;130;134;125m[38;2;228;228;228m▀[48;2;41;161;37m[38;2;42;133;26m▀[48;2;40;158;35m[38;2;39;154;33m▀[38;2;39;155;34m▀ [48;2;49;171;48m[38;2;41;161;37m▀[m
[48;2;0;0;0m    [48;2;230;230;230m[38;2;0;0;0m▀[48;2;33;57;8m[38;2;123;136;110m▀ [48;2;254;107;247m[38;2;57;89;8m▀  ▀[48;2;57;89;8m [38;2;254;107;247m▀▀▀[48;2;254;107;247m      [38;2;33;57;8m▀▀▀  [48;2;57;89;8m[38;2;254;107;247m▀[48;2;33;57;8m [48;2;230;230;230m[38;2;123;136;110m▀[48;2;44;125;23m[38;2;68;159;69m▀[48;2;40;158;35m  [48;2;41;161;37m[38;2;40;158;35m▀[48;2;56;171;56m[38;2;46;169;44m▀ [m
[48;2;0;0;0m [48;2;230;230;230m[38;2;0;0;0m▀[48;2;123;136;110m[38;2;230;230;230m▀[48;2;33;57;8m[38;2;123;136;110m▀ [48;2;254;107;247m[38;2;33;57;8m▀     [38;2;57;89;8m▀▀▀▀▀[48;2;57;89;8m  [38;2;254;107;247m▀[48;2;254;107;247m       [48;2;57;89;8m[38;2;33;57;8m▀[48;2;33;57;8m [48;2;230;230;230m [48;2;0;0;0m[38;2;54;97;10m▀[38;2;45;120;20m▀[48;2;52;101;11m[38;2;43;130;25m▀[48;2;42;163;39m[38;2;53;171;52m▀[48;2;56;171;56m  [m
[48;2;0;0;0m [38;2;230;230;230m▀[38;2;33;57;8m▀▀▀▀▀▀▀▀▀▀▀▀▀▀▀▀▀▀▀▀▀▀▀▀▀▀[38;2;230;230;230m▀   [38;2;47;114;17m▀[38;2;39;155;34m▀[38;2;42;163;39m▀[m
