[48;2;0;0;0m         [48;2;231;231;231m[38;2;0;0;0m▀▀[48;2;134;134;134m▀[48;2;48;48;48m▀▀[48;2;77;77;77m▀[48;2;48;48;48m▀▀[48;2;134;134;134m▀[48;2;231;231;231m▀[48;2;0;0;0m                [m
[48;2;0;0;0m       [48;2;231;231;231m[38;2;0;0;0m▀[48;2;48;48;48m[38;2;231;231;231m▀[38;2;134;134;134m▀ [48;2;138;138;138m[38;2;48;48;48m▀[38;2;77;77;77m▀   [38;2;48;48;48m▀▀[48;2;48;48;48m[38;2;77;77;77m▀[48;2;77;77;77m[38;2;231;231;231m▀[48;2;231;231;231m[38;2;0;0;0m▀[48;2;0;0;0m              [m
[48;2;0;0;0m     [48;2;231;231;231m[38;2;0;0;0m▀[48;2;48;48;48m[38;2;231;231;231m▀ [48;2;138;138;138m[38;2;48;48;48m▀[48;2;77;77;77m [48;2;48;48;48m[38;2;77;77;77m▀[48;2;138;138;138m [48;2;77;77;77m[38;2;138;138;138m▀[48;2;48;48;48m[38;2;77;77;77m▀[48;2;77;77;77m[38;2;48;48;48m▀ [48;2;48;48;48m[38;2;77;77;77m▀[38;2;138;138;138m▀  [38;2;134;134;134m▀[48;2;231;231;231m[38;2;0;0;0m▀[48;2;0;0;0m             [m
[48;2;0;0;0m    [48;2;231;231;231m[38;2;0;0;0m▀[48;2;48;48;48m[38;2;134;134;134m▀ [48;2;138;138;138m  [38;2;48;48;48m▀[48;2;77;77;77m▀[48;2;138;138;138m [48;2;48;48;48m [48;2;77;77;77m [48;2;134;134;134m  [48;2;5;11;4m[38;2;134;134;134m▀[48;2;46;87;46m[38;2;48;48;48m▀[48;2;99;185;99m[38;2;9;19;8m▀[48;2;128;239;129m[38;2;30;57;29m▀[48;2;135;254;137m[38;2;47;88;46m▀[48;2;135;253;136m[38;2;49;92;49m▀[48;2;128;240;129m[38;2;33;63;33m▀[48;2;100;188;101m[38;2;10;21;9m▀[48;2;44;83;44m[38;2;0;0;0m▀[48;2;4;9;3m▀[48;2;0;0;0m         [m
[48;2;0;0;0m    [48;2;134;134;134m[38;2;231;231;231m▀[48;2;48;48;48m [48;2;77;77;77m [48;2;138;138;138m     [48;2;48;48;48m[38;2;77;77;77m▀[48;2;77;77;77m [48;2;0;0;0m[38;2;134;134;134m▀[48;2;36;67;35m[38;2;6;14;6m▀[48;2;121;227;122m[38;2;68;128;68m▀[48;2;84;157;84m[38;2;130;243;131m▀[48;2;31;51;29m[38;2;122;229;123m▀[48;2;33;46;29m[38;2;108;203;109m▀[48;2;30;48;28m[38;2;118;221;118m▀[48;2;72;135;72m[38;2;135;253;136m▀[48;2;133;249;134m[38;2;137;255;138m▀[48;2;135;252;136m[38;2;138;255;139m▀[48;2;119;223;120m[38;2;131;244;131m▀[48;2;129;241;130m[38;2;69;130;69m▀[48;2;72;136;72m[38;2;8;16;7m▀[48;2;6;12;4m[38;2;0;0;0m▀[48;2;0;0;0m       [m
[48;2;0;0;0m   [48;2;231;231;231m [48;2;48;48;48m[38;2;77;77;77m▀ [48;2;138;138;138m      [48;2;77;77;77m [48;2;48;48;48m▀[48;2;16;31;16m[38;2;1;4;0m▀[48;2;14;28;14m[38;2;8;16;7m▀[48;2;21;42;21m[38;2;47;90;48m▀[48;2;32;43;28m[38;2;30;50;28m▀[48;2;114;130;97m[38;2;85;95;72m▀[48;2;124;142;105m[38;2;115;131;97m▀[48;2;119;135;101m[38;2;95;106;80m▀[48;2;38;49;33m[38;2;29;42;25m▀[48;2;100;189;101m[38;2;112;210;112m▀[48;2;106;197;106m[38;2;111;208;111m▀[48;2;9;18;8m[38;2;22;42;21m▀[48;2;73;136;73m[38;2;83;155;83m▀[48;2;139;255;140m[38;2;133;249;134m▀[48;2;110;207;111m[38;2;50;94;50m▀[48;2;19;36;18m[38;2;0;0;0m▀[48;2;0;0;0m      [m
[48;2;0;0;0m   [48;2;231;231;231m [48;2;48;48;48m [38;2;77;77;77m▀[48;2;138;138;138m       [48;2;29;54;28m[38;2;0;1;0m▀[48;2;119;222;119m[38;2;64;120;64m▀[48;2;140;255;141m[38;2;107;201;108m▀[48;2;107;201;108m[38;2;80;152;81m▀[48;2;35;48;31m[38;2;37;49;33m▀[48;2;115;131;97m[38;2;118;134;100m▀[48;2;124;141;105m[38;2;123;141;104m▀[48;2;119;136;101m[38;2;120;136;102m▀[48;2;40;50;34m[38;2;41;51;35m▀[48;2;94;178;95m[38;2;94;177;95m▀[48;2;138;255;139m[38;2;133;250;134m▀[38;2;101;188;101m▀[48;2;137;255;138m[38;2;124;231;124m▀[48;2;136;255;137m[38;2;137;255;138m▀[48;2;138;255;139m[38;2;136;255;137m▀[48;2;106;198;106m[38;2;61;115;61m▀[48;2;13;25;12m[38;2;0;0;0m▀[48;2;0;0;0m     [m
[48;2;0;0;0m   [38;2;231;231;231m▀[48;2;134;134;134m[38;2;48;48;48m▀[48;2;48;48;48m [48;2;138;138;138m     [48;2;0;1;0m[38;2;138;138;138m▀[48;2;59;112;59m[38;2;11;23;11m▀[48;2;135;253;136m[38;2;95;178;95m▀[48;2;136;255;137m[38;2;138;255;139m▀[48;2;137;255;138m [48;2;128;241;129m[38;2;114;215;115m▀[48;2;38;68;36m[38;2;32;48;29m▀[48;2;91;102;76m[38;2;109;123;92m▀[48;2;126;143;106m[38;2;124;142;105m▀[48;2;103;117;87m[38;2;114;130;97m▀[48;2;32;52;30m[38;2;34;46;30m▀[48;2;119;224;120m[38;2;107;201;107m▀[48;2;137;255;138m[38;2;138;255;139m▀[48;2;136;255;137m    [48;2;137;255;138m[38;2;130;243;131m▀[48;2;63;119;64m[38;2;37;70;37m▀[48;2;0;0;0m     [m
[48;2;0;0;0m    [48;2;231;231;231m[38;2;134;134;134m▀[48;2;48;48;48m [38;2;77;77;77m▀[48;2;77;77;77m[38;2;138;138;138m▀[48;2;138;138;138m   [48;2;33;62;32m[38;2;15;29;14m▀[48;2;127;239;128m[38;2;109;205;110m▀[48;2;137;255;138m[38;2;138;255;139m▀[48;2;136;255;137m  [48;2;138;255;139m[38;2;136;255;137m▀[48;2;95;178;95m[38;2;58;110;58m▀[48;2;35;45;31m[38;2;65;73;54m▀[48;2;101;114;86m[38;2;126;144;107m▀[48;2;33;43;29m[38;2;73;82;61m▀[48;2;93;174;93m[38;2;47;88;47m▀[48;2;138;255;139m[38;2;133;249;134m▀[48;2;136;255;137m     [48;2;138;255;139m [48;2;90;169;91m[38;2;82;154;82m▀[48;2;5;10;4m[38;2;2;5;1m▀[48;2;0;0;0m    [m
[48;2;0;0;0m   [48;2;231;231;231m[38;2;0;0;0m▀[48;2;134;134;134m [48;2;48;48;48m [48;2;77;77;77m[38;2;102;102;102m▀[48;2;138;138;138m[38;2;77;77;77m▀[48;2;77;77;77m   [48;2;19;36;18m[38;2;32;62;32m▀[48;2;117;218;117m[38;2;127;238;128m▀[48;2;137;255;138m [48;2;136;255;137m  [38;2;137;255;138m▀[48;2;138;255;139m[38;2;128;240;129m▀[48;2;81;153;82m[38;2;40;72;39m▀[48;2;26;52;27m[38;2;25;28;20m▀[48;2;117;220;118m[38;2;54;101;54m▀[48;2;137;255;138m[38;2;132;247;133m▀[48;2;136;255;137m      [48;2;137;255;138m[38;2;138;255;139m▀[48;2;60;113;60m[38;2;83;157;84m▀[48;2;0;0;0m[38;2;2;6;1m▀    [m
[48;2;0;0;0m  [48;2;231;231;231m[38;2;0;0;0m▀[48;2;134;134;134m[38;2;231;231;231m▀[48;2;48;48;48m [48;2;77;77;77m[38;2;48;48;48m▀[48;2;138;138;138m   [38;2;77;77;77m▀▀[48;2;11;22;10m[38;2;10;21;10m▀[48;2;106;200;107m[38;2;103;193;104m▀[48;2;138;255;139m [48;2;136;255;137m   [38;2;137;255;138m▀[38;2;124;231;124m▀[48;2;137;255;138m[38;2;108;202;109m▀[48;2;136;255;137m[38;2;137;255;138m▀     [48;2;138;255;139m[38;2;136;255;137m▀[48;2;118;221;119m[38;2;138;255;139m▀[48;2;37;70;36m[38;2;112;209;112m▀[48;2;0;1;0m[38;2;20;39;20m▀[48;2;231;231;231m[38;2;0;0;0m▀[48;2;0;0;0m    [m
[48;2;0;0;0m  [48;2;231;231;231m [48;2;48;48;48m [48;2;77;77;77m[38;2;48;48;48m▀[48;2;138;138;138m   [48;2;9;19;9m[38;2;138;138;138m▀[48;2;41;77;40m▀[48;2;89;166;89m[38;2;5;10;4m▀[48;2;129;242;130m[38;2;56;104;56m▀[48;2;137;255;138m[38;2;130;244;131m▀[48;2;136;255;137m         [48;2;137;255;138m[38;2;136;255;137m▀[48;2;128;239;128m[38;2;137;255;138m▀[48;2;102;189;102m[38;2;138;255;139m▀[48;2;54;100;53m[38;2;134;251;135m▀[48;2;33;62;32m[38;2;99;184;99m▀[48;2;84;157;84m[38;2;36;68;36m▀[48;2;115;215;115m[38;2;36;67;35m▀[48;2;22;43;21m[38;2;7;15;6m▀[48;2;48;48;48m [38;2;231;231;231m▀[48;2;231;231;231m[38;2;0;0;0m▀[48;2;0;0;0m  [m
[48;2;0;0;0m  [38;2;231;231;231m▀[38;2;48;48;48m▀▀▀[38;2;5;12;4m▀[38;2;45;85;45m▀[38;2;98;184;99m▀[38;2;130;244;131m▀[38;2;138;255;139m▀[38;2;137;255;138m▀[38;2;136;255;137m▀▀▀▀▀▀▀▀▀[38;2;134;252;135m▀[38;2;81;152;81m▀[38;2;37;70;36m▀[38;2;36;68;35m▀[38;2;70;132;70m▀[38;2;119;223;119m▀[38;2;137;255;138m▀[38;2;136;254;137m▀[38;2;63;119;63m▀[38;2;0;2;0m▀[38;2;48;48;48m▀▀  [m
