[48;2;0;0;0m         [48;2;231;231;231m[38;2;0;0;0m▀▀[48;2;134;134;134m▀[48;2;48;48;48m▀▀[48;2;77;77;77m▀[48;2;48;48;48m▀▀[48;2;134;134;134m▀[48;2;231;231;231m▀[48;2;0;0;0m                [m
[48;2;0;0;0m       [48;2;231;231;231m[38;2;0;0;0m▀[48;2;48;48;48m[38;2;231;231;231m▀[38;2;134;134;134m▀ [48;2;138;138;138m[38;2;48;48;48m▀[38;2;77;77;77m▀   [38;2;48;48;48m▀▀[48;2;48;48;48m[38;2;77;77;77m▀[48;2;77;77;77m[38;2;231;231;231m▀[48;2;231;231;231m[38;2;0;0;0m▀[48;2;0;0;0m              [m
[48;2;0;0;0m     [48;2;231;231;231m[38;2;0;0;0m▀[48;2;48;48;48m[38;2;231;231;231m▀ [48;2;138;138;138m[38;2;48;48;48m▀[48;2;77;77;77m [48;2;48;48;48m[38;2;77;77;77m▀[48;2;138;138;138m [48;2;77;77;77m[38;2;138;138;138m▀[48;2;48;48;48m[38;2;77;77;77m▀[48;2;77;77;77m[38;2;48;48;48m▀ [48;2;48;48;48m[38;2;77;77;77m▀[38;2;138;138;138m▀  [38;2;134;134;134m▀[48;2;231;231;231m[38;2;0;0;0m▀[48;2;0;0;0m             [m
[48;2;0;0;0m    [48;2;231;231;231m[38;2;0;0;0m▀[48;2;48;48;48m[38;2;134;134;134m▀ [48;2;138;138;138m  [38;2;48;48;48m▀[48;2;77;77;77m▀[48;2;138;138;138m [48;2;48;48;48m [48;2;77;77;77m [48;2;134;134;134m   [48;2;77;77;77m▀▀[48;2;138;138;138m▀[48;2;48;48;48m [38;2;134;134;134m▀[48;2;231;231;231m[38;2;0;0;0m▀[48;2;0;0;0m            [m
[48;2;0;0;0m    [48;2;134;134;134m[38;2;231;231;231m▀[48;2;48;48;48m [48;2;77;77;77m [48;2;138;138;138m     [48;2;48;48;48m[38;2;77;77;77m▀[48;2;77;77;77m [48;2;134;134;134m   [48;2;77;77;77m[38;2;48;48;48m▀ [48;2;138;138;138m [38;2;77;77;77m▀[48;2;77;77;77m[38;2;48;48;48m▀[48;2;48;48;48m[38;2;77;77;77m▀[48;2;231;231;231m [48;2;0;0;0m           [m
[48;2;0;0;0m   [48;2;231;231;231m [48;2;48;48;48m[38;2;77;77;77m▀ [48;2;138;138;138m      [48;2;19;13;18m▀[48;2;96;54;95m▀[48;2;177;98;177m[38;2;12;9;10m▀[48;2;219;120;219m[38;2;37;23;36m▀[48;2;230;127;230m[38;2;50;30;49m▀[48;2;221;122;221m[38;2;39;24;39m▀[48;2;184;102;184m[38;2;14;11;13m▀[48;2;109;62;109m[38;2;138;138;138m▀[48;2;30;19;29m▀[48;2;138;138;138m [48;2;77;77;77m[38;2;48;48;48m▀[48;2;48;48;48m[38;2;77;77;77m▀[48;2;231;231;231m [48;2;0;0;0m          [m
[48;2;0;0;0m   [48;2;231;231;231m [48;2;48;48;48m [38;2;77;77;77m▀[48;2;138;138;138m    [48;2;51;30;49m[38;2;138;138;138m▀[48;2;204;113;204m[38;2;46;28;45m▀[48;2;255;143;255m[38;2;176;97;176m▀[48;2;255;142;255m[38;2;251;138;251m▀[48;2;255;140;255m[38;2;255;142;255m▀[48;2;255;141;255m [48;2;248;136;248m[38;2;255;141;255m▀[48;2;206;113;206m[38;2;255;143;255m▀[48;2;185;101;185m[38;2;255;144;255m▀[48;2;214;117;214m[38;2;255;141;255m▀[48;2;255;140;255m[38;2;194;107;194m▀[48;2;201;110;200m[38;2;53;32;53m▀[48;2;38;23;37m[38;2;77;77;77m▀[48;2;48;48;48m [48;2;134;134;134m[38;2;231;231;231m▀[48;2;0;0;0m          [m
[48;2;0;0;0m   [38;2;231;231;231m▀[48;2;134;134;134m[38;2;48;48;48m▀[48;2;48;48;48m [48;2;138;138;138m  [48;2;1;4;1m[38;2;138;138;138m▀[48;2;125;70;124m[38;2;23;16;23m▀[48;2;254;139;254m[38;2;183;101;183m▀[48;2;255;142;255m[38;2;255;143;255m▀[48;2;143;79;142m[38;2;239;131;239m▀[48;2;30;19;29m[38;2;210;115;209m▀[48;2;205;113;205m[38;2;251;138;251m▀[48;2;204;111;203m[38;2;246;135;246m▀[48;2;37;34;33m[38;2;117;65;116m▀[48;2;100;116;85m[38;2;38;34;35m▀[48;2;119;136;101m[38;2;41;44;36m▀[48;2;89;104;75m[38;2;42;34;39m▀[48;2;45;33;43m[38;2;143;79;143m▀[48;2;75;42;75m[38;2;228;125;228m▀[48;2;9;8;9m[38;2;88;49;87m▀[48;2;1;4;0m[38;2;0;2;0m▀[48;2;231;231;231m [48;2;0;0;0m          [m
[48;2;0;0;0m    [48;2;231;231;231m[38;2;134;134;134m▀[48;2;48;48;48m [38;2;77;77;77m▀[48;2;1;4;0m[38;2;138;138;138m▀[48;2;132;74;132m[38;2;46;28;45m▀[48;2;255;141;255m[38;2;224;123;224m▀[48;2;255;140;255m[38;2;255;141;255m▀[48;2;255;141;255m [48;2;237;130;237m[38;2;139;77;139m▀[48;2;203;112;203m[38;2;24;16;24m▀[48;2;253;139;253m[38;2;204;112;203m▀[48;2;173;94;173m[38;2;184;100;184m▀[48;2;45;49;38m[38;2;43;46;37m▀[48;2;121;137;102m[38;2;119;136;101m▀[48;2;123;141;104m[38;2;124;141;105m▀[48;2;117;133;99m[38;2;114;130;96m▀[48;2;44;43;39m[38;2;39;38;35m▀[48;2;163;89;163m[38;2;45;26;45m▀[48;2;215;118;215m[38;2;34;21;33m▀[48;2;141;78;140m[38;2;34;21;32m▀[48;2;4;5;3m[38;2;134;134;134m▀[48;2;134;134;134m[38;2;231;231;231m▀[48;2;231;231;231m[38;2;0;0;0m▀[48;2;0;0;0m        [m
[48;2;0;0;0m   [48;2;231;231;231m[38;2;0;0;0m▀[48;2;134;134;134m [48;2;48;48;48m [48;2;77;77;77m[38;2;102;102;102m▀[48;2;84;48;83m[38;2;33;21;33m▀[48;2;249;137;249m[38;2;214;118;214m▀[48;2;255;140;255m[38;2;255;141;255m▀  ▀[38;2;255;142;255m▀[48;2;255;142;255m[38;2;255;143;255m▀[48;2;200;109;200m[38;2;176;96;176m▀[48;2;41;39;36m[38;2;44;48;38m▀[48;2;114;131;96m[38;2;120;137;101m▀[48;2;125;142;105m[38;2;124;141;105m▀[48;2;105;122;89m[38;2;114;130;96m▀[48;2;45;36;42m[38;2;42;40;38m▀[48;2;219;120;219m[38;2;204;111;204m▀[48;2;255;141;255m[38;2;255;144;255m▀[48;2;255;142;255m[38;2;235;129;235m▀[48;2;163;90;163m[38;2;64;37;64m▀[48;2;9;8;8m[38;2;48;48;48m▀[48;2;48;48;48m [38;2;231;231;231m▀[48;2;231;231;231m[38;2;0;0;0m▀[48;2;0;0;0m      [m
[48;2;0;0;0m  [48;2;231;231;231m[38;2;0;0;0m▀[48;2;134;134;134m[38;2;231;231;231m▀[48;2;48;48;48m [48;2;77;77;77m[38;2;48;48;48m▀[48;2;17;12;16m[38;2;2;4;1m▀[48;2;191;105;191m[38;2;147;82;147m▀[48;2;255;142;255m [48;2;255;140;255m     [38;2;255;141;255m▀[48;2;250;137;250m[38;2;224;123;224m▀[48;2;91;52;91m[38;2;49;36;46m▀[48;2;68;81;58m[38;2;101;117;86m▀[48;2;126;143;107m [48;2;59;70;49m[38;2;85;99;72m▀[48;2;117;65;116m[38;2;70;43;69m▀[48;2;255;141;255m[38;2;244;134;244m▀[48;2;255;140;255m [48;2;255;141;255m [48;2;237;130;237m[38;2;223;123;223m▀[48;2;53;32;52m[38;2;40;25;39m▀[48;2;138;138;138m [38;2;48;48;48m▀[48;2;48;48;48m [38;2;231;231;231m▀[48;2;231;231;231m[38;2;0;0;0m▀[48;2;0;0;0m    [m
[48;2;0;0;0m  [48;2;231;231;231m [48;2;48;48;48m [48;2;77;77;77m[38;2;48;48;48m▀[48;2;138;138;138m [48;2;34;21;32m[38;2;31;19;30m▀[48;2;222;122;221m[38;2;215;118;215m▀[48;2;255;141;255m [48;2;255;140;255m      [38;2;255;142;255m▀[48;2;249;137;249m[38;2;180;98;179m▀[48;2;108;61;107m[38;2;37;37;33m▀[48;2;17;24;14m[38;2;95;110;80m▀[48;2;78;47;77m[38;2;40;39;35m▀[48;2;244;134;244m[38;2;187;102;187m▀[48;2;255;140;255m[38;2;255;142;255m▀ [48;2;255;142;255m[38;2;255;141;255m▀[48;2;176;97;176m[38;2;222;122;221m▀[48;2;11;9;10m[38;2;39;24;38m▀[48;2;138;138;138m  [38;2;77;77;77m▀[38;2;48;48;48m▀[48;2;48;48;48m [38;2;231;231;231m▀[48;2;231;231;231m[38;2;0;0;0m▀[48;2;0;0;0m  [m
[48;2;0;0;0m  [38;2;231;231;231m▀[38;2;48;48;48m▀▀▀[38;2;12;10;11m▀[38;2;186;103;186m▀[38;2;255;143;255m▀[38;2;255;140;255m▀▀▀▀▀▀▀[38;2;255;141;255m▀[38;2;226;124;225m▀[38;2;60;34;60m▀[38;2;164;91;164m▀[38;2;255;142;255m▀[38;2;255;140;255m▀▀[38;2;255;141;255m▀[38;2;116;65;115m▀[38;2;48;48;48m▀▀▀▀▀▀▀▀  [m
