[48;2;0;0;0m         [48;2;231;231;231m[38;2;0;0;0m▀▀[48;2;134;134;134m▀[48;2;48;48;48m▀▀[48;2;77;77;77m▀[48;2;48;48;48m▀▀[48;2;134;134;134m▀[48;2;231;231;231m▀[48;2;0;0;0m                [m
[48;2;0;0;0m       [48;2;231;231;231m[38;2;0;0;0m▀[48;2;48;48;48m[38;2;231;231;231m▀[38;2;134;134;134m▀ [48;2;138;138;138m[38;2;48;48;48m▀[38;2;77;77;77m▀   [38;2;48;48;48m▀▀[48;2;48;48;48m[38;2;77;77;77m▀[48;2;77;77;77m[38;2;231;231;231m▀[48;2;231;231;231m[38;2;0;0;0m▀[48;2;0;0;0m              [m
[48;2;0;0;0m     [48;2;231;231;231m[38;2;0;0;0m▀[48;2;48;48;48m[38;2;231;231;231m▀ [48;2;138;138;138m[38;2;48;48;48m▀[48;2;77;77;77m [48;2;48;48;48m[38;2;77;77;77m▀[48;2;138;138;138m [48;2;77;77;77m[38;2;138;138;138m▀[48;2;48;48;48m[38;2;77;77;77m▀[48;2;77;77;77m[38;2;48;48;48m▀ [48;2;48;48;48m[38;2;77;77;77m▀[38;2;138;138;138m▀  [38;2;134;134;134m▀[48;2;231;231;231m[38;2;0;0;0m▀[48;2;0;0;0m             [m
[48;2;0;0;0m    [48;2;231;231;231m[38;2;0;0;0m▀[48;2;48;48;48m[38;2;134;134;134m▀ [48;2;138;138;138m  [38;2;48;48;48m▀[48;2;77;77;77m▀[48;2;138;138;138m [48;2;48;48;48m [48;2;77;77;77m [48;2;134;134;134m   [48;2;77;77;77m▀▀[48;2;138;138;138m▀[48;2;48;48;48m [38;2;134;134;134m▀[48;2;231;231;231m[38;2;0;0;0m▀[48;2;0;0;0m            [m
[48;2;0;0;0m    [48;2;134;134;134m[38;2;231;231;231m▀[48;2;48;48;48m [48;2;77;77;77m [48;2;138;138;138m  [48;2;1;4;0m[38;2;138;138;138m▀[48;2;19;15;21m▀[48;2;30;22;35m▀[48;2;25;19;29m[38;2;77;77;77m▀[48;2;10;9;11m▀[48;2;134;134;134m   [48;2;77;77;77m[38;2;48;48;48m▀ [48;2;138;138;138m [38;2;77;77;77m▀[48;2;77;77;77m[38;2;48;48;48m▀[48;2;48;48;48m[38;2;77;77;77m▀[48;2;231;231;231m [48;2;0;0;0m           [m
[48;2;0;0;0m   [48;2;231;231;231m [48;2;48;48;48m[38;2;77;77;77m▀ [48;2;5;6;4m[38;2;138;138;138m▀[48;2;80;53;94m[38;2;0;2;0m▀[48;2;185;121;219m[38;2;39;28;46m▀[48;2;217;142;255m[38;2;115;76;136m▀[38;2;169;111;201m▀[48;2;217;141;255m[38;2;188;123;223m▀[48;2;219;143;255m[38;2;183;119;217m▀[48;2;221;144;255m[38;2;151;99;179m▀[48;2;216;140;255m[38;2;88;59;104m▀[48;2;163;106;193m[38;2;24;18;27m▀[48;2;46;32;54m[38;2;134;134;134m▀[48;2;48;48;48m [48;2;138;138;138m[38;2;77;77;77m▀   [48;2;77;77;77m[38;2;48;48;48m▀[48;2;48;48;48m[38;2;77;77;77m▀[48;2;231;231;231m [48;2;0;0;0m          [m
[48;2;0;0;0m   [48;2;231;231;231m [48;2;48;48;48m [48;2;66;45;78m[38;2;3;5;3m▀[48;2;202;131;239m[38;2;92;61;108m▀[48;2;208;135;247m[38;2;205;133;243m▀[48;2;182;119;216m[38;2;219;143;255m▀[48;2;211;137;250m[38;2;215;140;255m▀[38;2;216;140;255m▀[48;2;114;75;135m[38;2;212;138;252m▀[48;2;38;34;41m[38;2;182;119;217m▀[48;2;38;40;36m[38;2;164;106;195m▀[48;2;39;34;41m[38;2;184;120;219m▀[48;2;119;78;141m[38;2;216;141;255m▀[48;2;199;129;235m[38;2;171;112;204m▀[48;2;84;56;99m[38;2;32;24;38m▀[48;2;0;3;0m[38;2;138;138;138m▀[48;2;138;138;138m   [38;2;77;77;77m▀[48;2;48;48;48m [48;2;134;134;134m[38;2;231;231;231m▀[48;2;0;0;0m          [m
[48;2;0;0;0m   [38;2;231;231;231m▀[48;2;80;53;94m[38;2;22;17;26m▀[48;2;212;138;252m[38;2;166;108;196m▀[48;2;218;142;255m[38;2;221;144;255m▀[48;2;125;83;148m[38;2;135;88;159m▀[48;2;13;11;15m[38;2;27;20;31m▀[48;2;159;104;189m[38;2;165;108;196m▀[48;2;166;108;198m[38;2;182;119;216m▀[48;2;41;43;38m[38;2;37;34;38m▀[48;2;117;134;99m[38;2;93;108;78m▀[48;2;124;142;105m[38;2;117;134;99m▀[48;2;117;133;99m[38;2;90;105;76m▀[48;2;38;41;35m[38;2;38;33;40m▀[48;2;36;25;43m[38;2;72;48;84m▀[48;2;22;17;26m[38;2;12;10;13m▀[48;2;29;21;34m[38;2;1;4;0m▀[48;2;138;138;138m   [48;2;77;77;77m [48;2;48;48;48m [48;2;231;231;231m [48;2;0;0;0m          [m
[48;2;0;0;0m   [48;2;48;33;57m[38;2;11;10;12m▀[48;2;199;129;235m[38;2;148;97;176m▀[48;2;216;141;255m[38;2;218;142;255m▀[48;2;215;140;255m[38;2;216;140;255m▀[48;2;216;141;255m[38;2;199;130;236m▀[48;2;218;142;255m[38;2;162;106;193m▀[48;2;219;142;255m[38;2;210;137;249m▀[48;2;158;103;188m[38;2;157;102;187m▀[48;2;40;43;37m[38;2;41;45;38m▀[48;2;117;134;99m[38;2;119;135;100m▀[48;2;124;141;105m[38;2;123;141;104m▀[48;2;117;133;99m[38;2;119;136;101m▀[48;2;40;43;36m[38;2;43;47;38m▀[48;2;162;105;193m[38;2;125;82;149m▀[48;2;221;144;255m[38;2;174;113;206m▀[48;2;209;136;248m[38;2;134;88;159m▀[48;2;87;58;103m[38;2;11;10;12m▀[48;2;0;2;0m[38;2;138;138;138m▀[48;2;138;138;138m [38;2;77;77;77m▀[48;2;77;77;77m[38;2;48;48;48m▀[48;2;48;48;48m[38;2;134;134;134m▀[48;2;134;134;134m[38;2;231;231;231m▀[48;2;231;231;231m[38;2;0;0;0m▀[48;2;0;0;0m        [m
[48;2;0;0;0m  [48;2;0;2;0m[38;2;0;0;0m▀[48;2;118;78;140m[38;2;89;60;106m▀[48;2;218;142;255m[38;2;215;140;255m▀[48;2;215;140;255m    [48;2;216;141;255m[38;2;217;142;255m▀[48;2;195;127;232m[38;2;177;115;211m▀[48;2;47;37;52m[38;2;39;37;39m▀[48;2;98;113;82m[38;2;111;127;93m▀[48;2;126;143;107m[38;2;124;142;105m▀[48;2;93;108;78m[38;2;111;127;93m▀[48;2;52;39;59m[38;2;39;37;38m▀[48;2;200;130;237m[38;2;176;114;208m▀[48;2;216;141;255m[38;2;217;142;255m▀[48;2;215;140;255m[38;2;217;141;255m▀[48;2;218;142;255m[38;2;187;122;222m▀[48;2;125;82;148m[38;2;43;31;51m▀[48;2;4;6;4m[38;2;138;138;138m▀[48;2;138;138;138m  [38;2;77;77;77m▀[38;2;48;48;48m▀[48;2;48;48;48m [38;2;231;231;231m▀[48;2;231;231;231m[38;2;0;0;0m▀[48;2;0;0;0m      [m
[48;2;0;0;0m  [48;2;0;1;0m[38;2;1;4;0m▀[48;2;103;68;122m[38;2;128;85;152m▀[48;2;217;141;255m[38;2;219;142;255m▀[48;2;215;140;255m     [48;2;217;142;255m[38;2;213;139;253m▀[48;2;157;102;187m[38;2;83;56;99m▀[48;2;35;35;34m[38;2;65;76;54m▀[48;2;97;112;82m[38;2;126;144;107m▀[48;2;39;44;35m[38;2;67;79;56m▀[48;2;144;94;172m[38;2;85;57;100m▀[48;2;218;142;255m[38;2;214;139;254m▀[48;2;215;140;255m  [48;2;217;141;255m[38;2;217;142;255m▀[48;2;188;122;222m[38;2;179;116;211m▀[48;2;32;23;36m[38;2;25;19;28m▀[48;2;138;138;138m     [38;2;48;48;48m▀[48;2;48;48;48m [38;2;231;231;231m▀[48;2;231;231;231m[38;2;0;0;0m▀[48;2;0;0;0m    [m
[48;2;0;0;0m  [48;2;231;231;231m [48;2;2;4;1m[38;2;42;30;49m▀[48;2;114;75;135m[38;2;193;126;229m▀[48;2;216;141;255m[38;2;217;141;255m▀[48;2;215;140;255m     [48;2;217;141;255m[38;2;211;138;251m▀[48;2;193;125;229m[38;2;96;64;113m▀[48;2;51;34;60m[38;2;22;28;16m▀[48;2;122;80;145m[38;2;56;41;63m▀[48;2;217;142;255m[38;2;200;130;237m▀[48;2;215;140;255m[38;2;216;141;255m▀  [48;2;216;141;255m[38;2;217;141;255m▀[48;2;193;126;230m[38;2;180;118;214m▀[48;2;40;28;46m[38;2;28;21;32m▀[48;2;138;138;138m      [38;2;77;77;77m▀[38;2;48;48;48m▀[48;2;48;48;48m [38;2;231;231;231m▀[48;2;231;231;231m[38;2;0;0;0m▀[48;2;0;0;0m  [m
[48;2;0;0;0m  [38;2;231;231;231m▀[38;2;57;39;67m▀[38;2;48;34;57m▀[38;2;162;106;192m▀[38;2;218;142;255m▀[38;2;215;140;255m▀▀▀▀▀[38;2;216;141;255m▀[38;2;177;115;210m▀[38;2;194;126;230m▀[38;2;216;141;255m▀[38;2;215;140;255m▀▀▀▀▀[38;2;112;74;133m▀[38;2;3;5;3m▀[38;2;48;48;48m▀▀▀▀▀▀▀▀▀▀  [m
