[48;2;0;0;0m         [48;2;231;231;231m[38;2;0;0;0m▀▀[48;2;134;134;134m▀[48;2;48;48;48m▀▀[48;2;77;77;77m▀[48;2;48;48;48m▀▀[48;2;134;134;134m▀[48;2;231;231;231m▀[48;2;0;0;0m                [m
[48;2;0;0;0m       [48;2;231;231;231m[38;2;0;0;0m▀[48;2;48;48;48m[38;2;231;231;231m▀[38;2;134;134;134m▀ [48;2;138;138;138m[38;2;48;48;48m▀[38;2;77;77;77m▀   [38;2;48;48;48m▀▀[48;2;48;48;48m[38;2;77;77;77m▀[48;2;77;77;77m[38;2;231;231;231m▀[48;2;231;231;231m[38;2;0;0;0m▀[48;2;0;0;0m              [m
[48;2;0;0;0m     [48;2;231;231;231m[38;2;0;0;0m▀[48;2;48;48;48m[38;2;231;231;231m▀ [48;2;138;138;138m[38;2;48;48;48m▀[48;2;77;77;77m [48;2;48;48;48m[38;2;77;77;77m▀[48;2;138;138;138m [48;2;77;77;77m[38;2;138;138;138m▀[48;2;48;48;48m[38;2;77;77;77m▀[48;2;77;77;77m[38;2;48;48;48m▀ [48;2;48;48;48m[38;2;77;77;77m▀[38;2;138;138;138m▀  [38;2;134;134;134m▀[48;2;231;231;231m[38;2;0;0;0m▀[48;2;0;0;0m             [m
[48;2;0;0;0m    [48;2;231;231;231m[38;2;0;0;0m▀[48;2;48;48;48m[38;2;134;134;134m▀ [48;2;138;138;138m  [38;2;48;48;48m▀[48;2;77;77;77m▀[48;2;138;138;138m [48;2;48;48;48m [48;2;77;77;77m [48;2;134;134;134m   [48;2;77;77;77m▀▀[48;2;138;138;138m▀[48;2;48;48;48m [38;2;134;134;134m▀[48;2;231;231;231m[38;2;0;0;0m▀[48;2;0;0;0m [48;2;0;1;0m▀▀[48;2;0;0;0m         [m
[48;2;0;0;0m    [48;2;134;134;134m[38;2;231;231;231m▀[48;2;48;48;48m [48;2;77;77;77m [48;2;138;138;138m     [48;2;48;48;48m[38;2;77;77;77m▀[48;2;77;77;77m [48;2;134;134;134m   [48;2;77;77;77m[38;2;48;48;48m▀ [48;2;138;138;138m [48;2;23;32;41m[38;2;77;77;77m▀[48;2;86;113;157m[38;2;5;9;7m▀[48;2;128;167;234m[38;2;30;41;55m▀[48;2;140;182;255m[38;2;60;79;109m▀[48;2;141;184;255m[38;2;77;101;140m▀[38;2;74;97;135m▀[48;2;137;179;251m[38;2;50;67;91m▀[48;2;114;148;208m[38;2;18;26;32m▀[48;2;53;70;96m[38;2;0;1;0m▀[48;2;5;9;8m[38;2;0;0;0m▀[48;2;0;0;0m     [m
[48;2;0;0;0m   [48;2;231;231;231m [48;2;48;48;48m[38;2;77;77;77m▀ [48;2;138;138;138m      [48;2;77;77;77m [48;2;48;48;48m▀[48;2;134;134;134m   [48;2;48;48;48m [48;2;7;12;11m▀[48;2;89;118;164m[38;2;24;34;44m▀[48;2;138;180;253m[38;2;109;143;200m▀[48;2;90;118;165m[38;2;143;186;255m▀[48;2;50;66;90m[38;2;138;180;252m▀[48;2;46;62;83m[38;2;136;177;249m▀[48;2;75;100;140m[38;2;140;183;255m▀[48;2;129;168;236m[38;2;140;182;255m▀[48;2;140;182;255m[38;2;139;181;254m▀[48;2;139;181;255m[38;2;141;183;255m▀[38;2;134;175;245m▀[48;2;137;179;251m[38;2;73;95;133m▀[48;2;70;92;127m[38;2;8;13;14m▀[48;2;3;7;5m[38;2;0;0;0m▀[48;2;0;0;0m   [m
[48;2;0;0;0m   [48;2;231;231;231m [48;2;48;48;48m [38;2;77;77;77m▀[48;2;138;138;138m       [48;2;48;48;48m ▀[38;2;134;134;134m▀  [48;2;6;10;10m[38;2;8;13;14m▀[48;2;2;6;3m[38;2;54;71;98m▀[48;2;25;34;45m[38;2;81;106;148m▀[48;2;61;71;52m[38;2;29;36;32m▀[48;2;126;143;107m[38;2;73;84;59m▀[48;2;127;144;107m[38;2;80;91;66m▀[48;2;84;96;69m[38;2;35;42;29m▀[48;2;43;57;74m[38;2;69;92;127m▀[48;2;134;174;245m[38;2;140;182;255m▀[48;2;47;63;86m[38;2;94;124;173m▀[48;2;8;13;14m[38;2;67;88;122m▀[48;2;115;151;211m[38;2;132;173;242m▀[48;2;142;185;255m[38;2;131;171;240m▀[48;2;103;134;188m[38;2;42;56;76m▀[48;2;12;18;21m[38;2;0;0;0m▀[48;2;0;0;0m  [m
[48;2;0;0;0m   [38;2;231;231;231m▀[48;2;134;134;134m[38;2;48;48;48m▀[48;2;48;48;48m [48;2;138;138;138m       [38;2;77;77;77m▀[48;2;77;77;77m[38;2;48;48;48m▀[48;2;48;48;48m [48;2;1;4;0m▀[48;2;65;86;118m[38;2;13;20;23m▀[48;2;138;179;252m[38;2;74;97;135m▀[48;2;138;180;253m[38;2;58;77;106m▀[48;2;57;75;103m[38;2;36;50;67m▀[48;2;72;83;59m[38;2;74;86;62m▀[48;2;125;142;106m [48;2;125;142;105m [48;2;93;106;77m[38;2;90;103;75m▀[48;2;39;51;64m[38;2;41;54;69m▀[48;2;131;171;240m[38;2;133;174;244m▀[48;2;140;182;255m[38;2;93;122;170m▀[48;2;139;180;253m[38;2;65;85;117m▀[48;2;139;181;255m[38;2;131;171;240m▀[48;2;139;181;254m[38;2;140;182;255m▀[48;2;141;184;255m[38;2;136;177;248m▀[48;2;93;122;169m[38;2;49;65;88m▀[48;2;6;10;9m[38;2;0;0;0m▀[48;2;0;0;0m [m
[48;2;0;0;0m    [48;2;231;231;231m[38;2;134;134;134m▀[48;2;48;48;48m [38;2;77;77;77m▀[48;2;77;77;77m[38;2;138;138;138m▀[48;2;138;138;138m       [48;2;10;16;18m▀[48;2;98;129;180m[38;2;37;49;66m▀[48;2;141;184;255m[38;2;127;165;232m▀[48;2;139;181;254m[38;2;140;182;255m▀[48;2;141;184;255m[38;2;140;183;255m▀[48;2;83;109;154m[38;2;63;84;116m▀[48;2;45;53;39m[38;2;63;73;51m▀[48;2;121;138;103m[38;2;125;142;105m▀[48;2;125;142;106m [48;2;71;81;58m[38;2;85;97;70m▀[48;2;55;73;101m[38;2;44;58;76m▀[48;2;139;181;254m[38;2;135;176;247m▀[38;2;139;181;255m▀   [48;2;139;181;255m[38;2;140;182;255m▀[48;2;136;177;249m[38;2;123;161;225m▀[48;2;44;59;80m[38;2;23;33;42m▀[48;2;0;0;0m [m
[48;2;0;0;0m   [48;2;231;231;231m[38;2;0;0;0m▀[48;2;134;134;134m [48;2;48;48;48m [48;2;77;77;77m[38;2;102;102;102m▀[48;2;138;138;138m[38;2;77;77;77m▀[48;2;77;77;77m   [38;2;138;138;138m▀[48;2;138;138;138m   [48;2;56;75;103m[38;2;38;52;70m▀[48;2;140;182;255m[38;2;133;173;243m▀[48;2;139;181;254m[38;2;139;182;255m▀ [48;2;140;182;255m[38;2;141;183;255m▀[48;2;130;169;238m[38;2;110;143;202m▀[48;2;37;49;62m[38;2;32;40;37m▀[48;2;88;101;73m[38;2;112;128;95m▀[48;2;99;113;83m[38;2;122;139;103m▀[48;2;30;40;44m[38;2;46;54;39m▀[48;2;118;154;216m[38;2;81;107;150m▀[48;2;140;183;255m[38;2;141;183;255m▀[48;2;139;181;254m     [48;2;140;183;255m[38;2;140;182;255m▀[48;2;65;86;118m[38;2;59;78;107m▀[48;2;0;0;0m [m
[48;2;0;0;0m  [48;2;231;231;231m[38;2;0;0;0m▀[48;2;134;134;134m[38;2;231;231;231m▀[48;2;48;48;48m [48;2;77;77;77m[38;2;48;48;48m▀[48;2;138;138;138m   [38;2;77;77;77m▀▀▀▀  [48;2;33;45;59m[38;2;51;68;93m▀[48;2;131;170;239m[38;2;138;179;252m▀[48;2;139;182;255m[38;2;139;181;254m▀[48;2;139;181;254m  [48;2;140;183;255m [48;2;120;157;221m[38;2;76;100;140m▀[48;2;20;28;35m[38;2;40;47;34m▀[48;2;40;53;71m[38;2;40;48;35m▀[48;2;129;168;236m[38;2;71;94;131m▀[48;2;140;182;255m[38;2;139;181;254m▀[48;2;139;181;254m     [48;2;140;182;255m▀[48;2;129;168;235m[38;2;139;181;255m▀[48;2;31;42;56m[38;2;55;73;100m▀[48;2;0;0;0m [m
[48;2;0;0;0m  [48;2;231;231;231m [48;2;48;48;48m [48;2;77;77;77m[38;2;48;48;48m▀[48;2;138;138;138m        [48;2;9;14;15m[38;2;138;138;138m▀[48;2;39;53;71m▀[48;2;101;132;185m[38;2;33;45;60m▀[48;2;139;181;254m[38;2;130;170;238m▀[38;2;140;182;255m▀   [38;2;138;180;253m▀[48;2;136;177;249m[38;2;79;104;145m▀[48;2;139;180;253m[38;2;108;141;198m▀[48;2;139;181;254m[38;2;141;183;255m▀     [48;2;141;183;255m[38;2;139;181;254m▀[48;2;113;147;207m[38;2;141;183;255m▀[48;2;21;29;37m[38;2;84;110;154m▀[48;2;0;2;0m[38;2;5;9;7m▀[48;2;0;0;0m [m
[48;2;0;0;0m  [38;2;231;231;231m▀[38;2;48;48;48m▀▀▀▀▀▀▀ [38;2;16;22;27m▀[38;2;52;70;95m▀[38;2;100;130;182m▀[38;2;132;172;242m▀[38;2;140;183;255m▀[38;2;139;181;254m▀▀▀▀▀▀[38;2;139;181;255m▀[38;2;139;181;254m▀▀▀▀▀[38;2;139;181;255m▀[38;2;141;184;255m▀[38;2;117;153;214m▀[38;2;40;53;72m▀[38;2;42;56;76m▀[38;2;8;13;13m▀ [m
