[48;2;0;0;0m         [48;2;231;231;231m[38;2;0;0;0m▀▀[48;2;134;134;134m▀[48;2;48;48;48m▀▀[48;2;77;77;77m▀[48;2;48;48;48m▀▀[48;2;134;134;134m▀[48;2;231;231;231m▀[48;2;0;0;0m                [m
[48;2;0;0;0m       [48;2;231;231;231m[38;2;0;0;0m▀[48;2;48;48;48m[38;2;231;231;231m▀[38;2;134;134;134m▀ [48;2;138;138;138m[38;2;48;48;48m▀[38;2;77;77;77m▀   [38;2;48;48;48m▀▀[48;2;48;48;48m[38;2;77;77;77m▀[48;2;77;77;77m[38;2;231;231;231m▀[48;2;231;231;231m[38;2;0;0;0m▀[48;2;0;0;0m              [m
[48;2;0;0;0m     [48;2;231;231;231m[38;2;0;0;0m▀[48;2;48;48;48m[38;2;231;231;231m▀ [48;2;138;138;138m[38;2;48;48;48m▀[48;2;77;77;77m [48;2;48;48;48m[38;2;77;77;77m▀[48;2;138;138;138m [48;2;77;77;77m[38;2;138;138;138m▀[48;2;48;48;48m[38;2;77;77;77m▀[48;2;77;77;77m[38;2;48;48;48m▀ [48;2;48;48;48m[38;2;77;77;77m▀[38;2;138;138;138m▀  [38;2;134;134;134m▀[48;2;231;231;231m[38;2;0;0;0m▀[48;2;0;0;0m             [m
[48;2;0;0;0m    [48;2;231;231;231m[38;2;0;0;0m▀[48;2;48;48;48m[38;2;134;134;134m▀ [48;2;138;138;138m  [38;2;48;48;48m▀[48;2;77;77;77m▀[48;2;138;138;138m [48;2;48;48;48m [48;2;77;77;77m [48;2;134;134;134m   [48;2;77;77;77m▀▀[48;2;138;138;138m▀[48;2;48;48;48m [38;2;134;134;134m▀[48;2;231;231;231m[38;2;0;0;0m▀[48;2;0;0;0m            [m
[48;2;0;0;0m    [48;2;134;134;134m[38;2;231;231;231m▀[48;2;48;48;48m [48;2;77;77;77m [48;2;138;138;138m     [48;2;48;48;48m[38;2;77;77;77m▀[48;2;77;77;77m [48;2;134;134;134m   [48;2;77;77;77m[38;2;48;48;48m▀ [48;2;138;138;138m [38;2;77;77;77m▀[48;2;77;77;77m[38;2;48;48;48m▀[48;2;48;48;48m[38;2;77;77;77m▀[48;2;231;231;231m [48;2;0;0;0m           [m
[48;2;0;0;0m   [48;2;231;231;231m [48;2;48;48;48m[38;2;77;77;77m▀ [48;2;138;138;138m      [48;2;77;77;77m [48;2;48;48;48m▀[48;2;134;134;134m   [48;2;48;48;48m [48;2;138;138;138m▀   [48;2;77;77;77m[38;2;48;48;48m▀[48;2;48;48;48m[38;2;77;77;77m▀[48;2;231;231;231m [48;2;0;0;0m          [m
[48;2;0;0;0m   [48;2;231;231;231m [48;2;48;48;48m [38;2;77;77;77m▀[48;2;138;138;138m       [48;2;48;48;48m ▀[38;2;134;134;134m▀  [48;2;138;138;138m    [38;2;77;77;77m▀[48;2;48;48;48m [48;2;134;134;134m[38;2;231;231;231m▀[48;2;0;0;0m          [m
[48;2;0;0;0m   [38;2;231;231;231m▀[48;2;134;134;134m[38;2;48;48;48m▀[48;2;48;48;48m [48;2;138;138;138m       [38;2;77;77;77m▀[48;2;77;77;77m[38;2;48;48;48m▀[48;2;48;48;48m [48;2;77;77;77m▀[48;2;138;138;138m     [48;2;77;77;77m [48;2;48;48;48m [48;2;231;231;231m [48;2;0;0;0m          [m
[48;2;0;0;0m    [48;2;231;231;231m[38;2;134;134;134m▀[48;2;48;48;48m [38;2;77;77;77m▀[48;2;77;77;77m[38;2;138;138;138m▀[48;2;138;138;138m              [38;2;77;77;77m▀[48;2;77;77;77m[38;2;48;48;48m▀[48;2;48;48;48m[38;2;134;134;134m▀[48;2;134;134;134m[38;2;231;231;231m▀[48;2;231;231;231m[38;2;0;0;0m▀[48;2;0;0;0m        [m
[48;2;0;0;0m   [48;2;231;231;231m[38;2;0;0;0m▀[48;2;134;134;134m [48;2;48;48;48m [48;2;77;77;77m[38;2;102;102;102m▀[48;2;138;138;138m[38;2;77;77;77m▀[48;2;77;77;77m   [38;2;138;138;138m▀[48;2;138;138;138m            [38;2;77;77;77m▀[38;2;48;48;48m▀[48;2;48;48;48m [38;2;231;231;231m▀[48;2;231;231;231m[38;2;0;0;0m▀[48;2;0;0;0m      [m
[48;2;0;0;0m  [48;2;231;231;231m[38;2;0;0;0m▀[48;2;134;134;134m[38;2;231;231;231m▀[48;2;48;48;48m [48;2;77;77;77m[38;2;48;48;48m▀[48;2;138;138;138m   [38;2;77;77;77m▀▀▀▀              [38;2;48;48;48m▀[48;2;48;48;48m [38;2;231;231;231m▀[48;2;231;231;231m[38;2;0;0;0m▀[48;2;0;0;0m    [m
[48;2;0;0;0m  [48;2;231;231;231m [48;2;48;48;48m [48;2;77;77;77m[38;2;48;48;48m▀[48;2;138;138;138m                       [38;2;77;77;77m▀[38;2;48;48;48m▀[48;2;48;48;48m [38;2;231;231;231m▀[48;2;231;231;231m[38;2;0;0;0m▀[48;2;0;0;0m  [m
[48;2;0;0;0m  [38;2;231;231;231m▀[38;2;48;48;48m▀▀▀▀▀▀▀▀▀▀▀▀▀▀▀▀▀▀▀▀▀▀▀▀▀▀▀▀▀▀  [m
