[48;2;0;0;0m         [48;2;231;231;231m[38;2;0;0;0m▀▀[48;2;134;134;134m▀[48;2;48;48;48m▀▀[48;2;77;77;77m▀[48;2;48;48;48m▀▀[48;2;134;134;134m▀[48;2;231;231;231m▀[48;2;0;0;0m                [m
[48;2;0;0;0m       [48;2;231;231;231m[38;2;0;0;0m▀[48;2;48;48;48m[38;2;231;231;231m▀[38;2;134;134;134m▀ [48;2;138;138;138m[38;2;48;48;48m▀[38;2;77;77;77m▀   [38;2;48;48;48m▀▀[48;2;48;48;48m[38;2;77;77;77m▀[48;2;77;77;77m[38;2;231;231;231m▀[48;2;231;231;231m[38;2;0;0;0m▀[48;2;0;0;0m              [m
[48;2;0;0;0m     [48;2;231;231;231m[38;2;0;0;0m▀[48;2;48;48;48m[38;2;231;231;231m▀ [48;2;138;138;138m[38;2;48;48;48m▀[48;2;77;77;77m [48;2;48;48;48m[38;2;77;77;77m▀[48;2;138;138;138m [48;2;77;77;77m[38;2;138;138;138m▀[48;2;48;48;48m[38;2;77;77;77m▀[48;2;77;77;77m[38;2;48;48;48m▀ [48;2;48;48;48m[38;2;77;77;77m▀[38;2;138;138;138m▀  [38;2;134;134;134m▀[48;2;231;231;231m[38;2;0;0;0m▀[48;2;0;0;0m             [m
[48;2;0;0;0m    [48;2;231;231;231m[38;2;0;0;0m▀[48;2;48;48;48m[38;2;134;134;134m▀ [48;2;138;138;138m  [38;2;48;48;48m▀[48;2;77;77;77m▀[48;2;138;138;138m [48;2;48;48;48m [48;2;77;77;77m [48;2;134;134;134m   [48;2;77;77;77m▀▀[48;2;138;138;138m▀[48;2;48;48;48m [38;2;134;134;134m▀[48;2;231;231;231m[38;2;0;0;0m▀[48;2;0;0;0m            [m
[48;2;0;0;0m    [48;2;134;134;134m[38;2;231;231;231m▀[48;2;48;48;48m [48;2;77;77;77m [48;2;138;138;138m     [48;2;48;48;48m[38;2;77;77;77m▀[48;2;77;77;77m [48;2;134;134;134m   [48;2;77;77;77m[38;2;48;48;48m▀ [48;2;22;44;41m[38;2;138;138;138m▀[48;2;80;154;154m[38;2;5;11;7m▀[48;2;121;233;234m[38;2;29;56;54m▀[48;2;134;255;255m[38;2;56;109;108m▀[48;2;135;255;255m[38;2;74;140;139m▀[48;2;134;255;255m[38;2;72;136;134m▀[48;2;130;249;251m[38;2;49;93;91m▀[48;2;108;207;208m[38;2;18;36;33m▀[48;2;51;98;96m[38;2;0;1;0m▀[48;2;5;12;8m[38;2;0;0;0m▀[48;2;0;0;0m      [m
[48;2;0;0;0m   [48;2;231;231;231m [48;2;48;48;48m[38;2;77;77;77m▀ [48;2;138;138;138m      [48;2;77;77;77m [48;2;48;48;48m▀[48;2;134;134;134m   [48;2;7;15;12m[38;2;48;48;48m▀[48;2;73;138;138m[38;2;25;49;46m▀[48;2;107;203;204m[38;2;105;200;200m▀[48;2;101;192;193m[38;2;134;255;255m▀[48;2;32;57;53m[38;2;116;223;225m▀[48;2;38;47;35m[38;2;90;174;175m▀▀[48;2;33;57;52m[38;2;116;222;223m▀[48;2;103;196;197m[38;2;132;253;255m▀[48;2;133;255;255m[38;2;132;255;255m▀[48;2;113;216;217m[38;2;128;246;248m▀[48;2;106;204;205m[38;2;72;138;137m▀[48;2;67;130;130m[38;2;8;17;14m▀[48;2;4;10;6m[38;2;0;0;0m▀[48;2;0;0;0m    [m
[48;2;0;0;0m   [48;2;231;231;231m [48;2;48;48;48m [38;2;77;77;77m▀[48;2;138;138;138m       [48;2;48;48;48m ▀[38;2;134;134;134m▀ [48;2;57;109;108m[38;2;30;58;56m▀[48;2;69;132;131m[38;2;55;104;102m▀[48;2;18;36;33m[38;2;16;31;28m▀[48;2;23;43;40m[38;2;36;69;67m▀[48;2;82;94;69m[38;2;57;66;47m▀[48;2;125;143;106m[38;2;120;136;101m▀[38;2;120;137;101m▀[48;2;77;87;63m[38;2;57;64;45m▀[48;2;48;92;91m[38;2;57;111;111m▀[48;2;127;244;246m[38;2;128;245;247m▀[48;2;47;91;89m[38;2;41;80;78m▀[48;2;34;65;63m[38;2;28;54;52m▀[48;2;125;239;241m[38;2;115;220;221m▀[48;2;99;189;190m[38;2;42;81;80m▀[48;2;12;24;21m[38;2;0;0;0m▀[48;2;0;0;0m   [m
[48;2;0;0;0m   [38;2;231;231;231m▀[48;2;134;134;134m[38;2;48;48;48m▀[48;2;48;48;48m [48;2;138;138;138m       [38;2;77;77;77m▀[48;2;77;77;77m[38;2;48;48;48m▀[48;2;1;4;0m▀[48;2;61;116;115m[38;2;11;23;20m▀[48;2;130;248;250m[38;2;97;186;187m▀[48;2;132;254;255m[38;2;125;240;241m▀[48;2;130;251;253m[38;2;109;209;210m▀[48;2;44;86;84m[38;2;40;73;70m▀[48;2;80;90;66m[38;2;85;96;70m▀[48;2;125;142;106m  [48;2;77;87;63m[38;2;80;90;65m▀[48;2;48;91;89m[38;2;46;86;84m▀[48;2;130;250;252m [48;2;132;254;255m[38;2;119;228;229m▀[38;2;115;221;223m▀[48;2;131;252;254m[38;2;131;252;255m▀[48;2;133;255;255m[38;2;128;247;249m▀[48;2;89;171;171m[38;2;47;91;90m▀[48;2;6;13;9m[38;2;0;0;0m▀[48;2;0;0;0m  [m
[48;2;0;0;0m    [48;2;231;231;231m[38;2;134;134;134m▀[48;2;48;48;48m [38;2;77;77;77m▀[48;2;77;77;77m[38;2;138;138;138m▀[48;2;138;138;138m      [48;2;10;20;16m▀[48;2;93;178;178m[38;2;34;67;65m▀[48;2;133;255;255m[38;2;119;229;231m▀[48;2;131;252;254m[38;2;132;254;255m▀ [48;2;133;255;255m[38;2;131;252;255m▀[48;2;80;155;156m[38;2;56;108;107m▀[48;2;45;54;39m[38;2;67;76;55m▀[48;2;122;138;103m[38;2;125;142;106m▀[48;2;122;139;103m▀[48;2;46;54;39m[38;2;64;73;53m▀[48;2;79;151;151m[38;2;60;116;115m▀[48;2;133;255;255m[38;2;132;254;255m▀[48;2;131;252;254m   [48;2;131;252;255m▀[48;2;129;247;249m[38;2;117;224;225m▀[48;2;44;85;83m[38;2;24;46;43m▀[48;2;0;0;0m  [m
[48;2;0;0;0m   [48;2;231;231;231m[38;2;0;0;0m▀[48;2;134;134;134m [48;2;48;48;48m [48;2;77;77;77m[38;2;102;102;102m▀[48;2;138;138;138m[38;2;77;77;77m▀[48;2;77;77;77m   [38;2;138;138;138m▀[48;2;138;138;138m  [48;2;54;104;103m[38;2;36;69;67m▀[48;2;131;252;254m[38;2;125;240;242m▀[38;2;131;253;255m▀  [48;2;131;252;255m[38;2;132;255;255m▀[48;2;126;243;245m[38;2;106;203;205m▀[48;2;43;82;79m[38;2;31;45;37m▀[48;2;73;82;60m[38;2;111;126;93m▀[48;2;56;64;46m[38;2;105;119;88m▀[48;2;55;105;103m[38;2;30;46;39m▀[48;2;129;249;250m[38;2;108;208;209m▀[48;2;131;252;255m[38;2;132;255;255m▀[48;2;131;252;254m    [48;2;132;255;255m[38;2;132;253;255m▀[48;2;64;124;122m[38;2;60;114;113m▀[48;2;0;0;0m  [m
[48;2;0;0;0m  [48;2;231;231;231m[38;2;0;0;0m▀[48;2;134;134;134m[38;2;231;231;231m▀[48;2;48;48;48m [48;2;77;77;77m[38;2;48;48;48m▀[48;2;138;138;138m   [38;2;77;77;77m▀▀▀▀ [48;2;32;61;58m[38;2;48;92;91m▀[48;2;123;236;237m[38;2;130;249;251m▀[48;2;131;253;255m[38;2;131;252;254m▀[48;2;131;252;254m   [48;2;132;253;255m[38;2;133;255;255m▀[48;2;121;232;234m[38;2;88;167;167m▀[48;2;36;71;70m[38;2;16;22;15m▀[48;2;87;167;168m[38;2;31;54;50m▀[48;2;132;255;255m[38;2;113;215;216m▀[48;2;131;252;254m[38;2;132;254;255m▀    [48;2;132;253;255m[38;2;131;252;254m▀[48;2;122;235;237m▀[48;2;31;60;57m[38;2;55;105;104m▀[48;2;0;0;0m  [m
[48;2;0;0;0m  [48;2;231;231;231m [48;2;48;48;48m [48;2;77;77;77m[38;2;48;48;48m▀[48;2;138;138;138m       [48;2;8;18;14m[38;2;138;138;138m▀[48;2;37;72;70m▀[48;2;95;184;184m[38;2;31;59;57m▀[48;2;131;252;254m[38;2;122;234;236m▀[38;2;132;253;255m▀    [38;2;131;251;253m▀[48;2;132;254;255m[38;2;112;215;217m▀[48;2;131;252;255m[38;2;128;245;247m▀[48;2;131;252;254m[38;2;131;252;255m▀    [48;2;132;255;255m[38;2;131;252;254m▀[48;2;110;210;212m[38;2;133;255;255m▀[48;2;22;44;41m[38;2;83;159;159m▀[48;2;0;1;0m[38;2;5;12;8m▀[48;2;0;0;0m  [m
[48;2;0;0;0m  [38;2;231;231;231m▀[38;2;48;48;48m▀▀▀▀▀▀ [38;2;16;32;29m▀[38;2;51;98;96m▀[38;2;94;181;182m▀[38;2;125;239;241m▀[38;2;132;255;255m▀[38;2;131;252;254m▀▀▀▀▀▀▀▀▀▀▀▀▀[38;2;133;255;255m▀[38;2;116;222;224m▀[38;2;40;77;76m▀[38;2;37;72;70m▀[38;2;9;18;14m▀  [m
