[48;2;0;0;0m    [38;2;251;250;252m▀[48;2;148;142;153m[38;2;163;155;168m▀[48;2;50;48;47m[38;2;60;60;59m▀[48;2;60;60;59m[38;2;148;142;153m▀[48;2;73;73;73m[38;2;89;87;88m▀[48;2;71;71;71m[38;2;91;86;101m▀[48;2;73;73;73m[38;2;103;95;94m▀[48;2;75;75;75m [48;2;73;73;73m[38;2;71;71;71m▀[48;2;60;60;59m[38;2;103;95;94m▀[48;2;50;48;47m[38;2;185;181;193m▀[48;2;89;87;88m[38;2;248;247;249m▀[48;2;131;130;129m[38;2;0;0;0m▀[48;2;199;197;200m▀[48;2;243;243;242m▀[48;2;0;0;0m                [m
[48;2;0;0;0m  [48;2;163;155;168m[38;2;251;250;252m▀[48;2;66;67;65m[38;2;195;191;196m▀[48;2;71;71;71m[38;2;110;107;108m▀[48;2;73;73;73m[38;2;75;75;75m▀[48;2;75;75;75m[38;2;71;71;71m▀ [48;2;50;48;47m[38;2;70;69;69m▀[48;2;60;60;59m[38;2;71;71;71m▀[48;2;75;75;75m[38;2;73;73;73m▀[48;2;71;71;71m▀[48;2;79;79;78m▀[48;2;103;109;95m[38;2;71;71;71m▀[48;2;131;130;129m▀[48;2;188;190;186m[38;2;70;69;69m▀[48;2;222;224;222m[38;2;79;79;78m▀[48;2;243;243;242m[38;2;89;87;88m▀[48;2;241;239;242m[38;2;131;130;129m▀[48;2;131;130;129m[38;2;211;206;212m▀[48;2;238;233;240m[38;2;0;0;0m▀[48;2;0;0;0m              [m
[48;2;0;0;0m [48;2;241;239;242m[38;2;253;253;254m▀[48;2;110;107;108m[38;2;89;87;88m▀[48;2;167;163;162m[38;2;66;67;65m▀[48;2;154;151;150m[38;2;79;79;78m▀[48;2;0;0;0m[38;2;89;87;88m▀[38;2;75;75;75m▀[38;2;50;48;47m▀[38;2;89;39;23m▀[48;2;163;155;168m▀[48;2;133;148;185m[38;2;59;65;69m▀[48;2;66;67;65m[38;2;71;71;71m▀[48;2;73;73;73m[38;2;79;79;78m▀[48;2;60;60;59m[38;2;103;95;94m▀[38;2;131;130;129m▀[48;2;66;67;65m[38;2;110;107;108m▀[38;2;124;120;111m▀[38;2;110;107;108m▀[48;2;71;71;71m[38;2;89;87;88m▀[48;2;66;67;65m [48;2;185;181;193m[38;2;205;198;209m▀[48;2;0;0;0m              [m
[48;2;0;0;0m [48;2;218;218;224m[38;2;229;228;231m▀[48;2;60;60;59m[38;2;131;130;129m▀[48;2;0;0;0m[38;2;124;120;111m▀ [48;2;59;65;69m[38;2;0;0;0m▀[48;2;46;63;30m[38;2;75;75;75m▀[48;2;57;90;9m[38;2;140;181;254m▀[48;2;145;169;218m[38;2;0;0;0m▀[48;2;0;0;0m   [38;2;60;60;59m▀▀ [48;2;66;69;74m[38;2;0;0;0m▀[48;2;75;75;75m▀[48;2;0;0;0m [38;2;73;73;73m▀[48;2;66;67;65m[38;2;70;69;69m▀[48;2;205;198;209m[38;2;185;181;193m▀[48;2;0;0;0m [48;2;254;255;255m[38;2;0;0;0m▀[48;2;0;0;0m            [m
[48;2;163;155;168m[38;2;254;255;255m▀[48;2;66;67;65m[38;2;103;95;94m▀[48;2;66;69;74m[38;2;71;71;71m▀[48;2;0;0;0m [48;2;145;169;218m[38;2;67;72;78m▀[48;2;140;181;254m[38;2;76;94;15m▀[48;2;33;57;8m [48;2;57;90;9m [48;2;140;181;254m [48;2;0;0;0m [48;2;123;140;107m[38;2;139;134;88m▀  [38;2;57;90;9m▀[48;2;33;57;8m[38;2;38;59;13m▀[38;2;59;64;38m▀[48;2;76;94;15m[38;2;66;67;65m▀[48;2;0;0;0m[38;2;60;60;59m▀ [48;2;59;65;69m[38;2;66;67;65m▀[48;2;60;60;59m[38;2;180;171;186m▀[48;2;235;231;238m[38;2;0;0;0m▀[48;2;0;0;0m[38;2;253;253;254m▀            [m
[48;2;60;60;59m [48;2;66;67;65m [48;2;48;61;10m[38;2;89;70;23m▀[48;2;140;181;254m[38;2;0;0;0m▀▀[48;2;0;0;0m[38;2;140;181;254m▀▀▀[38;2;57;90;9m▀[48;2;33;57;8m[38;2;0;0;0m▀[48;2;123;140;107m   [38;2;57;90;9m▀[48;2;33;57;8m [48;2;0;0;0m[38;2;140;181;254m▀▀ [48;2;57;90;9m[38;2;38;59;13m▀[48;2;89;70;23m[38;2;71;73;45m▀[48;2;60;60;59m [48;2;50;48;47m[38;2;148;142;153m▀[48;2;241;239;242m[38;2;0;0;0m▀[48;2;0;0;0m            [m
[48;2;50;48;47m[38;2;60;60;59m▀[48;2;60;60;59m [48;2;76;94;15m[38;2;133;148;185m▀[48;2;140;181;254m      [48;2;33;57;8m [48;2;123;140;107m   [48;2;57;90;9m[38;2;67;123;1m▀[38;2;33;57;8m▀[48;2;140;181;254m    [48;2;89;70;23m [48;2;66;69;74m[38;2;50;48;47m▀[48;2;148;142;153m▀[48;2;0;0;0m[38;2;229;228;231m▀            [m
[48;2;57;90;9m[38;2;54;63;29m▀[48;2;33;57;8m[38;2;50;48;47m▀[48;2;57;90;9m[38;2;133;148;185m▀[48;2;140;181;254m      [48;2;57;90;9m[38;2;33;57;8m▀[48;2;33;57;8m[38;2;57;90;9m▀[48;2;57;90;9m[38;2;123;140;107m▀[48;2;33;57;8m▀ [48;2;140;181;254m     [48;2;46;63;30m[38;2;89;70;23m▀[48;2;123;140;107m[38;2;59;65;69m▀[48;2;0;0;0m[38;2;218;218;224m▀             [m
[48;2;123;140;107m[38;2;33;57;8m▀[48;2;33;57;8m [38;2;140;181;254m▀[48;2;140;181;254m      [38;2;57;90;9m▀[48;2;57;90;9m[38;2;33;57;8m▀[48;2;33;57;8m  [48;2;140;181;254m[38;2;57;90;9m▀ [48;2;145;169;218m[38;2;140;181;254m▀▀▀[48;2;127;150;207m▀[48;2;66;85;25m[38;2;33;57;8m▀[48;2;54;63;29m[38;2;123;140;107m▀[48;2;123;140;107m[38;2;231;231;231m▀[48;2;0;0;0m             [m
[48;2;231;231;231m [48;2;57;90;9m[38;2;33;57;8m▀[48;2;33;57;8m [48;2;66;85;25m[38;2;140;181;254m▀[48;2;154;151;150m[38;2;145;169;218m▀[48;2;184;166;167m▀[48;2;163;155;168m▀[48;2;167;163;162m▀[48;2;184;166;167m▀[48;2;191;194;186m[38;2;161;166;178m▀[48;2;197;205;203m[38;2;145;169;218m▀[48;2;124;120;111m[38;2;66;85;25m▀[48;2;89;39;23m[38;2;106;127;130m▀[48;2;162;125;131m[38;2;139;133;152m▀[48;2;220;244;249m[38;2;171;177;164m▀[48;2;228;236;246m▀[48;2;241;247;252m[38;2;167;163;162m▀[48;2;253;253;254m[38;2;180;171;186m▀[48;2;254;255;255m[38;2;205;198;209m▀[48;2;161;166;178m[38;2;222;224;222m▀[48;2;127;150;207m[38;2;131;130;129m▀[48;2;57;90;9m[38;2;46;63;30m▀[48;2;33;57;8m[38;2;123;140;107m▀[38;2;231;231;231m▀[38;2;0;0;0m▀[48;2;231;231;231m▀[48;2;0;0;0m         [m
[48;2;231;231;231m [48;2;33;57;8m[38;2;57;90;9m▀ [48;2;57;90;9m[38;2;66;85;25m▀[38;2;106;127;130m▀[48;2;90;103;73m[38;2;231;246;251m▀[48;2;191;194;186m[38;2;254;255;255m▀[48;2;243;243;242m[38;2;247;254;254m▀[48;2;254;255;255m[38;2;241;247;252m▀[48;2;252;251;250m[38;2;247;254;254m▀[48;2;131;130;129m[38;2;215;214;215m▀[48;2;154;48;21m[38;2;166;91;37m▀[48;2;208;101;1m[38;2;233;111;1m▀[48;2;147;78;22m[38;2;154;48;21m▀[48;2;91;86;101m[38;2;167;163;162m▀[48;2;145;169;218m[38;2;254;255;255m▀[48;2;234;235;233m▀[48;2;163;155;168m[38;2;247;245;246m▀[48;2;127;150;207m[38;2;161;166;178m▀[48;2;140;181;254m[38;2;133;148;185m▀  [38;2;57;90;9m▀▀[48;2;57;90;9m[38;2;33;57;8m▀[48;2;33;57;8m [38;2;123;140;107m▀[48;2;57;90;9m[38;2;231;231;231m▀[48;2;231;231;231m[38;2;0;0;0m▀[48;2;0;0;0m      [m
[48;2;231;231;231m [48;2;33;57;8m  [48;2;140;181;254m [38;2;57;90;9m▀▀[38;2;66;85;25m▀[38;2;103;109;95m▀[48;2;127;150;207m[38;2;188;190;186m▀[48;2;57;90;9m[38;2;135;142;131m▀[48;2;66;85;25m[38;2;131;160;229m▀[48;2;167;105;50m[38;2;124;120;111m▀[48;2;233;111;1m[38;2;179;62;6m▀[48;2;227;83;1m[38;2;168;111;18m▀[48;2;148;134;107m[38;2;133;148;185m▀[48;2;140;181;254m[38;2;131;160;229m▀[38;2;133;148;185m▀[38;2;127;150;207m▀        [38;2;33;57;8m▀[48;2;57;90;9m▀[48;2;33;57;8m [38;2;231;231;231m▀[48;2;231;231;231m[38;2;0;0;0m▀[48;2;0;0;0m    [m
[48;2;0;0;0m[38;2;231;231;231m▀[38;2;33;57;8m▀▀▀▀▀▀▀▀▀[38;2;48;61;10m▀[38;2;179;62;6m▀[38;2;230;135;1m▀[38;2;227;83;1m▀[38;2;154;48;21m▀[38;2;46;63;30m▀[38;2;33;57;8m▀▀▀▀▀▀▀▀▀▀▀▀▀▀[38;2;123;140;107m▀    [m
